,session_id_hash,query_vector,clicked_skus_hash,product_skus_hash,server_timestamp_epoch_ms
0,a767bddb5055cf566aed80cfe74d24184f99ebe87ea54980f5881b078bc4d8ef,"[-0.07101796567440033, -0.10846999287605286, -0.031290095299482346, -0.00033283664379268885, 0.12350031733512878, 0.026613052934408188, 0.010714022442698479, -0.09750813245773315, -0.044429123401641846, 0.03445512428879738, -0.01170861255377531, -0.01841377466917038, -0.039757706224918365, 0.062657430768013, 0.035274334251880646, 0.0016672479687258601, 0.023326348513364792, 0.004390418529510498, -0.03295891731977463, 0.00017064705025404692, -0.026759061962366104, 0.02829742804169655, 0.04410812631249428, -0.025490496307611465, -0.01919564977288246, 0.014726351015269756, 0.017995163798332214, -0.0850156769156456, -0.013785265386104584, 0.009839506819844246, 0.020717784762382507, 0.0041347164660692215, -0.026348009705543518, 0.013754244893789291, 0.012975923717021942, 0.03631196916103363, -0.02960825152695179, 0.0303658340126276, 0.05031811445951462, -0.013696784153580666, -0.00286410772241652, 0.03849119693040848, -0.0029058754444122314, 0.0022694109939038754, 0.01430675107985735, -0.014660689979791641, -0.003467726055532694, 0.014558234252035618, -0.039601538330316544, 0.0031778113916516304]",,"['ca089db21669aabe32904308205ad3632574fd268e912c0c84ae887960986b68', 'd0b00258f78125b9fcc3e99a54e82af2c304d678dccaac48a3da086ffdde2589', '5c05011d4376242ed29a50d25215abccae158b49bbfb1ff48b1ccd0569cc7688', '20345cab144a88e2e55f8c7278a89065fc7d622d38db7a151cf9ec543efcbbfe', '4d1782dd678f2b68e43c4daca06859fa10171aa06857dc596495de77321ef67a', '66da095ec9e37e7936d131a8a4a5f85eb9cb7ffd1e755d3cb33cdc66fbb8fe94', '30b3adb33261ac4218efd618316d9ab93ce2cc91acd9adb38e1e62776d316db6', '00f18bf14f84b97de5d09e9363802f3f94518ae0164138564c449e5311aab3da', '3603f6ae22b1c744adb512d84f209d9b10bdcd1b1121f1e61ce3970367189c2d', '014d3488e6da05d2d7377f5dab698046517ce6f19cfd02e47bd34b6787e6f2b7', 'eeb0a7e55500a25b0f095c47599f81ad500f0191388feba33eab1186e1d93dab', 'c2c1ce44b352abacefc85225e7ebb44eec0e71cc77401b7c6a31c4909f6695a1', '31bbe1fa6d2fe405b057deab2fb9937319116873e4a9cac8ab70bca5d9538684', '29d8aefbc9610a19be007c7522e34274c176552f40348b97bab65e00bacc6558', 'bef27daabf56a923aad9178f8bb9a609fd593e77f1ff53298e4c77dc57a42ff7', 'abdcee04d22ff3d60610880b84917571ebe50541fea99658bd315ecd6f20c96c', '195bef64389b6c327e6287e0abcd20eda23b8c3a3bc631d583ee0c05a12a542a', 'af297a48c85ee0fb44d384720b7ef012f1af4c1ede14b081d96d45743bd6b770']",1547881117928
1,e0cbc97061f0e3d6ac0225f1aae63ae8e53ad090e572602ffc939b863b611144,"[-0.10249882936477661, 0.02211836911737919, 0.3118746280670166, 0.2630349397659302, 0.04069114848971367, 0.05837276205420494, -0.04499426856637001, 0.03081241063773632, 0.14439207315444946, -0.04655768349766731, 0.11640045046806335, -0.032648857682943344, -0.028003953397274017, -0.04346329718828201, 0.03250010311603546, -0.009467769414186478, -0.015395375899970531, 0.015589835122227669, -0.01868588477373123, -0.0032084290869534016, -0.011785078793764114, -0.026617981493473053, -0.009679019451141357, 2.2251391783356667e-05, 0.06734617054462433, 0.005242072511464357, 0.03633550554513931, -0.020640896633267403, 0.02638133615255356, 0.022541124373674393, 0.05227207392454147, -0.006483395583927631, -0.0038064206019043922, 0.020620357245206833, -0.022126084193587303, 0.0419783890247345, -0.03574515879154205, -0.007252671290189028, 0.016662390902638435, -0.0046640364453196526, -0.0028397529385983944, 0.0026107323355972767, -0.01785830222070217, -0.01112273894250393, 0.01596255972981453, 0.03443240374326706, 0.015232132747769356, 0.01481824554502964, 0.01591460593044758, -0.0050589232705533504]",,,1548704523205
2,bce33e76f0a37e0ffbe4a3855268015cb6d17ff34af7e673e8c789cbeaab7bc9,"[0.024960918352007866, -0.20127509534358978, 0.0163588784635067, 0.06175634264945984, 0.12245547771453857, 0.017263634130358696, 0.030760059133172035, -0.07683257758617401, -0.03220848739147186, 0.09062337875366211, -0.00701115420088172, 0.043266378343105316, -0.02817131206393242, 0.07849597185850143, 0.02125086821615696, 0.005465060006827116, 0.033892080187797546, -0.005076151341199875, -0.002125214319676161, -0.0071006035432219505, -0.017187705263495445, 0.029884526506066322, 0.03155381605029106, -0.042338430881500244, -0.017686884850263596, 0.007040541153401136, 0.032705552875995636, -0.0959804505109787, -0.02310142107307911, 0.01666799932718277, 0.014577982947230339, 0.014379596337676048, -0.023508235812187195, 0.006129073910415173, 0.004202314652502537, 0.04377774894237518, -0.0037558027543127537, 0.028540605679154396, 0.05715379863977432, -0.024554774165153503, -0.005660783499479294, 0.029638610780239105, 0.005151059478521347, 0.011649040505290031, -0.002517432440072298, -0.0026677853893488646, -0.0015558036975562572, 0.006380822043865919, -0.03192487359046936, 0.008206037804484367]",,,1548384553324
3,b63cd03b734ff6840219c62240f0022be6c2fdba8086d23fd097b799009c09ae,"[0.024960918352007866, -0.20127509534358978, 0.0163588784635067, 0.06175634264945984, 0.12245547771453857, 0.017263634130358696, 0.030760059133172035, -0.07683257758617401, -0.03220848739147186, 0.09062337875366211, -0.00701115420088172, 0.043266378343105316, -0.02817131206393242, 0.07849597185850143, 0.02125086821615696, 0.005465060006827116, 0.033892080187797546, -0.005076151341199875, -0.002125214319676161, -0.0071006035432219505, -0.017187705263495445, 0.029884526506066322, 0.03155381605029106, -0.042338430881500244, -0.017686884850263596, 0.007040541153401136, 0.032705552875995636, -0.0959804505109787, -0.02310142107307911, 0.01666799932718277, 0.014577982947230339, 0.014379596337676048, -0.023508235812187195, 0.006129073910415173, 0.004202314652502537, 0.04377774894237518, -0.0037558027543127537, 0.028540605679154396, 0.05715379863977432, -0.024554774165153503, -0.005660783499479294, 0.029638610780239105, 0.005151059478521347, 0.011649040505290031, -0.002517432440072298, -0.0026677853893488646, -0.0015558036975562572, 0.006380822043865919, -0.03192487359046936, 0.008206037804484367]",,,1548349997543
4,2bdd155dce64fb4bd57633549012298ea02646f2b4673e45b720189160fdcbe8,"[0.024574803188443184, 0.012918602675199509, -0.17805156111717224, 0.18840423226356506, 0.19340531527996063, -0.18964722752571106, 0.10955586284399033, -0.07894668728113174, -0.06785949319601059, -0.0463465079665184, 0.006019625812768936, -0.07363742589950562, 0.032448820769786835, 0.08503633737564087, 0.002429058775305748, 0.07711063325405121, -0.06328696757555008, 0.03808555379509926, -0.08347108960151672, -0.05189573019742966, -0.017860079184174538, -0.012744531966745853, -0.0020874785259366035, -0.0298573337495327, 0.015222752466797829, -0.028947394341230392, -0.0184541754424572, -0.0683441162109375, 0.08139567822217941, 0.05308549106121063, 0.02356329746544361, 0.010713065043091774, -0.017763327807188034, -0.0041021499782800674, 0.031727343797683716, 0.021739520132541656, 0.09009527415037155, 0.054354116320610046, -0.03813100606203079, -0.029148008674383163, -0.11494056135416031, 0.037837982177734375, 0.010070258751511574, 0.04284462332725525, -0.013232933357357979, 0.06918340176343918, -0.011534906923770905, -0.04544934630393982, -0.047660138458013535, 0.0006277803331613541]","['4991ea35d9d53dea7d3785c07218967dbb1f61ea30e331bcbdf081af4793e738', '4991ea35d9d53dea7d3785c07218967dbb1f61ea30e331bcbdf081af4793e738', '4991ea35d9d53dea7d3785c07218967dbb1f61ea30e331bcbdf081af4793e738', '4991ea35d9d53dea7d3785c07218967dbb1f61ea30e331bcbdf081af4793e738', '4991ea35d9d53dea7d3785c07218967dbb1f61ea30e331bcbdf081af4793e738', '4991ea35d9d53dea7d3785c07218967dbb1f61ea30e331bcbdf081af4793e738', '4991ea35d9d53dea7d3785c07218967dbb1f61ea30e331bcbdf081af4793e738', '4991ea35d9d53dea7d3785c07218967dbb1f61ea30e331bcbdf081af4793e738', '4991ea35d9d53dea7d3785c07218967dbb1f61ea30e331bcbdf081af4793e738', '4991ea35d9d53dea7d3785c07218967dbb1f61ea30e331bcbdf081af4793e738', '4991ea35d9d53dea7d3785c07218967dbb1f61ea30e331bcbdf081af4793e738', '4991ea35d9d53dea7d3785c07218967dbb1f61ea30e331bcbdf081af4793e738', '4991ea35d9d53dea7d3785c07218967dbb1f61ea30e331bcbdf081af4793e738', '4991ea35d9d53dea7d3785c07218967dbb1f61ea30e331bcbdf081af4793e738', '4991ea35d9d53dea7d3785c07218967dbb1f61ea30e331bcbdf081af4793e738', '4991ea35d9d53dea7d3785c07218967dbb1f61ea30e331bcbdf081af4793e738', '4991ea35d9d53dea7d3785c07218967dbb1f61ea30e331bcbdf081af4793e738', '4991ea35d9d53dea7d3785c07218967dbb1f61ea30e331bcbdf081af4793e738', '4991ea35d9d53dea7d3785c07218967dbb1f61ea30e331bcbdf081af4793e738', '4991ea35d9d53dea7d3785c07218967dbb1f61ea30e331bcbdf081af4793e738', '4991ea35d9d53dea7d3785c07218967dbb1f61ea30e331bcbdf081af4793e738', '4991ea35d9d53dea7d3785c07218967dbb1f61ea30e331bcbdf081af4793e738', '4991ea35d9d53dea7d3785c07218967dbb1f61ea30e331bcbdf081af4793e738', '4991ea35d9d53dea7d3785c07218967dbb1f61ea30e331bcbdf081af4793e738', '4991ea35d9d53dea7d3785c07218967dbb1f61ea30e331bcbdf081af4793e738', '4991ea35d9d53dea7d3785c07218967dbb1f61ea30e331bcbdf081af4793e738', '4991ea35d9d53dea7d3785c07218967dbb1f61ea30e331bcbdf081af4793e738', '4991ea35d9d53dea7d3785c07218967dbb1f61ea30e331bcbdf081af4793e738', '4991ea35d9d53dea7d3785c07218967dbb1f61ea30e331bcbdf081af4793e738', '4991ea35d9d53dea7d3785c07218967dbb1f61ea30e331bcbdf081af4793e738', '4991ea35d9d53dea7d3785c07218967dbb1f61ea30e331bcbdf081af4793e738', '4991ea35d9d53dea7d3785c07218967dbb1f61ea30e331bcbdf081af4793e738', '4991ea35d9d53dea7d3785c07218967dbb1f61ea30e331bcbdf081af4793e738', '4991ea35d9d53dea7d3785c07218967dbb1f61ea30e331bcbdf081af4793e738', '4991ea35d9d53dea7d3785c07218967dbb1f61ea30e331bcbdf081af4793e738', '4991ea35d9d53dea7d3785c07218967dbb1f61ea30e331bcbdf081af4793e738', '4991ea35d9d53dea7d3785c07218967dbb1f61ea30e331bcbdf081af4793e738', '4991ea35d9d53dea7d3785c07218967dbb1f61ea30e331bcbdf081af4793e738', '4991ea35d9d53dea7d3785c07218967dbb1f61ea30e331bcbdf081af4793e738', '4991ea35d9d53dea7d3785c07218967dbb1f61ea30e331bcbdf081af4793e738', '4991ea35d9d53dea7d3785c07218967dbb1f61ea30e331bcbdf081af4793e738', '4991ea35d9d53dea7d3785c07218967dbb1f61ea30e331bcbdf081af4793e738', '4991ea35d9d53dea7d3785c07218967dbb1f61ea30e331bcbdf081af4793e738', '4991ea35d9d53dea7d3785c07218967dbb1f61ea30e331bcbdf081af4793e738', '4991ea35d9d53dea7d3785c07218967dbb1f61ea30e331bcbdf081af4793e738', '4991ea35d9d53dea7d3785c07218967dbb1f61ea30e331bcbdf081af4793e738', '4991ea35d9d53dea7d3785c07218967dbb1f61ea30e331bcbdf081af4793e738', '4991ea35d9d53dea7d3785c07218967dbb1f61ea30e331bcbdf081af4793e738', '4991ea35d9d53dea7d3785c07218967dbb1f61ea30e331bcbdf081af4793e738', '4991ea35d9d53dea7d3785c07218967dbb1f61ea30e331bcbdf081af4793e738', '4991ea35d9d53dea7d3785c07218967dbb1f61ea30e331bcbdf081af4793e738', '4991ea35d9d53dea7d3785c07218967dbb1f61ea30e331bcbdf081af4793e738', '4991ea35d9d53dea7d3785c07218967dbb1f61ea30e331bcbdf081af4793e738', '4991ea35d9d53dea7d3785c07218967dbb1f61ea30e331bcbdf081af4793e738', '4991ea35d9d53dea7d3785c07218967dbb1f61ea30e331bcbdf081af4793e738', '4991ea35d9d53dea7d3785c07218967dbb1f61ea30e331bcbdf081af4793e738']","['4991ea35d9d53dea7d3785c07218967dbb1f61ea30e331bcbdf081af4793e738', 'c237f2336dbc938146dff5549f16bbc6b16d72d24e1ea1e65385c84e362d39ba', '7222c5368da9c490f6477deba99b409b9d84e49298c341322e60086d2a1c1b43', '077cbefebe0fcc940a88d275f347e7116c45ae6fd5faaed211e1b4e4ad781d0a', 'fdd9b47eba2673641bd59348d4e4d1cbc092865f1a27bf06b7b9191c8d52b267']",1548158515729
5,2bdd155dce64fb4bd57633549012298ea02646f2b4673e45b720189160fdcbe8,"[0.022449418902397156, -0.0031727307941764593, -0.16859492659568787, 0.18585899472236633, 0.20164735615253448, -0.18697431683540344, 0.11393393576145172, -0.09048962593078613, -0.067024365067482, -0.023671137169003487, 0.006405854597687721, -0.04882440343499184, 0.010848178528249264, 0.06858997046947479, -0.01026154588907957, 0.07023708522319794, -0.045410141348838806, -0.007201219443231821, -0.06901547312736511, -0.0681217685341835, -0.03076617419719696, -0.019859008491039276, 0.027496885508298874, -0.04542660713195801, -0.001621683593839407, -0.027657300233840942, -0.009934683330357075, -0.053288549184799194, 0.035559285432100296, 0.04791036248207092, 0.07782559096813202, -0.0051209633238613605, 0.009237684309482574, -0.02056065946817398, 0.01400329265743494, 0.024682343006134033, 0.026052800938487053, 0.027100224047899246, -0.05095503106713295, -0.06679745018482208, -0.08608941733837128, 0.02539779618382454, -0.007869530469179153, 0.07437217235565186, -0.06237214058637619, 0.08611468970775604, 0.022888656705617905, -0.0525105819106102, -0.040389079600572586, -0.00545574352145195]",,"['14ce43dd429f7a141376861ed041c52dc54e9a6899a1428a540619d32dc23c29', 'e4965b2ac34b23336091de0dc2f1009703ddddd29a45c5eab1b8e3da2289d405', 'e5b87ba1eddcd41567ca44f319703ddc136a9bfca6129dc5e1996d396f3b3bca', '87351dcfd979ed56d9c356c6a393d7f0688e1825f2191fbeb0907495f348fdec', 'e785dbc3e48a748ae0dade0f268dab18ee0b9771b0bba4c37dfcf32ca1047c4f', 'c717bc128fd925190bb2abf5a025a019b803c003d0bd4ffdc40c2f9d1498ab0d', '99f4680a966999e20ebfc7d5a0a003b055ecd67aa0510605f10e9c7fb47f57c7', 'f07dcf8df8643e8f38082ed168b564692fe6892a2a71456415b0d3cbe95db378', '8a9d25697e46e5894de1dc26a6e7e3f7a9aa3b179a70f4510ef3ccb3ace54c2f', '018087c1a56d4d4cf5cad5845ac039ac9378ef9ed469815c90a3c7db976bdde4', '994fd3cc3420bcc8d0b1a15799f39464fb4f5ada77a113f2247406b66c40dfb2', '48e98aaa8b8f2334fb9f331d997617ef3759e0a89f0cda1206b10d7a38894455', '077d6828b01009a90d3d70875e724897e9a312a4e62851e4c97fb04d9abcef51']",1548158825499
6,f71d8f47fcabeb81401e8028a97ca2ec60442966b7490a232895fee33d677899,"[-0.049549199640750885, -0.2569112479686737, 0.14902053773403168, 0.21965736150741577, 0.057863663882017136, 0.12540847063064575, 0.16399544477462769, -0.019925981760025024, -0.21001198887825012, -0.14775221049785614, -0.11352627724409103, 0.10749645531177521, 0.08370335400104523, 0.10682535171508789, 0.08738142997026443, -0.04697803407907486, -0.1334538757801056, -0.14111503958702087, 0.052500877529382706, 0.01014755293726921, 0.1064203530550003, 0.0893702507019043, -0.16069933772087097, 0.05862940475344658, 0.008126918226480484, 0.015881402418017387, -0.014720756560564041, 0.06996730715036392, 0.06898932158946991, -0.0336192362010479, -0.028476933017373085, 0.006490843370556831, 0.07240947335958481, 0.05319955199956894, 0.08671798557043076, -0.058767035603523254, -0.0250125490128994, 0.002300810534507036, 0.01110394299030304, 0.06499029695987701, -0.017357133328914642, 0.035753034055233, -0.01929761841893196, -0.004610198549926281, 0.041137129068374634, -0.0022716447710990906, -0.039312694221735, -0.06787192821502686, 0.04633374884724617, -0.04721619933843613]",,"['fc923e651d152902de218cec2cfdc95f18fa176e71853c9b8f1565a5b3e8b476', '853623493f703062711df53881db350298a7899494dd88c0fc540e4135e7930a', 'c4a19d22d112dbcb060193bc94a1d28d399d78c5fb7d4fcc82f0e00a36e28ab6', 'fd222b056d5cde0f6e2e8148d439a5dd98cd81eb9ccadc1d83302e582df8faf8']",1548001815398
7,19802029b1d430e2ad26b9f7821ac1008717a8e505141031d196a86d4a87c304,"[-0.09734982252120972, -0.18928183615207672, 0.048885002732276917, -0.06168675422668457, -0.013376694172620773, 0.011569098569452763, -0.003169424831867218, -0.05758790671825409, -0.009069839492440224, 0.007926777005195618, -0.0431959331035614, -0.04864887148141861, -0.0013757385313510895, 0.07364106923341751, 0.023933038115501404, 0.03590372949838638, 0.09383124113082886, -0.04516199603676796, 0.055555008351802826, 0.06912799924612045, 0.09661771357059479, -0.04306110739707947, -0.1020922139286995, -0.08334051072597504, 0.0036904718726873398, 0.036717187613248825, 0.0013288543559610844, 0.020884739235043526, -0.018939267843961716, -0.0324421152472496, 0.03518422320485115, 0.03301994875073433, 0.032406240701675415, -0.027645032852888107, 0.049840569496154785, -0.04543042927980423, 0.03292369842529297, -0.01704736053943634, -0.014737347140908241, 0.053280219435691833, -0.060099683701992035, -0.04241868108510971, 0.02318979986011982, 0.02884976752102375, 0.052862703800201416, 0.016568902879953384, 0.004316327627748251, -0.06091275066137314, -0.0024356842041015625, -0.03869578242301941]",,['85ff635071c020b2647ca9f5614c8935e6ece957548ee6ec55c788204ce8f6f3'],1548083141519
8,f9b44b23c5f7ee7abb93983d9f722019584243d64b0f1711d050f0e6f81a6655,"[-0.08903666585683823, -0.10855034738779068, -0.031649570912122726, 0.02707875519990921, 0.01852216199040413, 0.054761890321969986, -0.04893580824136734, -0.02170015498995781, -0.03946501761674881, -0.11351349949836731, -0.0038675405085086823, -0.010036039166152477, 0.009296473115682602, -0.03286787122488022, 0.06167043745517731, 0.010264985263347626, 0.023616671562194824, 0.033975422382354736, 0.015749342739582062, -0.033039119094610214, 0.02002556622028351, -0.01056196540594101, 0.03235948085784912, 0.038656000047922134, -0.041594602167606354, 0.0060119545087218285, 0.02022499404847622, -0.016951994970440865, -0.041840482503175735, -0.01998300664126873, -0.011752437800168991, -0.0033829794265329838, -0.016892198473215103, -0.09734252840280533, -0.03714156895875931, -0.044312771409749985, 0.022006681188941002, 0.017784908413887024, -0.02664998359978199, 0.0053153373301029205, 0.021159552037715912, -0.036712080240249634, -0.0016881388146430254, 0.019609564915299416, -0.04572950303554535, -0.021056007593870163, 0.03849025070667267, -0.05426884442567825, -0.006422164849936962, -0.011181386187672615]",,"['0626355814b235eee38e4c8fc1ac80fbb150f8741026829c853e455b5de4d413', '9d5da686bb9c0221ebbbf9f58a6831803e60f4f9d312cc2bd6ac49f8fbb37ec2', 'b4a28f880409c1ce5c6a79408341c34602bfc0ff0cf011f8419dc7154baa8834', '3b11266f85d5047d851d45a5814437bc46ffa253738bd584d4a78e0b3c3ef71c', '6bb490a29ef3b53a79a0b6daac1ba8e6ae9c66d676a9ba8abab76b9217d546b9', '269afd254a9101eb0a1592293ff61df051b663b3838f82379302ab0fbc0d8fa2', '35695de2e4103c6c1942fcc24d5ac772f922648ed700d326afbd7e320c945621', 'bc1c5da63704a76a5a42aaf6d7c7cff0df423c920820fd2dde3652d4a32bb8bb', '9286256507647c8593060c72df4b7dcf339061e42b91aa2d54600c3ee6f928ca', 'fd8b5c4b5d66db9ee14babc279db3120a7c18475304312a5b12581597c9b16da', 'd4eb9e911dc828ddd110b3f775ca6601c9b32480521b94ce661c2010db693221', 'ca6dc77352cbfe8f5667975e58fe949ee4df6052f423ab263b8bac581e3d143d', 'b5639aef70acb811000525c5ebcfc2f78860268263a15fd44894f26a0f45b6bd', '343109b2197c1c0a9beacde6a8f85f05fbf1698136cd0f8f9e123e961eae3805', 'e0cd0f7e45b92cd58893eadfea4b543c991a00b9869647af3b359ae9d1221547', 'a6a0a57d097c33646072d1b4b6ae9b4774ce5970f0c92d4caaad01bb07e7bc3a', '055607fa3d9f4023e8f41eff76a3094dbb4c8ba84e2b3a495b15cd0555a27e40']",1548701140228
9,f9b44b23c5f7ee7abb93983d9f722019584243d64b0f1711d050f0e6f81a6655,"[-0.08903666585683823, -0.10855034738779068, -0.031649570912122726, 0.02707875519990921, 0.01852216199040413, 0.054761890321969986, -0.04893580824136734, -0.02170015498995781, -0.03946501761674881, -0.11351349949836731, -0.0038675405085086823, -0.010036039166152477, 0.009296473115682602, -0.03286787122488022, 0.06167043745517731, 0.010264985263347626, 0.023616671562194824, 0.033975422382354736, 0.015749342739582062, -0.033039119094610214, 0.02002556622028351, -0.01056196540594101, 0.03235948085784912, 0.038656000047922134, -0.041594602167606354, 0.0060119545087218285, 0.02022499404847622, -0.016951994970440865, -0.041840482503175735, -0.01998300664126873, -0.011752437800168991, -0.0033829794265329838, -0.016892198473215103, -0.09734252840280533, -0.03714156895875931, -0.044312771409749985, 0.022006681188941002, 0.017784908413887024, -0.02664998359978199, 0.0053153373301029205, 0.021159552037715912, -0.036712080240249634, -0.0016881388146430254, 0.019609564915299416, -0.04572950303554535, -0.021056007593870163, 0.03849025070667267, -0.05426884442567825, -0.006422164849936962, -0.011181386187672615]",,"['0626355814b235eee38e4c8fc1ac80fbb150f8741026829c853e455b5de4d413', '9d5da686bb9c0221ebbbf9f58a6831803e60f4f9d312cc2bd6ac49f8fbb37ec2', 'b4a28f880409c1ce5c6a79408341c34602bfc0ff0cf011f8419dc7154baa8834', '3b11266f85d5047d851d45a5814437bc46ffa253738bd584d4a78e0b3c3ef71c', '6bb490a29ef3b53a79a0b6daac1ba8e6ae9c66d676a9ba8abab76b9217d546b9', '269afd254a9101eb0a1592293ff61df051b663b3838f82379302ab0fbc0d8fa2', '35695de2e4103c6c1942fcc24d5ac772f922648ed700d326afbd7e320c945621', 'bc1c5da63704a76a5a42aaf6d7c7cff0df423c920820fd2dde3652d4a32bb8bb', '9286256507647c8593060c72df4b7dcf339061e42b91aa2d54600c3ee6f928ca', 'fd8b5c4b5d66db9ee14babc279db3120a7c18475304312a5b12581597c9b16da', 'd4eb9e911dc828ddd110b3f775ca6601c9b32480521b94ce661c2010db693221', 'ca6dc77352cbfe8f5667975e58fe949ee4df6052f423ab263b8bac581e3d143d', 'b5639aef70acb811000525c5ebcfc2f78860268263a15fd44894f26a0f45b6bd', '343109b2197c1c0a9beacde6a8f85f05fbf1698136cd0f8f9e123e961eae3805', 'e0cd0f7e45b92cd58893eadfea4b543c991a00b9869647af3b359ae9d1221547', 'a6a0a57d097c33646072d1b4b6ae9b4774ce5970f0c92d4caaad01bb07e7bc3a', '055607fa3d9f4023e8f41eff76a3094dbb4c8ba84e2b3a495b15cd0555a27e40']",1548701140228
10,f9b44b23c5f7ee7abb93983d9f722019584243d64b0f1711d050f0e6f81a6655,"[-0.08903666585683823, -0.10855034738779068, -0.031649570912122726, 0.02707875519990921, 0.01852216199040413, 0.054761890321969986, -0.04893580824136734, -0.02170015498995781, -0.03946501761674881, -0.11351349949836731, -0.0038675405085086823, -0.010036039166152477, 0.009296473115682602, -0.03286787122488022, 0.06167043745517731, 0.010264985263347626, 0.023616671562194824, 0.033975422382354736, 0.015749342739582062, -0.033039119094610214, 0.02002556622028351, -0.01056196540594101, 0.03235948085784912, 0.038656000047922134, -0.041594602167606354, 0.0060119545087218285, 0.02022499404847622, -0.016951994970440865, -0.041840482503175735, -0.01998300664126873, -0.011752437800168991, -0.0033829794265329838, -0.016892198473215103, -0.09734252840280533, -0.03714156895875931, -0.044312771409749985, 0.022006681188941002, 0.017784908413887024, -0.02664998359978199, 0.0053153373301029205, 0.021159552037715912, -0.036712080240249634, -0.0016881388146430254, 0.019609564915299416, -0.04572950303554535, -0.021056007593870163, 0.03849025070667267, -0.05426884442567825, -0.006422164849936962, -0.011181386187672615]",,"['0626355814b235eee38e4c8fc1ac80fbb150f8741026829c853e455b5de4d413', '9d5da686bb9c0221ebbbf9f58a6831803e60f4f9d312cc2bd6ac49f8fbb37ec2', 'b4a28f880409c1ce5c6a79408341c34602bfc0ff0cf011f8419dc7154baa8834', '3b11266f85d5047d851d45a5814437bc46ffa253738bd584d4a78e0b3c3ef71c', '6bb490a29ef3b53a79a0b6daac1ba8e6ae9c66d676a9ba8abab76b9217d546b9', '269afd254a9101eb0a1592293ff61df051b663b3838f82379302ab0fbc0d8fa2', '35695de2e4103c6c1942fcc24d5ac772f922648ed700d326afbd7e320c945621', 'bc1c5da63704a76a5a42aaf6d7c7cff0df423c920820fd2dde3652d4a32bb8bb', '9286256507647c8593060c72df4b7dcf339061e42b91aa2d54600c3ee6f928ca', 'fd8b5c4b5d66db9ee14babc279db3120a7c18475304312a5b12581597c9b16da', 'd4eb9e911dc828ddd110b3f775ca6601c9b32480521b94ce661c2010db693221', 'ca6dc77352cbfe8f5667975e58fe949ee4df6052f423ab263b8bac581e3d143d', 'b5639aef70acb811000525c5ebcfc2f78860268263a15fd44894f26a0f45b6bd', '343109b2197c1c0a9beacde6a8f85f05fbf1698136cd0f8f9e123e961eae3805', 'e0cd0f7e45b92cd58893eadfea4b543c991a00b9869647af3b359ae9d1221547', 'a6a0a57d097c33646072d1b4b6ae9b4774ce5970f0c92d4caaad01bb07e7bc3a', '055607fa3d9f4023e8f41eff76a3094dbb4c8ba84e2b3a495b15cd0555a27e40']",1548701140228
11,f9b44b23c5f7ee7abb93983d9f722019584243d64b0f1711d050f0e6f81a6655,"[-0.09502582252025604, 0.034852318465709686, -0.13777980208396912, 0.08075229078531265, 0.011125119403004646, -0.1717233657836914, 0.03668620437383652, -0.015536574646830559, -0.031755778938531876, -0.02523948810994625, -0.0009969307575374842, -0.010981924831867218, 0.05795177072286606, 0.06314962357282639, 0.0006558652967214584, 0.11556383967399597, 0.003346299985423684, 0.04677098989486694, -0.05942954868078232, 0.07390985637903214, 0.05421324074268341, -0.025148142129182816, 0.03691914677619934, -0.008856205269694328, -0.03558861091732979, 0.06208474934101105, -0.024714704602956772, 0.038841504603624344, 0.024256033822894096, 0.0807420089840889, 0.06774690747261047, 0.11412706971168518, -0.02505173161625862, 0.03409363701939583, -0.04027968645095825, 0.057051122188568115, 0.05990543216466904, -0.012896276079118252, -0.02418883889913559, -0.014288771897554398, 0.06312189251184464, -0.01166067086160183, -0.011862661689519882, -0.0145692378282547, 0.024705415591597557, -0.04727243632078171, 0.12737898528575897, 0.031590886414051056, -0.005428619682788849, -0.09585566818714142]",,"['d1073503a26a4e68cb4623f0f4064e20f898c5331198ce2eb6144df666805638', '34a5c4ab31b1056e6630e15f6670e3404c59f981c2a24de71748b0bda60b359f', 'd129f228ece71fe7cffa351ff4afa11672fa9c2ca5cea5841009b612bbda67c4', '73c282485eeee7d1265cd643266c7b8a48f35c0bb57c5ac230b9e6e7181fa304']",1548701232884
12,f9b44b23c5f7ee7abb93983d9f722019584243d64b0f1711d050f0e6f81a6655,"[-0.09502582252025604, 0.034852318465709686, -0.13777980208396912, 0.08075229078531265, 0.011125119403004646, -0.1717233657836914, 0.03668620437383652, -0.015536574646830559, -0.031755778938531876, -0.02523948810994625, -0.0009969307575374842, -0.010981924831867218, 0.05795177072286606, 0.06314962357282639, 0.0006558652967214584, 0.11556383967399597, 0.003346299985423684, 0.04677098989486694, -0.05942954868078232, 0.07390985637903214, 0.05421324074268341, -0.025148142129182816, 0.03691914677619934, -0.008856205269694328, -0.03558861091732979, 0.06208474934101105, -0.024714704602956772, 0.038841504603624344, 0.024256033822894096, 0.0807420089840889, 0.06774690747261047, 0.11412706971168518, -0.02505173161625862, 0.03409363701939583, -0.04027968645095825, 0.057051122188568115, 0.05990543216466904, -0.012896276079118252, -0.02418883889913559, -0.014288771897554398, 0.06312189251184464, -0.01166067086160183, -0.011862661689519882, -0.0145692378282547, 0.024705415591597557, -0.04727243632078171, 0.12737898528575897, 0.031590886414051056, -0.005428619682788849, -0.09585566818714142]",,"['d1073503a26a4e68cb4623f0f4064e20f898c5331198ce2eb6144df666805638', '34a5c4ab31b1056e6630e15f6670e3404c59f981c2a24de71748b0bda60b359f', 'd129f228ece71fe7cffa351ff4afa11672fa9c2ca5cea5841009b612bbda67c4', '73c282485eeee7d1265cd643266c7b8a48f35c0bb57c5ac230b9e6e7181fa304']",1548701232884
13,f9b44b23c5f7ee7abb93983d9f722019584243d64b0f1711d050f0e6f81a6655,"[-0.09502582252025604, 0.034852318465709686, -0.13777980208396912, 0.08075229078531265, 0.011125119403004646, -0.1717233657836914, 0.03668620437383652, -0.015536574646830559, -0.031755778938531876, -0.02523948810994625, -0.0009969307575374842, -0.010981924831867218, 0.05795177072286606, 0.06314962357282639, 0.0006558652967214584, 0.11556383967399597, 0.003346299985423684, 0.04677098989486694, -0.05942954868078232, 0.07390985637903214, 0.05421324074268341, -0.025148142129182816, 0.03691914677619934, -0.008856205269694328, -0.03558861091732979, 0.06208474934101105, -0.024714704602956772, 0.038841504603624344, 0.024256033822894096, 0.0807420089840889, 0.06774690747261047, 0.11412706971168518, -0.02505173161625862, 0.03409363701939583, -0.04027968645095825, 0.057051122188568115, 0.05990543216466904, -0.012896276079118252, -0.02418883889913559, -0.014288771897554398, 0.06312189251184464, -0.01166067086160183, -0.011862661689519882, -0.0145692378282547, 0.024705415591597557, -0.04727243632078171, 0.12737898528575897, 0.031590886414051056, -0.005428619682788849, -0.09585566818714142]",,"['d1073503a26a4e68cb4623f0f4064e20f898c5331198ce2eb6144df666805638', '34a5c4ab31b1056e6630e15f6670e3404c59f981c2a24de71748b0bda60b359f', 'd129f228ece71fe7cffa351ff4afa11672fa9c2ca5cea5841009b612bbda67c4', '73c282485eeee7d1265cd643266c7b8a48f35c0bb57c5ac230b9e6e7181fa304']",1548701232884
14,f9b44b23c5f7ee7abb93983d9f722019584243d64b0f1711d050f0e6f81a6655,"[0.05355864763259888, -0.1802668571472168, 0.03604336455464363, 0.07811833918094635, 0.22248399257659912, 0.020022179931402206, 0.057167813181877136, -0.08655683696269989, -0.02178926393389702, 0.02047073096036911, 0.04608168452978134, 0.050903573632240295, -0.01815411075949669, -0.05995792895555496, -0.02917054295539856, -0.0012512831017374992, 0.008478578180074692, 0.03951280564069748, 0.039586447179317474, -0.025284714996814728, -0.0033452389761805534, -0.009451297111809254, 0.028545720502734184, -0.021040625870227814, -0.006601244211196899, -0.03787536174058914, -0.019202589988708496, -0.019870709627866745, -0.0026359923649579287, 0.025674156844615936, -0.011310247704386711, -0.006740022450685501, -0.025053590536117554, -0.0032012786250561476, -0.010655208490788937, -0.02494886890053749, -0.006689339876174927, 0.025940071791410446, 0.009609081782400608, -0.0228355061262846, 0.010707411915063858, 0.012971509248018265, 0.011029759421944618, -0.011684047058224678, -0.0014666242059320211, 0.014457644894719124, 0.01371479406952858, 0.01885930821299553, -0.00849974900484085, -0.0031282042618840933]",,,1548702183882
15,f9b44b23c5f7ee7abb93983d9f722019584243d64b0f1711d050f0e6f81a6655,"[0.05355864763259888, -0.1802668571472168, 0.03604336455464363, 0.07811833918094635, 0.22248399257659912, 0.020022179931402206, 0.057167813181877136, -0.08655683696269989, -0.02178926393389702, 0.02047073096036911, 0.04608168452978134, 0.050903573632240295, -0.01815411075949669, -0.05995792895555496, -0.02917054295539856, -0.0012512831017374992, 0.008478578180074692, 0.03951280564069748, 0.039586447179317474, -0.025284714996814728, -0.0033452389761805534, -0.009451297111809254, 0.028545720502734184, -0.021040625870227814, -0.006601244211196899, -0.03787536174058914, -0.019202589988708496, -0.019870709627866745, -0.0026359923649579287, 0.025674156844615936, -0.011310247704386711, -0.006740022450685501, -0.025053590536117554, -0.0032012786250561476, -0.010655208490788937, -0.02494886890053749, -0.006689339876174927, 0.025940071791410446, 0.009609081782400608, -0.0228355061262846, 0.010707411915063858, 0.012971509248018265, 0.011029759421944618, -0.011684047058224678, -0.0014666242059320211, 0.014457644894719124, 0.01371479406952858, 0.01885930821299553, -0.00849974900484085, -0.0031282042618840933]",,,1548702183882
16,f9b44b23c5f7ee7abb93983d9f722019584243d64b0f1711d050f0e6f81a6655,"[0.05355864763259888, -0.1802668571472168, 0.03604336455464363, 0.07811833918094635, 0.22248399257659912, 0.020022179931402206, 0.057167813181877136, -0.08655683696269989, -0.02178926393389702, 0.02047073096036911, 0.04608168452978134, 0.050903573632240295, -0.01815411075949669, -0.05995792895555496, -0.02917054295539856, -0.0012512831017374992, 0.008478578180074692, 0.03951280564069748, 0.039586447179317474, -0.025284714996814728, -0.0033452389761805534, -0.009451297111809254, 0.028545720502734184, -0.021040625870227814, -0.006601244211196899, -0.03787536174058914, -0.019202589988708496, -0.019870709627866745, -0.0026359923649579287, 0.025674156844615936, -0.011310247704386711, -0.006740022450685501, -0.025053590536117554, -0.0032012786250561476, -0.010655208490788937, -0.02494886890053749, -0.006689339876174927, 0.025940071791410446, 0.009609081782400608, -0.0228355061262846, 0.010707411915063858, 0.012971509248018265, 0.011029759421944618, -0.011684047058224678, -0.0014666242059320211, 0.014457644894719124, 0.01371479406952858, 0.01885930821299553, -0.00849974900484085, -0.0031282042618840933]",,,1548702183882
17,3e215f9f3d07ca432920c2a1c2ff8bbd506dccdb996c4a119685b8c6210f7326,"[0.08290126174688339, -0.3155372142791748, 0.10598436743021011, 0.19641241431236267, -0.014260249212384224, 0.069390669465065, -0.012134975753724575, 0.06496815383434296, -0.03158372640609741, -0.1321386992931366, 0.0014310721307992935, 0.06712812185287476, -0.017589446157217026, -0.003879515454173088, 0.11237987875938416, -0.14688263833522797, -0.07838474959135056, 0.058484695851802826, 0.06487421691417694, -0.10628758370876312, 0.02648364193737507, 0.05946093797683716, -0.07334878295660019, 0.0723886638879776, 0.00553501769900322, -0.008781194686889648, 0.0442751869559288, 0.09508275985717773, 0.08130788803100586, -0.011938042938709259, 0.06263471394777298, -0.05057382583618164, 0.06877756118774414, 0.0438016913831234, -0.008909124881029129, 0.06084659695625305, 0.04062468558549881, -0.021166177466511726, -0.04269229248166084, -0.03887249156832695, -0.02674015611410141, -0.0625390112400055, 0.01711566187441349, 0.011717414483428001, 0.017076725140213966, -0.0010123159736394882, 0.0351424515247345, -0.04616083204746246, -0.054872699081897736, -0.025853652507066727]",['9f55d787c48dcc69536c07cb41cf11b28bdd90cd3821562275b8cddb58717594'],"['cffb79eabf6c8e89f7b51b7d79d03ed5586a9311c6117cbcd9d0b218fc188666', '13852af3a3fbfd39738708ba68e6741c3f4ab78cddd71112b259c6e48dcea143', 'aca7ff4e4ca64c58cd77ce4aec84efb86370f8b6d4c037342d785cc804e822b2', '9f55d787c48dcc69536c07cb41cf11b28bdd90cd3821562275b8cddb58717594', 'bb4acc374047fce252069a3429a4a4fe5d5c34aa88acc81a11de9d94764b54d0', '135cca5e50c0dbcfe0e2f2cfcf4de21f54c07d57ae7b73e0d0973e821cf9699f', 'e8bea25a831a4b89f0c50afc42b0c67647ad10ed5b24fcf34cb6d7fdbdd332d9', '393d5eae2af2a16af2eaf06d8a221450b03b6b9a5c655d580aa7be7a4a1cf608', '3f59a2873911c610685cca35d61674215c6a737e53b794b07b997db980b1d3c9', '3a0aaab9a0b9e9378fafef1eab7e90284f2d77ec1553c206b3429d4499299f4c', '8a3c7a8e875ea67621e18e93df0402731d6626b459c1b79b794ed659287a8d93', '8e862931ff81db05d20cf700398edcbaf6d38093234ebf170c574ac0352f3b6d', '4143649bed0123e3e5fa21cdb243630de0530a043f8c9d4fc051245b83914762', 'd79dfc776e2b0e2f19b41f4bf709f662c52e1ba392cc500eb98b681f74e3641f', '8c6d9e5c4e342f05db3316573fb5fd877f00790972e49b37d564057c09b0dd70', 'c74043016c8c6be04c4d2cb69ab7fe2def6a0755b4c74104930dd863f9d2aadf', 'fe53e5fd912286ef6f2931b1b5f6af925d6ba8612b52cf4612f735340f6bdd03', '3db68ed26583319921dd68d83e12301fe721c587aa8493759f8b11d694e38fe5', 'eeed6c407fce279737855fbd1a98e88534bed4c561596263424797c661d4a80a', '004e32d754941ead1104b0d5fda5acbf7a3b290e000722fd4307746462eb99d4', '863eb55c266897e37cf1de935b949d4665d49af3b31e62f7e087193f3ba775ab', 'e7d1b3802d219f6f64b55994ca9168ea67eb4f753665e6e378e418c270be3589', '9da92c1f7aec6c17c4d3acfa8ad4eff03fd12150b506675b6f29d59cb0187298', '62a406b3928072488bd6cfdbc02e9b22d59ebe3e26e0219359e92384c673cb3c', 'e590557c376fa30947415b5c7e245172a6fc74dc6a1f3c8fc83c9768e1654f30']",1549407452147
18,a5006c18c4e7af21a9db1838ac65d8a604f30749d3786b3e1af9429635efdf27,"[-0.051309723407030106, -0.22544020414352417, -0.12739475071430206, -0.03263234719634056, -0.09770406037569046, 0.038813911378383636, 0.057128868997097015, 0.0022524576634168625, 0.0322699099779129, 0.12719935178756714, 0.060459256172180176, 0.07060467451810837, -0.02781081572175026, 0.3163578510284424, 0.386688232421875, -0.2391052544116974, -0.054249346256256104, -0.03317078948020935, -0.05409165471792221, -0.253426730632782, 0.13258539140224457, 0.02914729341864586, -0.03501168638467789, -0.13675463199615479, 0.18341630697250366, -0.10371248424053192, 0.007033418398350477, 0.20607195794582367, 0.06248653680086136, 0.12715943157672882, -0.07441109418869019, 0.10497727245092392, 0.033216655254364014, -0.05674704909324646, -0.05301902815699577, -0.026815984398126602, -0.09088540822267532, -0.05000058561563492, -0.1382918357849121, 0.05913786590099335, 0.015686120837926865, -0.005346543155610561, -0.06401596963405609, -0.05146196484565735, -0.05009286105632782, 0.09288296103477478, 0.10482876002788544, 0.06658491492271423, -0.013009430840611458, 0.09225957095623016]","['e0ccd39b7e6ad8e211283a9bdb9194786c64ef388698f4e7467ae53be1837869', 'e0ccd39b7e6ad8e211283a9bdb9194786c64ef388698f4e7467ae53be1837869', 'e0ccd39b7e6ad8e211283a9bdb9194786c64ef388698f4e7467ae53be1837869']","['1474045e3508b9b1b4986630cc462acf540aef4f057aecf4c034c8913680bd1b', '318992847326362ac62a1d8b15fa2a613b83bd1af0b56199152813fa632f48c1', 'f9732b8c6cba11002a15d3cdf8fed838ccd2ed0dd0f6daace066a6a92ca2b72a', 'b9ca86631c42fc662b12123290ea3b52c8bd0411643a4985bfdeb3f125511d49', '50b3449436727a7e82a46bbae4f3bb4f576c2f86c8c69196b94b47199acae79b', '54ee46d718339bf6d8831c3133c7c1ab68d48e42ff87cfa8b2cf9ac58a60d214', '7a9dfaa237cb1aedfc0fe009b20fe4bfe4d4e7d3188a6b268e18a784dee1003c', 'a1cf87556c337da38d25ed772ace8414fbb449a4135bcdb72b30490c8f0f3d1e', 'cae755380b0d89424a2b10d9fafc7eeb13ab990073ec76679528054090f55495', 'b8e1e8f7ebb525ef936b3e3aaec3ffccc01f9efda56a04427e36c9ce046db1b1', '1e29c7b407ffb687a53b6c09de0b0c1055107fe79c549f90fcdc106b36ee9b83', '2dc49d93a7dee32851999a4e9fde012b7f3132024a8deba96fac3e6d01838e3f', '2bef9fca84d3109202debbeef568e96cfea5ff89c2379f4e7eb3e7bd1c8f6060', '3312e1488e5bb1bf77e3fc7ca70279758147cb70252fe188558ae2e870ebb4b3', 'e30a9a5ea6132448b34e725328b775c6fabac38870810200c3b11b6288764083', 'c23576e26842e1d9223333029e7cfa22ecc56d6d47c7d444fda0cca4bdebee13', '0c51ac495f156edd6139573b920c787600f457e91118c9f5c11eecee1e62efe2', '65a33c07b4e922b7fd19b9128af224dd6d8ac16eb9c83579a4be7f98033ba91d', '913e7fe72c6cde67cd52b645fb76edbfea7c3d91f08fa20fa1403dd9debadc4f', 'c3a04ac1af4d24fd4fd64a85f28d753ff750c4f39086452ec7b855c9fa239485', 'ec6688af54e241bc5ce9b2b93fb0c34b7499ab47623a995dba0fb3665789436c', '3d056170135b74d06b1f459099182f61de07570cbae1e00c8d77b1b14a02e705', '9c0a1f7cabf3529517fc78b3d5fa2606428901d9abbb25c83dd5bdb334706cce', '2ca9f90b91151af0fc494f4797affe99c944eb3876244a2c425eb9f9cbd5f623', 'ad40f86425d19fe507f50ebe53a4565b4890ba2c9e2373f4c80d30b632e1a5ae']",1547741121875
19,ff4525283a309b01d20a748547ea3cc4770bb12644406fad73d63ea530605f23,"[-0.12197017669677734, -0.10150952637195587, -0.009502214379608631, -0.11892881244421005, 0.13546140491962433, -0.03659474849700928, 0.06964123249053955, 0.005192078649997711, 0.020884379744529724, 0.03109736740589142, -0.004616469610482454, 0.013185232877731323, 0.19521422684192657, -0.030315255746245384, -0.026579681783914566, -0.055317141115665436, 0.09832660853862762, -0.008559536188840866, -0.00651310570538044, 0.00101897690910846, 0.010161608457565308, 0.005832962226122618, 0.04449542239308357, -0.018133463338017464, 0.010499972850084305, 0.018262790516018867, 0.010649718344211578, -0.018655061721801758, -0.005391224287450314, 0.03837642818689346, -0.011921959929168224, 0.025700069963932037, 0.020748555660247803, 0.01669282093644142, -0.07230685651302338, -0.005569908767938614, 0.039813220500946045, 0.007519371807575226, 0.017170481383800507, -0.013724138960242271, 0.001776497345417738, 0.019696999341249466, -0.003023800440132618, -0.019581569358706474, -0.005563307553529739, 0.02349977381527424, -0.013791021890938282, 0.015391298569738865, -0.01319810189306736, -0.005444289650768042]","['f8c02189903e94c3aaf55a8b1070b39b00be438feb116f9b59007780032c08d1', 'f8c02189903e94c3aaf55a8b1070b39b00be438feb116f9b59007780032c08d1', '4ccc7bad22f0cc7f3dbe51e9f09a2a6c2788b3f82b38d4d0cda7218bd6164c73', '2becbefc2274ef246db69447a5a6078a052bf2894417f9f931158f6e0ea50b30']","['2a59f96e7bf5fc4882893cea3ec108beb1990c83eef773302c93c996d3b81795', '7fcac6945accc777abfe9ac5cc37581eb3d1fa00a4b6793fefff79437fa0b268', '5cc5dd5c3829ffdb5a9265aca0e56b0cea51aaec2cd1722303e8dde2cc9ba30f', '9278c3a6354e5be423d33e8176ec2dd7dcbafd6ddfe2b4b9c1257fc6e1d4be7c', 'a58b90efef32d499d66eedea670da88a0c705e406ad654c6aca8a5e50b01c2c1', 'b46577a24d0c14be98ac55de6eb4e47fc3a847276235dd3efd9f2fb9c1fa7379', '772aa0fc21ff2b699c31633905794ee870d12e5928020be68a96ee4021d0e3a5', '721f34d6ea38691fa07bc77a61949df6a13a93621a5239579bc6be452af76aa3', '96e090cc643c4680dd1eeefea2c1bc3280c4bd051c49e5bad63d2e3248b23845', '631fbfc71c01848cd4c547749466e8db3775bf4a3d149f3f301648900c6ab90b', '503df27c4ec817a6999b0640037483a5e43342c919952a694d2add3ea344b17b', 'a8341f3ae8d3005d377b0bdbfef2dedc88b77340fa04c67d31535b0aaa615645', '7f544d542b734c238899d92a79c246e1731e6038dceb06b80cfaa905aaecc10b', 'f88aba7eca65ee6c47de1d1350ca4fdce85e63f4da3be6cc1413a5154690de35', 'b48aa607bcdcf3e8825ddde27e3e5bec4409d91644005271a17ee08d9437badb', 'df7ea384d4166dede648addb3ff47d0374974117b084be6960257734c89f3010', 'b093dc116aa37c5d2c394bce19686a9e7190b0a4e85b4d1fdc6f4a1e926c68dc', '3b7fd9ebc1bc38000bec826fec14da1d1dcb33d7f12a234be6a169ea9d80b557', '624b5b6500c86be1e1878a41f62aeeb67cfa77b0ff1e2d7c81e2c21c707e244a', '9bff5f55f9b340b988f4df5ad3476458474996556bfbec6898c7ec8478e03dde', '4dc7836e0b3af966c8e05f3f704bd9e2312630013585909f040dd49a4504ee61', '582652c9d62301a2c72dd82d298a748b1b281320deeabe57dc38f1ed8176dc8c', 'ed9f369914a706af952693624a2dff3c37f11c0b8c51f7ef870f5b82da1208e5', 'b4c5620504bbbd062c588a965c9b41b83460b207c0a64bd03fcebc0876ba565d', '5310d5fc0acfdbfa1faaf2131b32841208ea85addf29f83b35b021a6c29d2c90']",1548809917787
20,ff4525283a309b01d20a748547ea3cc4770bb12644406fad73d63ea530605f23,"[-0.1510700285434723, -0.032389190047979355, -0.04575055465102196, -0.12856633961200714, 0.08760279417037964, -0.028022844344377518, 0.03850339353084564, 0.0025558313354849815, 0.00732949934899807, -0.01630512811243534, 0.009302390739321709, 0.03286774083971977, 0.16940689086914062, -0.030093900859355927, 0.013945984654128551, -0.07275468111038208, 0.06136269122362137, 0.009242121130228043, -0.00028474442660808563, -0.026948943734169006, 0.02872944064438343, 0.013126508332788944, 0.013056683354079723, -0.008279266767203808, 0.012470679357647896, 0.016755200922489166, 0.005716286599636078, 0.008796888403594494, 0.006626101676374674, 0.03905484825372696, -0.0013606417924165726, 0.0014492864720523357, 0.051373742520809174, 0.02343010902404785, -0.0690649002790451, 0.006846002768725157, 0.04208012670278549, -0.0007352661341428757, -0.0009545674547553062, -0.01710566133260727, -0.006739531643688679, 0.007795470766723156, -0.0041641248390078545, -0.016995960846543312, -0.0009137878660112619, 0.027636175975203514, -0.007153256330639124, 0.0001750541850924492, -0.0250050388276577, -0.03266782686114311]",,['d79dfc776e2b0e2f19b41f4bf709f662c52e1ba392cc500eb98b681f74e3641f'],1548810416795
21,ff4525283a309b01d20a748547ea3cc4770bb12644406fad73d63ea530605f23,"[-0.0994894802570343, -0.20706936717033386, 0.07255813479423523, -0.025475073605775833, 0.0026101302355527878, -0.023847434669733047, 0.05223448574542999, -0.07205312699079514, -0.0037545948289334774, -0.023362640291452408, -0.08032335340976715, -0.03941342979669571, 0.0041686841286718845, -0.023083504289388657, 0.003876829519867897, -0.0255759134888649, -0.021120617166161537, 0.004709155298769474, 0.007262193597853184, 0.016014037653803825, -0.026629291474819183, -0.03084634058177471, 0.048397962003946304, 0.05865056440234184, 0.01869143359363079, 0.023152459412813187, -0.026034697890281677, -0.028451140969991684, 0.012480517849326134, -0.030446551740169525, -0.019745010882616043, 0.05687399208545685, -0.0027319956570863724, -0.02628191001713276, -0.01672547683119774, -0.010319185443222523, 0.0006472496315836906, -0.026829468086361885, 0.009164788760244846, 0.016672592610120773, 0.006641053128987551, -0.034530557692050934, -0.084353968501091, -0.045176975429058075, 0.013636637479066849, -0.022685354575514793, -0.001282606739550829, 0.024859249591827393, -0.004672988783568144, 0.06335195153951645]","['5589602aafd42abc5954b84e0d6605e5ad23173c85b7b4c420b89f33b0cf4045', '22d81f0e9b602f3c7e5c8efb3b2fc8dbff9e3e54ab65fe8fa6ce88a84b19540c']","['851dc27d1cb392ca7d400023af163cdf9dedff368f9acd36ca159d03417788d7', 'e1d3972230e25f34e15c6166271aca86a6671ab4d639b7ecd6fd403549f4514e', '3e70f6afa6a90504d1ff0a72fd2fc192e1c0c1ba77e792fbea655154f9611bba', 'edcb6f14da3cf792c5a0f541dd0c04ece81595a74e2b58fe947d8c9c1fa265d2', 'aa478e304b1d70bd1f3dff195685dd92453b2ad9500ae93efcf17971badfeb87', '776176233cde22f2a1c366dff099f089ab57d5eff415214984ea24888d2c604f', '07a5df8192d4ae6d9b7a78f1ea44c6441f5efe5127beb08c3d4130f7098585ad', 'e287335d34ad06618f26da7ad16052eb055ddff197c6ef29115064156dd874b3', '973e14101b79903b0c32c17010037e15e7e8ef5e2282a07a045de67a0701bcc8', '54e46b47b9ea362fd3917d5951cc4559943c1dabfa67c63fbcd71ac8b8c035b1', '7a301268417d6d7188786c51044273cd5ce175ba76f4f53369409dfc9d918e41', '1fb95f52ce59cb25af399c74bb83a0b7d3a47b6cad56e61170f0e52efe2fe599', 'c45d3bde604c45f60021a53e4f8dcda5d4880dedd075fcb33637ea399114756e', 'ada0d2d08ca01aeb91d6842fb682767ea85c30b0a3150ac44dfe18a0c722b0ea', '7caab9a53aa5efd6c33bf1682ce1ed80f88d0723a8ddc11835aab0eecfb21bad', 'fd55d88562beabac28eaccf827323a22fb91fe5e5b88a87eb763e04b867943b7', '5589602aafd42abc5954b84e0d6605e5ad23173c85b7b4c420b89f33b0cf4045', 'd66f27d417e6c4e5d03149e6d03c01487ce95fd9cbc15e8544f1bccb52cc3d49', '4fc7d01c3d34974a64b30be005b8d88bf0bd6f91d7aad7aa2dd3861440a3194c', '1bc4d35c5fda5159c1ecb2254a01f9bfbd6117e316d8494abb49caf4ce115ba8', '431c13d18a1c641b220620a8faeab8b0274d65570a5aa3ff16470d57983d5d2b', '041e7359c9e25a602c8e14b0f3cfd4a083e07390eba1bbfc58f3fbe7fd099da1', '27f5407f942ecf9582cfd2209b8a1f67c653444d10274fa8ca7c573513ae5e9b', 'ea93e77313e21c7ceefc2320fc67252a84f4d7768fac4ca96dbc4b5afc8a3be5', '67eec00f1ab2147a5fecb1e5a4120bfb425f92135f153dfab97ca0f48b892c08']",1548810431270
22,16d8e12858812b4e0bd42a7ab4f6070a16e2d865985d490c4b3d3f9a125ad7e0,"[-0.040141310542821884, -0.3727055788040161, 0.18651509284973145, 0.01589074358344078, -0.08680084347724915, -0.04952220246195793, 0.0411786288022995, 0.015228930860757828, -0.06444843113422394, 0.01434989646077156, -0.09643540531396866, -0.11411669105291367, 0.04343799501657486, 0.032009512186050415, -0.10652915388345718, -0.038756728172302246, 0.05510234087705612, 0.00029617641121149063, 0.1131526306271553, 0.0583859346807003, 0.06474490463733673, 0.023538531735539436, -0.004822198301553726, -0.17694658041000366, 0.08501271903514862, 0.055919941514730453, 0.026342052966356277, 0.07361198216676712, 0.10332687199115753, 0.012977590784430504, 0.045297250151634216, 0.06398974359035492, -0.029539229348301888, -0.04681164771318436, -0.009136924520134926, 0.09429704397916794, 0.06928041577339172, -0.06886261701583862, 0.02334713190793991, -0.0036392826586961746, -0.040795616805553436, 0.018425874412059784, 0.14047762751579285, -0.0021228650584816933, -0.09203893691301346, 0.02919929102063179, 0.08116358518600464, 0.03233567252755165, -0.01163104921579361, -0.044052112847566605]","['0fe13acebcf0a4ed7907f4f33baafbadf01318998b25683e9fac922832c1b132', '0fe13acebcf0a4ed7907f4f33baafbadf01318998b25683e9fac922832c1b132', '0fe13acebcf0a4ed7907f4f33baafbadf01318998b25683e9fac922832c1b132']","['dd3d28e7cd83230a796b9418e46356260521fea11b1a33f61a6d4f695b0c9de4', '4bb2a8823418f6092d5db5b7071fa8f35bc02f9686e91fc3baddd12f8c1a6f81', 'f65f1252af6d17eeadf3c17c3d9775388ba591853172f2c552200587b00ec1d3', 'c78e0ccfc336a3304be2e4a0d1f82580f6f04fbfbdc403941d91252e17e32ca5', '92d87db043aff49b84dbe9d0e973e8a6da60514059db1f9b392f9d20cff97140', 'feefd7663adfb9136b02b3fb9da61eaad41ee4a09b8e80004f138cf912a2da3f', 'a559b8b73df70f5f29638123bdf1b5fa07cd42b9f551fc32b49e0a2efc1e820b', '3ee8bdf3bdd36f7aab0326d36c558326808ce4e89f426999767ce78a0eb07c74', 'fd43ddf66e2b6a8adeef05bbfe5ec23af2aac8977a6cc833eee2bb0deb6118c4', '096a0f7ddd64431a0aa2d3ed1e41cdfe0ef557e2b748f190b05a4b9d738cbcf9', '67604706e133dfc3012020a7cbc3ca991f9f88397306d4baac0ead07765e8d92', 'b289022f340b7983f1728f4e41d5502401e221b7331a7b162df866234b3f305d', 'd2424a0885b0682c402c391380c967e6cf576c08f9e0f35801a5194e75fc7498', 'b6e4b49f1ca6874c9fe5f79d07323bdf6bd719fe5e6eef35a7a952b4c1363acb', 'f28868176a7fa21d5f62fa2449574fc8416fe9ac3327c34ca27005f213910f72', '9c3a65b05d8b5dbf3781cb8f37f90adf50adcfd1cd2dbbf0b3fbc5d742a6bb90', '88cd302b70fc9063f83f89b71a0d72afb9217ea1288b15f2d9bb37f1581bdd8c', '0fe13acebcf0a4ed7907f4f33baafbadf01318998b25683e9fac922832c1b132']",1548637745191
23,9356847fe253c424611edb8d5fe9577be76739910efea3026d034c912d6159c6,"[-0.2177988588809967, 0.12810955941677094, 0.3771103024482727, 0.14623458683490753, -0.05508064106106758, -0.0488225594162941, 0.05084565281867981, -0.04798698052763939, -0.06163208559155464, 0.16138988733291626, -0.07972527295351028, -0.030979573726654053, 0.0019309516064822674, 0.10916702449321747, 0.15540610253810883, -0.05238122493028641, 0.020116068422794342, 0.01499780174344778, -0.03986435383558273, -0.023266209289431572, -0.024923523887991905, 0.062396399676799774, 0.04403996467590332, -0.038146138191223145, -0.05216429382562637, 0.01554611511528492, -0.017550557851791382, -0.024753212928771973, -0.015543468296527863, -0.0027735652402043343, -0.007749328855425119, -0.01930800825357437, -0.04611331224441528, -0.016152312979102135, -0.0026585254818201065, -0.008905061520636082, 0.006441034376621246, 0.01656821370124817, -0.025532159954309464, 0.012986497953534126, 0.016563262790441513, 0.009525083005428314, 0.01790621317923069, 0.025706257671117783, 0.020634522661566734, -0.030231894925236702, -0.01007519755512476, -0.001670186873525381, 0.0094626285135746, 0.005013734567910433]",,"['998fc7a388347818a2dfed2b6bda35c850c243b2398a805eca5e23bfc08db4f4', 'e4ab007af78b7a412eff8602738d480e35244ffef57b581d2f0db39555f6a0aa', '11204f9fa3590bb4e284d51a377f60e153f3a56f592a11128284b95a014ed88c', '2cc05ecbf2bd90ea3ae63cee1024349dce0d53d982b5ab4f1c7f3f184b165234', 'ca089db21669aabe32904308205ad3632574fd268e912c0c84ae887960986b68', 'b5435e4c027b8f808c8f2fbd565323ff3d297dafe38c4a0d24dbbfc588d41f77', 'a19b2b3676c220722b2b892ee9a23fa63e9343181f8b902f9e0836e48eb763de', '4e108b1f42d6f63431d19a1012f56efc8a0dc6a4f9f6d0489899324803a7be31', '48ea6ed566798f598e21c9a52fa3414505c41845b2b6e12f4b3432af6e8855a2', '53c9e987a91276d9306b9a6328f933741fac4604158e03294c7edd61b61b999d', 'd7b4c989162f5c2ba01fe61eaedae8a0fcf7525e2de133279534968a604a8136', '17e0fdc759338ce9b4063fbf587ed552153220956c71b55ba58dee5a0cd742e2', 'f2b4418dadddafd5c538ef0f37001853fe74690689f987fef142ff26722b288b', '3995cf0a0a606f04e1079fdec1cf88798e3706d1b6bf230cf1195bf2414f4078', '920744baab1b72aa10744f4e9917ee1adc17a0d03b50f07fed822b6d94dad113', '12db169815cb93aaeeb1d427d6c0eea62ba4961e43c4026bb21d94f43c548fef', '85940384de59fad9c3d2223f23eb9982e19b4383debbd3f23bb877762728d1d9', 'fe731567e08b298f5d9a4c232e961aec686cb5d171b3dbd40c5396ddab2e748b', 'cbcf7c27bb5d5fb9cbdfef0dc883f503d0ecf25c81da141b16f4297efd6075e9', 'e8f1d2279987ed370c16a507385be038f33f8735a16fafac6716d561b64d5a13', 'c167b75b424cd7a47c907fec7b4edccff33629cbd1cf9d346b0856d170a35973', '179b82df088162286f8aea038beb5f72b863b2e9580204e35a942d0f7d9bf1db', '5165fc8ae07f2de2fd45240198d158a0349b61031465f143ad7133daf93f4411', '44a4f8ac1af570b6f8591828c8956a711ae8dae9e658b3a28b7aaf197295bdd1', '3c5b844e7fcbb0aac9db9175078adab1e0d20eabaa5fdb1f6aad5af73ff7a021']",1548252208649
24,9356847fe253c424611edb8d5fe9577be76739910efea3026d034c912d6159c6,"[-0.12141070514917374, 0.18625572323799133, -0.038183726370334625, -0.02269148826599121, 0.0483640655875206, -0.15260018408298492, -0.02658253349363804, -0.04518302157521248, 0.05408836901187897, -0.11314617097377777, -0.17654384672641754, -0.019197681918740273, 0.013222264125943184, 0.11770738661289215, -0.08926928788423538, -0.01903627999126911, -0.018059901893138885, 0.06845900416374207, 0.016758935526013374, 0.05304620414972305, -0.028638778254389763, -0.054699648171663284, -0.03221113607287407, -0.061531152576208115, 0.021177325397729874, -0.04121880978345871, -0.02534053847193718, -0.0453931987285614, 0.06805989146232605, 0.01386842131614685, -0.018597379326820374, 0.030922574922442436, -0.031289294362068176, 0.09368440508842468, -0.04850208759307861, 0.05520310252904892, 0.05385775864124298, 0.09750843048095703, -0.07269436120986938, 0.00114573840983212, 0.03285442292690277, 0.0019309748895466328, -0.04277746379375458, -0.005484124645590782, 0.05028843879699707, -0.037135470658540726, 0.007198427803814411, 0.04925677180290222, -0.0051421355456113815, -0.03140026703476906]",['047c0bb23f8e388561d83d1768bf7def760aaa55c74cda75ba8e88143967f262'],"['e0d975b30ad94cbb1cd5ca09b70f8fc40bbd65a887a9981085a5fb7248399c31', 'a9dc09fbcd83ff912a99a684470e6e2bc1bff4a8f9cfe4f25df1cbf34d6d71c3', '8dc92aa0e081fdeab00c0974218d455e04441a53e677a794139219e9c62c3e0d', 'ff1c2778ddb99f8a279f0b4bd915b637f655e4c76a8dee1e183c14bc5c8fa4c4', '7bbbe88f554e792fc58e48414cdb7a530e27acd6cefb179107e6f6bb3d4fa804', '64876ecd26a4f40844f336e6175fb6aec2c20df40406f40fd306aa2e69bc97df', '12a9d600ee162a91864ef164edba3a9330b387b086be946d2336fc141435e217', '72703f085be09f6dfb32c7f6400a82e992bb873fad8f328b59b3e87eaeb8f957', '0b90a1098c7b23d246bfd854476a7c5a7cac79f569f84d552949565efe309c7e', 'e9797a2f345f11f368743d7eba6dfe3ef9492f8823a8cd7470728f92b2e7de30', '43c9de17da1fbfa007e4650f62a066975c7c2cd354bb239f8c583fcfb35cb7b1', '60e2bad9b9d0bad2139a956ae4f3f3349ed01154e3f4133d929cc05ffdb22e86', '97c53558d12239d409eeb754c9231e6088e0a7be6f4d6cecf40b2094533f5835', '0b708eb3ceea79c4d5e7235adf13ad3f81aeac1822a483c4494e2d96be7faf5d', '7c3a33ec1a775b4954dc4114cee6c904c58d1d59284be0527814de96cafd6b85', '91832f8397564f281ebcbadf49f2e51aa4e8b2fb65855ae6e538fda13f5d8c76', '1e5ab001ca75a4d05a74be4c47f80535f128dc2d3fc7e46c881123a8f9ecf220', '51d788ea4f51b43967555707c4718df8badd2157220d44c2a766ed77074ac9b5', 'dae855d3d749ebf3f9d6fdfff0e4fe48cafb70d6b9ef12d2c635bc53c3c46f57', '2d752e98e063ccc8fb7e3b51c11e905f6076f0b5f5fddc26bf941ed03e82793e', '047c0bb23f8e388561d83d1768bf7def760aaa55c74cda75ba8e88143967f262', 'a34ae73e6ce19dd1b3fcc537046e059b900c61282c0f89ce967609dce3bddff6', '8e44e3395f9a55166c414655a8a8dfba8d2eff1fcc9055d26c3b7c8085842963', 'bf6cd9d3be58803a7b854f54f7676f05dc8411a8bd1cd1cede646ef46ec04c5b', '08d6ed4b1c98ccc308d71e8db60e3fb9cad0f6aedd6c9742471776239f974cce']",1548252309794
25,9356847fe253c424611edb8d5fe9577be76739910efea3026d034c912d6159c6,"[-0.07183501869440079, 0.16747638583183289, -0.014754549600183964, 0.003369400277733803, 0.06307971477508545, -0.19806522130966187, 0.0018189889378845692, -0.02992108464241028, 0.09517472237348557, -0.08982399106025696, -0.20033428072929382, -0.02838228829205036, 0.004931194707751274, 0.11011000722646713, -0.0669255256652832, -0.0202702134847641, -0.006883027032017708, 0.029893048107624054, -0.005537207238376141, 0.038318827748298645, -0.020493555814027786, -0.05172494798898697, -0.03964303433895111, -0.07288670539855957, 0.0035044560208916664, -0.02399752289056778, -0.039385877549648285, -0.0356680229306221, 0.062666155397892, 0.04021941125392914, -0.04204019531607628, 0.03392356261610985, -0.01855981908738613, 0.0997268334031105, -0.05529080703854561, 0.029474571347236633, 0.06345353275537491, 0.08834227919578552, -0.06364406645298004, 0.01237433310598135, 0.01966450735926628, 0.01719413511455059, -0.04821385443210602, -0.01203975547105074, 0.055769603699445724, -0.033491358160972595, 0.004170386120676994, 0.02982635609805584, 0.004760160110890865, -0.019285179674625397]",,"['97c53558d12239d409eeb754c9231e6088e0a7be6f4d6cecf40b2094533f5835', '0b708eb3ceea79c4d5e7235adf13ad3f81aeac1822a483c4494e2d96be7faf5d', '7c3a33ec1a775b4954dc4114cee6c904c58d1d59284be0527814de96cafd6b85', '91832f8397564f281ebcbadf49f2e51aa4e8b2fb65855ae6e538fda13f5d8c76', '1e5ab001ca75a4d05a74be4c47f80535f128dc2d3fc7e46c881123a8f9ecf220', '51d788ea4f51b43967555707c4718df8badd2157220d44c2a766ed77074ac9b5', 'dae855d3d749ebf3f9d6fdfff0e4fe48cafb70d6b9ef12d2c635bc53c3c46f57', '2d752e98e063ccc8fb7e3b51c11e905f6076f0b5f5fddc26bf941ed03e82793e', 'e0d975b30ad94cbb1cd5ca09b70f8fc40bbd65a887a9981085a5fb7248399c31', 'ae6cf024fd12e85519d1f944493009b9fb019cd6474a4470548f84edf35aeba9', 'ddffc06a2bca4c83bf2c540c31fce29e141e31566ddb8fa30b1948b6064700a6', '77b7c4850e7ddad2ffa81af4379a3ae25d9107902fbd419d8312e0ee4067d70c', '42906e88d4ce24294d2274f7e0b8a4e111955895222467dc976bb4674bfdc1f3', 'cb2fd005729553054b15e8e5151a2ed0627eed4f70457fa93ca5fffa8d7ea971', 'a9dc09fbcd83ff912a99a684470e6e2bc1bff4a8f9cfe4f25df1cbf34d6d71c3', '8dc92aa0e081fdeab00c0974218d455e04441a53e677a794139219e9c62c3e0d', 'ff1c2778ddb99f8a279f0b4bd915b637f655e4c76a8dee1e183c14bc5c8fa4c4', '7bbbe88f554e792fc58e48414cdb7a530e27acd6cefb179107e6f6bb3d4fa804', '64876ecd26a4f40844f336e6175fb6aec2c20df40406f40fd306aa2e69bc97df', '12a9d600ee162a91864ef164edba3a9330b387b086be946d2336fc141435e217', '72703f085be09f6dfb32c7f6400a82e992bb873fad8f328b59b3e87eaeb8f957', '0b90a1098c7b23d246bfd854476a7c5a7cac79f569f84d552949565efe309c7e', 'e9797a2f345f11f368743d7eba6dfe3ef9492f8823a8cd7470728f92b2e7de30', '43c9de17da1fbfa007e4650f62a066975c7c2cd354bb239f8c583fcfb35cb7b1', 'a3501fdaf6d869be27e9e808bd9387c888a8345591581bb6b8e358d9ea426847']",1548252414953
26,f505afa36f4fa29744918661e0dd5f5c595dec7913547e63bb3c41919c06122f,"[0.00867827795445919, -0.3432416021823883, 0.12477976083755493, 0.06864017248153687, 0.012026374228298664, -0.025825437158346176, -0.10025924444198608, -0.05687165632843971, 0.02833334542810917, -0.025876933708786964, -0.039943329989910126, -0.14217638969421387, 0.10904090851545334, -0.03061777725815773, 0.016809683293104172, -0.012132436037063599, -0.042733628302812576, -0.017311668023467064, 0.15037471055984497, 0.010804698802530766, 0.006617031060159206, 0.035349756479263306, 0.0496356301009655, 0.026933293789625168, -0.030925976112484932, -0.015955405309796333, -0.06374063342809677, 0.07045137137174606, 0.01739095151424408, 0.018922584131360054, -0.03605861961841583, 0.022421635687351227, -0.03504455089569092, 0.04762573540210724, 0.0627073347568512, 0.07904240489006042, -0.0016796095296740532, -0.023596616461873055, -0.03556004539132118, 0.010699091479182243, -0.03782730549573898, -0.03717687353491783, -0.03710610046982765, -0.0946383848786354, -0.015803657472133636, -0.019107192754745483, 0.04969441890716553, -0.002556789666414261, -0.033919092267751694, 0.05938597023487091]",,,1547649310151
27,49d018137359332aaab5cad20c493e527c481e468bf6648d7b4f1e007e42d2df,"[-0.04260927811264992, -0.1585657149553299, 0.0018375152722001076, 0.02950781024992466, 0.08208674192428589, 0.04696226492524147, -0.022611558437347412, -0.0802859365940094, 0.0006239470094442368, 0.07956462353467941, 0.0076726991683244705, 0.004184585064649582, -0.10035069286823273, 0.1758859008550644, 0.1356629729270935, -0.046448737382888794, 0.1220158189535141, -0.030561264604330063, 0.033671360462903976, 0.03627993166446686, -0.047215402126312256, 0.024828307330608368, 0.06280426681041718, -0.09058207273483276, -0.044645313173532486, 0.05730288848280907, -0.02728663571178913, -0.09640693664550781, -0.001234303112141788, -0.015511044301092625, 0.06003697216510773, -0.014987088739871979, -0.007023945450782776, -0.019406957551836967, 0.022958097979426384, 0.02088194340467453, -0.011921955272555351, 0.0390346497297287, 0.018653573468327522, -0.018902452662587166, -0.07669740915298462, 0.017860742285847664, -0.02605515345931053, 0.09422944486141205, 0.07384798675775528, 0.02249404415488243, -0.03683316335082054, -0.005943469237536192, 0.03077632188796997, 0.0360412560403347]",,"['881edf6060dd2dbf67b4859205e0a4d6bc93be1766b80fc29d2b51d3118fe280', 'a408830c1e45c15881f741fcce2b13b78c9e90cf1d53128135e8905937c4e609']",1547672985701
28,8ab0084a127d4f58d3c4ed12d8d3570296629f94201dbbc2b6c9581b21d71796,"[-0.15468457341194153, -0.009672697633504868, -0.13978151977062225, 0.09593787789344788, -0.06518042832612991, 0.329186350107193, 0.002380525693297386, -0.07712529599666595, 0.13943614065647125, 0.1363123208284378, -0.14949540793895721, -0.052373506128787994, -0.03699035197496414, 0.1349831372499466, 0.11021102964878082, 0.04317262023687363, 0.09748566150665283, 0.046813707798719406, 0.03526200354099274, 0.062469374388456345, -0.0020368993282318115, -0.04274735599756241, 0.047200094908475876, -0.03129014000296593, 0.026339024305343628, 0.07508258521556854, -0.07063797116279602, -0.07935608178377151, -0.060928698629140854, -0.0034535303711891174, 0.006505799479782581, 0.0014683660119771957, -0.027284957468509674, -0.013948319479823112, 0.0012498609721660614, -0.06600712239742279, 0.04618343338370323, -0.04629885032773018, -0.006883271969854832, -0.0068016680888831615, -0.10017712414264679, -0.03869156539440155, -0.06617997586727142, 0.09466853737831116, 0.051493652164936066, 0.11282448470592499, -0.025285057723522186, -0.038540348410606384, -0.0042121876031160355, 0.028578586876392365]",,"['881edf6060dd2dbf67b4859205e0a4d6bc93be1766b80fc29d2b51d3118fe280', 'a408830c1e45c15881f741fcce2b13b78c9e90cf1d53128135e8905937c4e609']",1547681462204
29,bc01227dbdf94f13109b066edd7c8afc1704fd84d860d14e7c6bee3038d2347b,"[-0.1464909315109253, -0.08464397490024567, -0.11809462308883667, -0.03869520127773285, -0.021226856857538223, 0.05046328529715538, -0.05240858346223831, 0.008020230568945408, 0.05936341732740402, 0.01206975057721138, 0.06008417159318924, -0.021905772387981415, -0.025380218401551247, 0.07683742046356201, -0.09447729587554932, -0.00026800623163580894, 0.02918875589966774, -0.03617613762617111, -0.10542543232440948, 0.07958274334669113, -0.02903551608324051, 0.004149768501520157, -0.12188644707202911, -0.08359748125076294, -0.06020498648285866, -0.020002804696559906, -0.1125149354338646, 0.040505994111299515, 0.02200842835009098, 0.01582150347530842, 0.10222411155700684, 0.06460846215486526, 0.015126698650419712, -0.04027223587036133, 0.05702096223831177, -0.05126278102397919, 0.010903808288276196, 0.012891861610114574, 0.02201887220144272, 0.03117862343788147, -0.0127276461571455, 0.014376217499375343, 0.03284216672182083, 0.11876286566257477, 0.021935954689979553, -0.054694805294275284, -0.13483667373657227, -0.06331823021173477, -0.2242507040500641, 0.016555655747652054]","['ce1424d3642b9daea11320a02ead3c4c919140465b42eefc9442b21ea0e487a0', 'ce1424d3642b9daea11320a02ead3c4c919140465b42eefc9442b21ea0e487a0']","['dd9a9ff89e169f3b6ab37cf96b855e7718312de0ca4b5641af5e1af6a1edb332', '8703b2f3422b6a6ba69aae9984670b129d0229910a1cce153018c96e67da8ed6', '517d7ef15e005aca0a0f59cbed7ede8808a29fd1196214242cac7da3c8a9ae45', 'c21b00e246c7bd5dd3140e49bd785ac27959897958246fc1c6380547d317ded3', '53a8c47d63194831d9c1db5245c61161e7ca912cff9a4871f29f5e6d2490be58', '5223acf7e7569489e895ca24a2926208c8a19c6297ca09f2f551897865439572', '8a382d33dac0eb2f633064091477f17e4d4c8324a0a5dda9d0d1418eb8da4704', '2ce5bedd8918b8f5f48ef326d59262b3b472bd08b8848ff2698588586ad248c1', 'e0e9e866c2e44067e1cffa12656fb8e3179c5ffee82881ffe62f28cb322cc7ed', '453a46b5cd74148fd6250b55874f3ec8e92869d6368cd1849d06043545705484', '6b902d51198040e66d912222a60ed4ea9953f1d243befe54ee2c305cfb408029', 'd556b9ca129c9ae9920e3171cc96ca88a523ec5dc53eabe026c711751dcd1056', 'a678a735764d3797936dfce3d7605050713d386b1bc7e0a93080f5f6b7a94d2b', '728fb44f81818405f906d22af7e9c6124063ee0244e1a1bc7889aa1a0ecf9675', 'ba5ae79fe8853ba43f826dfbdfea506233857e4f92c7e9b49d86f924e6954836', '0440c8fdad4aac58cc582ab3328ab8e078d7704ba3ff5f4bdacf31251e1e3fec', '4bbb3255266eab84571b844e3b6c01508668c4b4509fa8ab51c8adcf3f3a30f7', 'b4fcea6906b0c2c63e934d685ab6f3d44ac28927995898117d7ee961e3581de4', '347a795677f548716c5790e4e10e50596d313cd6efaaa198bd36330c0a3a41e9', '1dbcadb1424b64e3bd23ed4d40dd5406e4a5110849d3139d7f711ec83c5d3588', 'b82dfa38ee355e44d6b917e99262b8da3a5c0aa9354184b614384263fcc1f1ad', 'ce1424d3642b9daea11320a02ead3c4c919140465b42eefc9442b21ea0e487a0', '39d071f765746462556978cbdf384b83a2fd9567505a675a39055dcb501197e5', '0165a717e0172a0646427f51e7de39db6e9807d533d6895fba4d00952cc5d7b3', '4599d3942acd8b9f3c0bb02fe6fa8b6d391526b929535f940ff40908b156ab04']",1549593798128
30,204cc949431b1d06d32260677b10f0910e3f389e6c7f201792d8720340c6f248,"[0.009890998713672161, -0.25232306122779846, 0.1254623532295227, 0.15544071793556213, 0.04044258967041969, 0.05733683705329895, -0.02366563305258751, 0.11130551993846893, 0.056909896433353424, -0.13056020438671112, 0.04726158082485199, 0.05101007595658302, 0.03215301036834717, -0.05988322198390961, 0.05365234613418579, -0.12630291283130646, 0.0672159269452095, 0.04670092463493347, -0.02896975167095661, -0.007648087572306395, -0.02801360748708248, 0.054250381886959076, 0.009237464517354965, 0.015737541019916534, -0.020876822993159294, -0.008736037649214268, -0.10126519203186035, 0.04105254262685776, 0.0750279426574707, -0.012700898572802544, -0.00926910899579525, -0.03001365438103676, -0.048259105533361435, 0.1106785461306572, 0.023961756378412247, 0.004325084388256073, 0.00938168540596962, -0.022074151784181595, 0.003662870731204748, -0.00043756142258644104, 0.028552908450365067, -0.016074541956186295, 0.09235160797834396, 0.023940574377775192, 0.04689539968967438, 0.045934438705444336, 0.05590817332267761, 0.012324005365371704, 0.05295047163963318, 0.058293282985687256]",['96987e902531afb31e9d8fbfe83520706ed24aae63b6adc6963ce7a5e7433a81'],"['045ef9996490129307d2f551411f315500a98f7ba93ac77978441c7a13501064', 'a04f3744b89371edafb46c6622931cb03780aa27f94cbbef2461553a63f44829', '2d0788e5bd3f29377bc89d85b7db72c2f7a80327919cb38c9c48a639c21c027d', '63e8e8944a4fde7b7888d2e40d6f08e219cedc0182e6dafcbdd47f6fe6fa0fff', '5233b40ebc34ea1645c425f0fb49ae129e0d87cc6e6c2fecd9de11ab74ecc4dd', '2fd261a13a8d644b7f46ba631165e81b4aada785e8d6e9293aafb1e692094d48', 'd6392b60c1bc118a06cdb12caacbc45513cd5d9d9d4aef0826c4b9015cf70d1d', '7de5d441b582c3200f419ea635813df320504cd1034c0349a4fe3af7bba90aa6', '41e6db7ac37fe1ff7097011cd67f9cd1db8e6d67a49867b4a80c67f034e49a07', '5da61da19464e0c42d537e6de50b69bd513e688f01c68bbd25f5e1e59310d9a0', 'feed0653e835cb8dd7d2dea1338cc133b5728f107579465b11d07347c4b564a4', '96987e902531afb31e9d8fbfe83520706ed24aae63b6adc6963ce7a5e7433a81', '0c6693c6f24426768b243313ac15231f4fc3c5df3a887e102543ccb76bda492f', '3bbb343bbe38cbf4166685ca5b1adf927247131e3f622fdef1ca9b7f1455c8ca', '9d7289ca4897b02df11507a6d7de9da31f438873ba0557df677d3b5125c020da', '425b85bb8b8d98bf3ff5b774a12c28f07d0c760d1e26ff54c80956433f9f0758', '06fd46b28593bbeab1c8c171a8197b07c6b1b7d6e0617542121d71c864a4d526', 'edb47ec54c7656c41450d06f170a681dc54d873151b3d485c8a48ab04cf54e1d', '00fbf5adc5978fb70c1808e067632eee7a41f80d1aa899ad104f6cfe650591b0', 'b09243932b3a534be9ff28dc1ce1e2a4a98e447ceacf6906e348d7efcfa06df2', 'a33b78a6dff22c730997ec5603607090bf19803f45e61073429b92cd6547276c', '9f15dc48b9213408420b69785c47edd2e0d68921bfaa84366542dffe8c133a7c', 'af9876918576e2371d68125fedaea785351662ebb0c40fb21013f831a5e9b54c', 'b9e35080ca2e2f864c7f99e8c63b74d5c9b7cd244bc2160146da99265388ab90']",1549160797977
31,204cc949431b1d06d32260677b10f0910e3f389e6c7f201792d8720340c6f248,"[0.009890998713672161, -0.25232306122779846, 0.1254623532295227, 0.15544071793556213, 0.04044258967041969, 0.05733683705329895, -0.02366563305258751, 0.11130551993846893, 0.056909896433353424, -0.13056020438671112, 0.04726158082485199, 0.05101007595658302, 0.03215301036834717, -0.05988322198390961, 0.05365234613418579, -0.12630291283130646, 0.0672159269452095, 0.04670092463493347, -0.02896975167095661, -0.007648087572306395, -0.02801360748708248, 0.054250381886959076, 0.009237464517354965, 0.015737541019916534, -0.020876822993159294, -0.008736037649214268, -0.10126519203186035, 0.04105254262685776, 0.0750279426574707, -0.012700898572802544, -0.00926910899579525, -0.03001365438103676, -0.048259105533361435, 0.1106785461306572, 0.023961756378412247, 0.004325084388256073, 0.00938168540596962, -0.022074151784181595, 0.003662870731204748, -0.00043756142258644104, 0.028552908450365067, -0.016074541956186295, 0.09235160797834396, 0.023940574377775192, 0.04689539968967438, 0.045934438705444336, 0.05590817332267761, 0.012324005365371704, 0.05295047163963318, 0.058293282985687256]",['96987e902531afb31e9d8fbfe83520706ed24aae63b6adc6963ce7a5e7433a81'],"['045ef9996490129307d2f551411f315500a98f7ba93ac77978441c7a13501064', 'a04f3744b89371edafb46c6622931cb03780aa27f94cbbef2461553a63f44829', '2d0788e5bd3f29377bc89d85b7db72c2f7a80327919cb38c9c48a639c21c027d', '63e8e8944a4fde7b7888d2e40d6f08e219cedc0182e6dafcbdd47f6fe6fa0fff', '5233b40ebc34ea1645c425f0fb49ae129e0d87cc6e6c2fecd9de11ab74ecc4dd', '2fd261a13a8d644b7f46ba631165e81b4aada785e8d6e9293aafb1e692094d48', 'd6392b60c1bc118a06cdb12caacbc45513cd5d9d9d4aef0826c4b9015cf70d1d', '7de5d441b582c3200f419ea635813df320504cd1034c0349a4fe3af7bba90aa6', '41e6db7ac37fe1ff7097011cd67f9cd1db8e6d67a49867b4a80c67f034e49a07', '5da61da19464e0c42d537e6de50b69bd513e688f01c68bbd25f5e1e59310d9a0', 'feed0653e835cb8dd7d2dea1338cc133b5728f107579465b11d07347c4b564a4', '96987e902531afb31e9d8fbfe83520706ed24aae63b6adc6963ce7a5e7433a81', '0c6693c6f24426768b243313ac15231f4fc3c5df3a887e102543ccb76bda492f', '3bbb343bbe38cbf4166685ca5b1adf927247131e3f622fdef1ca9b7f1455c8ca', '9d7289ca4897b02df11507a6d7de9da31f438873ba0557df677d3b5125c020da', '425b85bb8b8d98bf3ff5b774a12c28f07d0c760d1e26ff54c80956433f9f0758', '06fd46b28593bbeab1c8c171a8197b07c6b1b7d6e0617542121d71c864a4d526', 'edb47ec54c7656c41450d06f170a681dc54d873151b3d485c8a48ab04cf54e1d', '00fbf5adc5978fb70c1808e067632eee7a41f80d1aa899ad104f6cfe650591b0', 'b09243932b3a534be9ff28dc1ce1e2a4a98e447ceacf6906e348d7efcfa06df2', 'a33b78a6dff22c730997ec5603607090bf19803f45e61073429b92cd6547276c', '9f15dc48b9213408420b69785c47edd2e0d68921bfaa84366542dffe8c133a7c', 'af9876918576e2371d68125fedaea785351662ebb0c40fb21013f831a5e9b54c', 'b9e35080ca2e2f864c7f99e8c63b74d5c9b7cd244bc2160146da99265388ab90']",1549160797977
32,204cc949431b1d06d32260677b10f0910e3f389e6c7f201792d8720340c6f248,"[0.009890998713672161, -0.25232306122779846, 0.1254623532295227, 0.15544071793556213, 0.04044258967041969, 0.05733683705329895, -0.02366563305258751, 0.11130551993846893, 0.056909896433353424, -0.13056020438671112, 0.04726158082485199, 0.05101007595658302, 0.03215301036834717, -0.05988322198390961, 0.05365234613418579, -0.12630291283130646, 0.0672159269452095, 0.04670092463493347, -0.02896975167095661, -0.007648087572306395, -0.02801360748708248, 0.054250381886959076, 0.009237464517354965, 0.015737541019916534, -0.020876822993159294, -0.008736037649214268, -0.10126519203186035, 0.04105254262685776, 0.0750279426574707, -0.012700898572802544, -0.00926910899579525, -0.03001365438103676, -0.048259105533361435, 0.1106785461306572, 0.023961756378412247, 0.004325084388256073, 0.00938168540596962, -0.022074151784181595, 0.003662870731204748, -0.00043756142258644104, 0.028552908450365067, -0.016074541956186295, 0.09235160797834396, 0.023940574377775192, 0.04689539968967438, 0.045934438705444336, 0.05590817332267761, 0.012324005365371704, 0.05295047163963318, 0.058293282985687256]",['96987e902531afb31e9d8fbfe83520706ed24aae63b6adc6963ce7a5e7433a81'],"['045ef9996490129307d2f551411f315500a98f7ba93ac77978441c7a13501064', 'a04f3744b89371edafb46c6622931cb03780aa27f94cbbef2461553a63f44829', '2d0788e5bd3f29377bc89d85b7db72c2f7a80327919cb38c9c48a639c21c027d', '63e8e8944a4fde7b7888d2e40d6f08e219cedc0182e6dafcbdd47f6fe6fa0fff', '5233b40ebc34ea1645c425f0fb49ae129e0d87cc6e6c2fecd9de11ab74ecc4dd', '2fd261a13a8d644b7f46ba631165e81b4aada785e8d6e9293aafb1e692094d48', 'd6392b60c1bc118a06cdb12caacbc45513cd5d9d9d4aef0826c4b9015cf70d1d', '7de5d441b582c3200f419ea635813df320504cd1034c0349a4fe3af7bba90aa6', '41e6db7ac37fe1ff7097011cd67f9cd1db8e6d67a49867b4a80c67f034e49a07', '5da61da19464e0c42d537e6de50b69bd513e688f01c68bbd25f5e1e59310d9a0', 'feed0653e835cb8dd7d2dea1338cc133b5728f107579465b11d07347c4b564a4', '96987e902531afb31e9d8fbfe83520706ed24aae63b6adc6963ce7a5e7433a81', '0c6693c6f24426768b243313ac15231f4fc3c5df3a887e102543ccb76bda492f', '3bbb343bbe38cbf4166685ca5b1adf927247131e3f622fdef1ca9b7f1455c8ca', '9d7289ca4897b02df11507a6d7de9da31f438873ba0557df677d3b5125c020da', '425b85bb8b8d98bf3ff5b774a12c28f07d0c760d1e26ff54c80956433f9f0758', '06fd46b28593bbeab1c8c171a8197b07c6b1b7d6e0617542121d71c864a4d526', 'edb47ec54c7656c41450d06f170a681dc54d873151b3d485c8a48ab04cf54e1d', '00fbf5adc5978fb70c1808e067632eee7a41f80d1aa899ad104f6cfe650591b0', 'b09243932b3a534be9ff28dc1ce1e2a4a98e447ceacf6906e348d7efcfa06df2', 'a33b78a6dff22c730997ec5603607090bf19803f45e61073429b92cd6547276c', '9f15dc48b9213408420b69785c47edd2e0d68921bfaa84366542dffe8c133a7c', 'af9876918576e2371d68125fedaea785351662ebb0c40fb21013f831a5e9b54c', 'b9e35080ca2e2f864c7f99e8c63b74d5c9b7cd244bc2160146da99265388ab90']",1549160797977
33,204cc949431b1d06d32260677b10f0910e3f389e6c7f201792d8720340c6f248,"[0.009890998713672161, -0.25232306122779846, 0.1254623532295227, 0.15544071793556213, 0.04044258967041969, 0.05733683705329895, -0.02366563305258751, 0.11130551993846893, 0.056909896433353424, -0.13056020438671112, 0.04726158082485199, 0.05101007595658302, 0.03215301036834717, -0.05988322198390961, 0.05365234613418579, -0.12630291283130646, 0.0672159269452095, 0.04670092463493347, -0.02896975167095661, -0.007648087572306395, -0.02801360748708248, 0.054250381886959076, 0.009237464517354965, 0.015737541019916534, -0.020876822993159294, -0.008736037649214268, -0.10126519203186035, 0.04105254262685776, 0.0750279426574707, -0.012700898572802544, -0.00926910899579525, -0.03001365438103676, -0.048259105533361435, 0.1106785461306572, 0.023961756378412247, 0.004325084388256073, 0.00938168540596962, -0.022074151784181595, 0.003662870731204748, -0.00043756142258644104, 0.028552908450365067, -0.016074541956186295, 0.09235160797834396, 0.023940574377775192, 0.04689539968967438, 0.045934438705444336, 0.05590817332267761, 0.012324005365371704, 0.05295047163963318, 0.058293282985687256]",['96987e902531afb31e9d8fbfe83520706ed24aae63b6adc6963ce7a5e7433a81'],"['045ef9996490129307d2f551411f315500a98f7ba93ac77978441c7a13501064', 'a04f3744b89371edafb46c6622931cb03780aa27f94cbbef2461553a63f44829', '2d0788e5bd3f29377bc89d85b7db72c2f7a80327919cb38c9c48a639c21c027d', '63e8e8944a4fde7b7888d2e40d6f08e219cedc0182e6dafcbdd47f6fe6fa0fff', '5233b40ebc34ea1645c425f0fb49ae129e0d87cc6e6c2fecd9de11ab74ecc4dd', '2fd261a13a8d644b7f46ba631165e81b4aada785e8d6e9293aafb1e692094d48', 'd6392b60c1bc118a06cdb12caacbc45513cd5d9d9d4aef0826c4b9015cf70d1d', '7de5d441b582c3200f419ea635813df320504cd1034c0349a4fe3af7bba90aa6', '41e6db7ac37fe1ff7097011cd67f9cd1db8e6d67a49867b4a80c67f034e49a07', '5da61da19464e0c42d537e6de50b69bd513e688f01c68bbd25f5e1e59310d9a0', 'feed0653e835cb8dd7d2dea1338cc133b5728f107579465b11d07347c4b564a4', '96987e902531afb31e9d8fbfe83520706ed24aae63b6adc6963ce7a5e7433a81', '0c6693c6f24426768b243313ac15231f4fc3c5df3a887e102543ccb76bda492f', '3bbb343bbe38cbf4166685ca5b1adf927247131e3f622fdef1ca9b7f1455c8ca', '9d7289ca4897b02df11507a6d7de9da31f438873ba0557df677d3b5125c020da', '425b85bb8b8d98bf3ff5b774a12c28f07d0c760d1e26ff54c80956433f9f0758', '06fd46b28593bbeab1c8c171a8197b07c6b1b7d6e0617542121d71c864a4d526', 'edb47ec54c7656c41450d06f170a681dc54d873151b3d485c8a48ab04cf54e1d', '00fbf5adc5978fb70c1808e067632eee7a41f80d1aa899ad104f6cfe650591b0', 'b09243932b3a534be9ff28dc1ce1e2a4a98e447ceacf6906e348d7efcfa06df2', 'a33b78a6dff22c730997ec5603607090bf19803f45e61073429b92cd6547276c', '9f15dc48b9213408420b69785c47edd2e0d68921bfaa84366542dffe8c133a7c', 'af9876918576e2371d68125fedaea785351662ebb0c40fb21013f831a5e9b54c', 'b9e35080ca2e2f864c7f99e8c63b74d5c9b7cd244bc2160146da99265388ab90']",1549160797977
34,20699b46484da229f8535b417a50ac331d1dbbc2da0a6ab21841d514d53ce503,"[-0.08880935609340668, -0.26044416427612305, 0.24277621507644653, 0.014472275972366333, -0.1551232635974884, -0.1329394280910492, 0.03651855140924454, -0.01820419728755951, -0.05299695208668709, 0.08291478455066681, 0.014814043417572975, -0.19282272458076477, 0.07378266751766205, -0.01763022504746914, -0.02598799578845501, 0.04053231328725815, -0.045432619750499725, -0.024151645600795746, 0.07501310110092163, -0.030843380838632584, -0.09417428821325302, 0.09312088787555695, 0.15380266308784485, 0.042180515825748444, 0.01779850572347641, -0.054548777639865875, 0.03499677777290344, 0.030460599809885025, -0.08051754534244537, 0.0335344560444355, 0.062523752450943, -0.007191090378910303, -0.04831783473491669, 0.12449078261852264, 0.09862877428531647, 0.02179870381951332, -0.10802416503429413, 0.04442300647497177, -0.017365818843245506, -0.09222322702407837, 0.029476379975676537, -0.12745705246925354, -0.039763253182172775, -0.09281861782073975, -0.01420919131487608, 0.02241913229227066, 0.02369840443134308, 0.010762411169707775, -0.05020489543676376, -0.07235701382160187]",,"['b6dc3e0a47309d26008d2a92195f2012b7d9d9ad5a81aa1fcee7a59329281a4d', 'c00e733a2bd5d6ae2ac93302bccc6dfa6df05e2f4abfb099a2174235bafd708a', '36cc9086e1997d67d941bd163e5b9d6e8c87d7c980a5a326be52a416a20b158e', '90e21307637d8ec4dff9cb93e52d89b86ea11263108c3190cd38e80419bb058e', '44ff9898f88edd5c8c32c5d47fbdac2b53bd8384568aefa609b92393764ad39b', '0f541aa4aefcaa46f8cc9ed62faadd84acefe9c6e57c9ce2a92f08f0d33a9ab3', '4e008f6f03ac14618d0c78d007e1ba6610a8a9213447819823eb2d0efd3e0dd4', 'cf4a040ab510a7b6850faa8d72ea28184e1c370443da14be5c99a7c9858e1053', 'b6b33b7541de9e52e51bb4992d64c07c7ea091d2608aa701d60bc82700fcfd11', 'd617ff5982a403d4067d9992a5f3c92203b84b2895093525352890e5b9e1493c', 'a5b134c2d593e5577c1677ccc3811b127594bbc17768d02a84a936854874476a', '0e097cb5f227b4715ae218cba11bcfb45be93c451d37e7eb3e7a6a20a383b4bc', '7c5935fb478017f90b082869459d4266b94c9cdea20685b791ac42997b70aff2', '34f22c74e0f2e5f64b4ab0522c59a4ab32d739ac114dd492a52ea57dcc9d2039', 'e22b1fc9a9edb5d42dc7811f11f54aa07f660993fd014cfe14ea6bab6957de1e', 'd8471edf96f8fc84a73415ed5e0878489e3cc36faadfa8466cbcaadab23d963e', '8931d1a88f3c8a8b9e1f5597b56990768657de3aa8b0791fb841fc57cd32ded9', '2401ef8d507fb460e7ac0c01a913062b67d9b18fa0e607910aceb31bdb7cb0ab', 'f9c95d4fb4f72fa008051d5858d0542a55b41cabb304c39a83c8d4511bf5f651', '3440428a8b563734727e6c8b33c42a09f10b5a42a371e9fdc821370542ceea20', '1a341bfe5a2aff8fd215c2e5196c027199b913146eeedc59e69616859791db99', 'd7c24a30e45fb6f90f0a210956f2d0a2497594b9bc24c55247d921b60139e87a', 'dd56b6173db6ee17693a859811d4ddb4827ffa7666db4eec70f44d1e9868d148', 'b6bd90748361fb33dff1ce1a8c42e2eaaa2d688cf296cabdfdf454781663bc64', '8c379f401da819d0a17ac2a4a0faaf745b07d099570d6b1f58a38677089788c5']",1548858085881
35,20699b46484da229f8535b417a50ac331d1dbbc2da0a6ab21841d514d53ce503,"[-0.08880935609340668, -0.26044416427612305, 0.24277621507644653, 0.014472275972366333, -0.1551232635974884, -0.1329394280910492, 0.03651855140924454, -0.01820419728755951, -0.05299695208668709, 0.08291478455066681, 0.014814043417572975, -0.19282272458076477, 0.07378266751766205, -0.01763022504746914, -0.02598799578845501, 0.04053231328725815, -0.045432619750499725, -0.024151645600795746, 0.07501310110092163, -0.030843380838632584, -0.09417428821325302, 0.09312088787555695, 0.15380266308784485, 0.042180515825748444, 0.01779850572347641, -0.054548777639865875, 0.03499677777290344, 0.030460599809885025, -0.08051754534244537, 0.0335344560444355, 0.062523752450943, -0.007191090378910303, -0.04831783473491669, 0.12449078261852264, 0.09862877428531647, 0.02179870381951332, -0.10802416503429413, 0.04442300647497177, -0.017365818843245506, -0.09222322702407837, 0.029476379975676537, -0.12745705246925354, -0.039763253182172775, -0.09281861782073975, -0.01420919131487608, 0.02241913229227066, 0.02369840443134308, 0.010762411169707775, -0.05020489543676376, -0.07235701382160187]",,"['b6dc3e0a47309d26008d2a92195f2012b7d9d9ad5a81aa1fcee7a59329281a4d', 'c00e733a2bd5d6ae2ac93302bccc6dfa6df05e2f4abfb099a2174235bafd708a', '36cc9086e1997d67d941bd163e5b9d6e8c87d7c980a5a326be52a416a20b158e', '90e21307637d8ec4dff9cb93e52d89b86ea11263108c3190cd38e80419bb058e', '44ff9898f88edd5c8c32c5d47fbdac2b53bd8384568aefa609b92393764ad39b', '0f541aa4aefcaa46f8cc9ed62faadd84acefe9c6e57c9ce2a92f08f0d33a9ab3', '4e008f6f03ac14618d0c78d007e1ba6610a8a9213447819823eb2d0efd3e0dd4', 'cf4a040ab510a7b6850faa8d72ea28184e1c370443da14be5c99a7c9858e1053', 'b6b33b7541de9e52e51bb4992d64c07c7ea091d2608aa701d60bc82700fcfd11', 'd617ff5982a403d4067d9992a5f3c92203b84b2895093525352890e5b9e1493c', 'a5b134c2d593e5577c1677ccc3811b127594bbc17768d02a84a936854874476a', '0e097cb5f227b4715ae218cba11bcfb45be93c451d37e7eb3e7a6a20a383b4bc', '7c5935fb478017f90b082869459d4266b94c9cdea20685b791ac42997b70aff2', '34f22c74e0f2e5f64b4ab0522c59a4ab32d739ac114dd492a52ea57dcc9d2039', 'e22b1fc9a9edb5d42dc7811f11f54aa07f660993fd014cfe14ea6bab6957de1e', 'd8471edf96f8fc84a73415ed5e0878489e3cc36faadfa8466cbcaadab23d963e', '8931d1a88f3c8a8b9e1f5597b56990768657de3aa8b0791fb841fc57cd32ded9', '2401ef8d507fb460e7ac0c01a913062b67d9b18fa0e607910aceb31bdb7cb0ab', 'f9c95d4fb4f72fa008051d5858d0542a55b41cabb304c39a83c8d4511bf5f651', '3440428a8b563734727e6c8b33c42a09f10b5a42a371e9fdc821370542ceea20', '1a341bfe5a2aff8fd215c2e5196c027199b913146eeedc59e69616859791db99', 'd7c24a30e45fb6f90f0a210956f2d0a2497594b9bc24c55247d921b60139e87a', 'dd56b6173db6ee17693a859811d4ddb4827ffa7666db4eec70f44d1e9868d148', 'b6bd90748361fb33dff1ce1a8c42e2eaaa2d688cf296cabdfdf454781663bc64', '8c379f401da819d0a17ac2a4a0faaf745b07d099570d6b1f58a38677089788c5']",1548858085881
36,20699b46484da229f8535b417a50ac331d1dbbc2da0a6ab21841d514d53ce503,"[-0.08880935609340668, -0.26044416427612305, 0.24277621507644653, 0.014472275972366333, -0.1551232635974884, -0.1329394280910492, 0.03651855140924454, -0.01820419728755951, -0.05299695208668709, 0.08291478455066681, 0.014814043417572975, -0.19282272458076477, 0.07378266751766205, -0.01763022504746914, -0.02598799578845501, 0.04053231328725815, -0.045432619750499725, -0.024151645600795746, 0.07501310110092163, -0.030843380838632584, -0.09417428821325302, 0.09312088787555695, 0.15380266308784485, 0.042180515825748444, 0.01779850572347641, -0.054548777639865875, 0.03499677777290344, 0.030460599809885025, -0.08051754534244537, 0.0335344560444355, 0.062523752450943, -0.007191090378910303, -0.04831783473491669, 0.12449078261852264, 0.09862877428531647, 0.02179870381951332, -0.10802416503429413, 0.04442300647497177, -0.017365818843245506, -0.09222322702407837, 0.029476379975676537, -0.12745705246925354, -0.039763253182172775, -0.09281861782073975, -0.01420919131487608, 0.02241913229227066, 0.02369840443134308, 0.010762411169707775, -0.05020489543676376, -0.07235701382160187]",,"['b6dc3e0a47309d26008d2a92195f2012b7d9d9ad5a81aa1fcee7a59329281a4d', 'c00e733a2bd5d6ae2ac93302bccc6dfa6df05e2f4abfb099a2174235bafd708a', '36cc9086e1997d67d941bd163e5b9d6e8c87d7c980a5a326be52a416a20b158e', '90e21307637d8ec4dff9cb93e52d89b86ea11263108c3190cd38e80419bb058e', '44ff9898f88edd5c8c32c5d47fbdac2b53bd8384568aefa609b92393764ad39b', '0f541aa4aefcaa46f8cc9ed62faadd84acefe9c6e57c9ce2a92f08f0d33a9ab3', '4e008f6f03ac14618d0c78d007e1ba6610a8a9213447819823eb2d0efd3e0dd4', 'cf4a040ab510a7b6850faa8d72ea28184e1c370443da14be5c99a7c9858e1053', 'b6b33b7541de9e52e51bb4992d64c07c7ea091d2608aa701d60bc82700fcfd11', 'd617ff5982a403d4067d9992a5f3c92203b84b2895093525352890e5b9e1493c', 'a5b134c2d593e5577c1677ccc3811b127594bbc17768d02a84a936854874476a', '0e097cb5f227b4715ae218cba11bcfb45be93c451d37e7eb3e7a6a20a383b4bc', '7c5935fb478017f90b082869459d4266b94c9cdea20685b791ac42997b70aff2', '34f22c74e0f2e5f64b4ab0522c59a4ab32d739ac114dd492a52ea57dcc9d2039', 'e22b1fc9a9edb5d42dc7811f11f54aa07f660993fd014cfe14ea6bab6957de1e', 'd8471edf96f8fc84a73415ed5e0878489e3cc36faadfa8466cbcaadab23d963e', '8931d1a88f3c8a8b9e1f5597b56990768657de3aa8b0791fb841fc57cd32ded9', '2401ef8d507fb460e7ac0c01a913062b67d9b18fa0e607910aceb31bdb7cb0ab', 'f9c95d4fb4f72fa008051d5858d0542a55b41cabb304c39a83c8d4511bf5f651', '3440428a8b563734727e6c8b33c42a09f10b5a42a371e9fdc821370542ceea20', '1a341bfe5a2aff8fd215c2e5196c027199b913146eeedc59e69616859791db99', 'd7c24a30e45fb6f90f0a210956f2d0a2497594b9bc24c55247d921b60139e87a', 'dd56b6173db6ee17693a859811d4ddb4827ffa7666db4eec70f44d1e9868d148', 'b6bd90748361fb33dff1ce1a8c42e2eaaa2d688cf296cabdfdf454781663bc64', '8c379f401da819d0a17ac2a4a0faaf745b07d099570d6b1f58a38677089788c5']",1548858085881
37,066131fde5f7c4a988aefccf808bf30e4dcdce86ba269460ccc4f48df40d4830,"[-0.2103395015001297, -0.029614252969622612, 0.04053862392902374, -0.17759813368320465, -0.24147093296051025, -0.03554810583591461, 0.4301060140132904, 0.12763069570064545, 0.025391999632120132, -0.03487881273031235, -0.03660903871059418, 0.13341887295246124, -0.18895915150642395, -0.02361617609858513, -0.09242233633995056, 0.04651406779885292, 0.12469597905874252, 0.09390291571617126, 0.00020210817456245422, -0.021790500730276108, 0.10454078018665314, 0.002564290538430214, -0.03167341277003288, -0.14791256189346313, 0.010663474909961224, 0.10453683137893677, 0.06040467694401741, -0.09329578280448914, 0.06642156839370728, -0.13146695494651794, 0.04849274456501007, 0.03787681460380554, 0.02322622388601303, 0.03716573864221573, 0.018975846469402313, -0.04409307241439819, 0.0031303660944104195, 0.038904715329408646, 0.019242653623223305, 0.028562158346176147, -0.01940034329891205, 0.041913002729415894, -0.03718968853354454, -0.022037100046873093, -0.016586434096097946, 0.06336519122123718, 0.003254113718867302, 0.03568824380636215, 0.05594956874847412, 0.028927156701683998]",['08b0d0fc9d117a90196f003a5d9288edcdfe5ae253aec1c6b2d8a4b3584dea80'],"['c5fd720b8c3a19e55a4fcf1ad22c6885184407313166e6554b83d59b42e37e79', 'fb788e68652a45905b72785a6d18737c9ed4c6134a9c86f3fad9431766efb33f', '08b0d0fc9d117a90196f003a5d9288edcdfe5ae253aec1c6b2d8a4b3584dea80', '83779210da58225c6f4f1945cc4272f5fb2b7294494c10dede47a8c46ffd143e', '90f34d496e188b8f53bfbf4d1a3796e3ce5218ffc4c072cb3345e863cd7e3cc8', '7ce3f6eb3fefabafe5d23324f8da489a9a4409d45455658d7cdba22d62c66212', '930eaf717ebe682230ce3605298022f438371b8cf2b7045320791a8b17b2d94c']",1548193727179
38,49390929a0d826c872c195a9b0b2f0260883890bfce1991eef0654a945b94bf3,"[-0.034809648990631104, 0.0024744663387537003, -0.1019473746418953, 0.15421783924102783, -0.021047990769147873, -0.11330247670412064, 0.05842847377061844, 0.02816038578748703, -0.049971673637628555, 0.013187125325202942, 0.028132272884249687, 0.08484691381454468, 0.02726595848798752, 0.0013761698501184583, 0.005840803496539593, 0.035616569221019745, 0.0066922446712851524, 0.02570599690079689, -0.028276411816477776, 0.05133502930402756, -0.024206239730119705, 0.002863353118300438, 0.057471975684165955, -0.038394637405872345, -0.02395474538207054, -0.033824607729911804, -0.02081737294793129, 0.06983884423971176, -0.027963800355792046, -0.019861945882439613, 0.036830704659223557, -0.09124897420406342, 0.03404859080910683, 0.0243424940854311, 0.01743120327591896, 0.06797338277101517, 0.021220143884420395, -0.03172694519162178, 0.07141995429992676, 0.14832666516304016, -0.01227271743118763, -0.06634737551212311, -0.07917608320713043, -0.014154483564198017, -0.017905524000525475, -0.051775768399238586, 0.0462275967001915, 0.062396399676799774, -0.032458093017339706, 0.03419128432869911]",,"['72b1c4a281faae49e1fd1fea060dd7fea59a25a1e9c37225bd77563d54614b2e', 'c915e00e3793e16236529668995177ea21e3e5a67c96f68e7bffb422d1d0fb23', '94be261c66a9e8bc28e2e95821cb644f3cf477d1ebe9c89dcdd5dba8051d8783', '27efbe3a395e5ce62379f337eb902426c3e0dd0c4213e7ddead9b0216c3a1d1a', '9777f2a9f4237ab5cec8b02692f3f7a89f115449a677cc0cae3b83df6dfcbb8d', 'f441db63cc8d27293dec70274083c3447849689aeb0f34ac61d1dd7e1fa029ae', '6770089741b1c5af843f7a2ff3479d057e2be22dc70921600f2a75c9e340bbed', 'dfebec76c909db94cef42679b992794eb4b6e5f3dbf083d46ebab2400fd85bfd', '30c338b0aa2bba60c8c18dc85ac3c15cd88d56811ed4b593c7468c077906a706', '62140e82d1e3fa82462bcb2474fa60b7ada4662e2019a09cbabfddaae7048047', '38e301b429c0083d058824fa9462c7719b3365a46aa2ede406c578cbc894439f', 'eb397edabf9f84046c2a0d498f20e60d8b2a1b701f2baaa58e54cd87a3760c8b', '411d6e2d3281764c79855366155481825986a40dcfaf37b355d79f1a4a107fcb', 'e6b171f959eb91bda5ad1e32acf2d6eaf12f9db23f86c2fbae0f73aa4d900b7b', '80f3b0a40fc78daf69b1905336a01faa9e435e40bb0fea81595f1fb6c4406538', '73d7b7331d067b52b35e7729c2759a6037c6a1088cb2d4024ec82578e9bd6a4f', 'b241c15635b2241dcaadd2d762e997e31d5aa6d4e737745bdbffe8db0fd09978']",1548095849562
39,49390929a0d826c872c195a9b0b2f0260883890bfce1991eef0654a945b94bf3,"[-0.25038230419158936, 0.06300616264343262, -0.030336182564496994, -0.05432199686765671, -0.06692759692668915, 0.08202725648880005, 0.16182854771614075, -0.05447991192340851, -0.1355101764202118, -0.05986414849758148, 0.0025890078395605087, 0.04951180890202522, -0.0019479235634207726, 0.032677169889211655, 0.013630394823849201, -0.0001339893788099289, -0.10983574390411377, -0.06537603586912155, 0.07095462828874588, -0.020944487303495407, 0.07223109900951385, 0.01284250058233738, -0.16011512279510498, -0.010831998661160469, -0.016470110043883324, 0.003721877932548523, 0.01545622292906046, 0.04620121046900749, 0.008397632278501987, 0.015043932944536209, -0.01362553983926773, 0.0009685326367616653, 0.04851583018898964, 0.006805389653891325, 0.05463642627000809, 0.02842595800757408, -0.037685684859752655, -0.012949831783771515, 0.01713741570711136, 0.019061602652072906, -0.05037824809551239, 0.042467545717954636, -0.03778770938515663, -0.020520560443401337, -0.009248796850442886, 0.018263472244143486, -0.08105979859828949, 0.07254120707511902, -0.03777433559298515, -0.1126091331243515]",,"['21513b126b1bcd83bdf829b28896bf24315be884d0c5166b52aeceaec571ff53', '52734d287e15ce450c1f1e1c3d6ceb26a7d36b1c54d2e936c3aca2ade9e14c82', '7da217bc507d3429530d51866c4851f226663a4d0b72404905c78023ceab5f00', '3f39c5d904f27befdd7b803bbb73e8da1a3528c0b4a167b105bc9ab1ce7fdd8e', 'e085d5bfc700d914fcc85e4f7173a607a01dabd4df6d2f01557830f0b8aaeef9', '38c86cfe51634c3c27480b174363bfb24a5f05c7dadf7511da79f5925aec19bc', '530018451a054804927598aefeed8b66fbea81257dfc83b805657dd72471e9eb', 'cd15daf9e6ebfddbf88e28bd9e5d0a50fa6a4e9f83a3065e6c2fd98fd78d50e7', '1b70745cc10381878d9180bd5a14e9159a91d77142fee3be14cae89a8ab203ab', '0eb5906c21aba811868c8d5dba30bcc657e342980d147ad300541603a39dc6e3', '9a098181126fa2dfdd6cb6cc41c24d8d9db494b45a2b851ef9c6ada0b29fb2a0', 'f6afe628b9db1a0cd5b45d6e83d577287053e0c25a61407fbb16737ca452328b', 'a758f2d6bd0df5b15e4fe2936741661348252d8cfdf0c796f7033be39a89c4cc', 'e5eb6b6c7332edb48f404971d44bf85955dbf33f5d110815d12f936de39f50fe', 'f67a8118bcc82ed2948bc54bcb5f4811d961543e6a81fc7881193f4fc3027bf7', 'a0403af2572bf8ebbcc0bd541168a36562905d0f6c189f291049e2a9ead1a81a', '56aa70a962324f4a8a1b34ec5bc2fe5e9862ea4e141bf96cfb0c73060f1fe78d', '64a3278b0208b7de2d202ebf5e456005494792f7430b90408b4bf724ef94d052', '40ee3f364f707ad59bf4140d30e59cefaf544572b2825e4ff9a60fa64ae82c6e', 'c02c886c9ed5b1090854e8c950a5ded540bbb5ae6578efeb5ddbcbbc27cb4355', '8ffe8b07e58f802fef5e7ac5e9a6d4e0960d82a6126114969f21c34df29fd656', '81225cc12e46044b418aad8c31decbf7bb684713921e0cb3b452652eff6b0155', '00405a5c5a1d6b40ed2963d4785a048e8832763bd0026ca63a56ed861611ab00', '45d53aeab9405544e718224310782c670efcc72f7fbc1225eb8235630eed5719', '908bcfd9542249e6fe1ee84ebd8cf0a2c91ff4b0ae80d66527143e88b43cff54']",1548095915408
40,49390929a0d826c872c195a9b0b2f0260883890bfce1991eef0654a945b94bf3,"[-0.19696392118930817, -0.03496114909648895, -0.01082657091319561, 0.011447626166045666, -0.01979944482445717, 0.07029681652784348, 0.09305249899625778, -0.07898330688476562, -0.06440942734479904, -0.05139772593975067, -0.036954477429389954, 0.010202575474977493, 0.00491073913872242, 0.03819306939840317, 0.052020907402038574, -0.02544790878891945, -0.0614294558763504, -0.020122848451137543, 0.0068816752173006535, -0.03624895215034485, 0.09194377809762955, -0.00665301363915205, -0.14312702417373657, -0.04376394301652908, -0.013503586873412132, 0.025433480739593506, 0.06043544411659241, 0.027335654944181442, -0.009072844870388508, -0.0017184540629386902, -0.031501270830631256, 0.0175445806235075, 0.06202495098114014, 0.02032657340168953, 0.026983994990587234, 0.022441517561674118, -0.008576769381761551, -0.009517665021121502, -0.01272574346512556, 0.009748230688273907, -0.027918005362153053, 0.03223240002989769, -0.05610804632306099, -0.01574433594942093, -0.01671646721661091, -0.012823916040360928, -0.04382069408893585, 0.034676022827625275, -0.0175127312541008, -0.05954855680465698]",,"['52734d287e15ce450c1f1e1c3d6ceb26a7d36b1c54d2e936c3aca2ade9e14c82', '7da217bc507d3429530d51866c4851f226663a4d0b72404905c78023ceab5f00', '3f39c5d904f27befdd7b803bbb73e8da1a3528c0b4a167b105bc9ab1ce7fdd8e', '21513b126b1bcd83bdf829b28896bf24315be884d0c5166b52aeceaec571ff53']",1548097763973
41,49390929a0d826c872c195a9b0b2f0260883890bfce1991eef0654a945b94bf3,"[-0.06033962219953537, 0.10400079190731049, -0.16058281064033508, 0.12203189730644226, 0.05828295648097992, -0.05437031015753746, 0.10474421083927155, -0.03857197239995003, -0.07293617725372314, -0.06647222489118576, 0.01444193348288536, -0.06390037387609482, 0.007201557047665119, 0.011035991832613945, 0.015164637006819248, 0.023559976369142532, -0.02649749256670475, 0.019708337262272835, -0.017704762518405914, -0.012060727924108505, 0.016242999583482742, -0.035129304975271225, -0.015283418819308281, -0.013361291028559208, -0.04813152924180031, -0.0029480988159775734, 0.02874790132045746, 0.0602974072098732, 0.05009624361991882, 0.038825541734695435, 0.02842235565185547, -0.02178843691945076, 0.036101486533880234, 0.001783081330358982, 0.04963536560535431, 0.05020894855260849, 0.008279955014586449, -0.055257849395275116, 0.013379015028476715, 0.0942981094121933, -0.000957900658249855, -0.014482220634818077, -0.009063719771802425, -0.043359652161598206, -0.006550540216267109, -0.04007813706994057, -0.13630861043930054, 0.03783760219812393, -0.021307427436113358, -0.007510017603635788]",,"['21513b126b1bcd83bdf829b28896bf24315be884d0c5166b52aeceaec571ff53', '52734d287e15ce450c1f1e1c3d6ceb26a7d36b1c54d2e936c3aca2ade9e14c82', '7da217bc507d3429530d51866c4851f226663a4d0b72404905c78023ceab5f00', '3f39c5d904f27befdd7b803bbb73e8da1a3528c0b4a167b105bc9ab1ce7fdd8e', 'e085d5bfc700d914fcc85e4f7173a607a01dabd4df6d2f01557830f0b8aaeef9', '38c86cfe51634c3c27480b174363bfb24a5f05c7dadf7511da79f5925aec19bc', '530018451a054804927598aefeed8b66fbea81257dfc83b805657dd72471e9eb', 'cd15daf9e6ebfddbf88e28bd9e5d0a50fa6a4e9f83a3065e6c2fd98fd78d50e7', '1b70745cc10381878d9180bd5a14e9159a91d77142fee3be14cae89a8ab203ab', '0eb5906c21aba811868c8d5dba30bcc657e342980d147ad300541603a39dc6e3', '9a098181126fa2dfdd6cb6cc41c24d8d9db494b45a2b851ef9c6ada0b29fb2a0', 'f6afe628b9db1a0cd5b45d6e83d577287053e0c25a61407fbb16737ca452328b', 'a758f2d6bd0df5b15e4fe2936741661348252d8cfdf0c796f7033be39a89c4cc', 'e5eb6b6c7332edb48f404971d44bf85955dbf33f5d110815d12f936de39f50fe', 'f67a8118bcc82ed2948bc54bcb5f4811d961543e6a81fc7881193f4fc3027bf7', 'a0403af2572bf8ebbcc0bd541168a36562905d0f6c189f291049e2a9ead1a81a', '56aa70a962324f4a8a1b34ec5bc2fe5e9862ea4e141bf96cfb0c73060f1fe78d', '64a3278b0208b7de2d202ebf5e456005494792f7430b90408b4bf724ef94d052', '8b632fb2436d8ef37baf3c6b7ebd4532be6953fb889662a157d072a1f4f322d2', '04bb21a3f15a65414f5c81177b2c0c09e2e50918ec57c158a255f080e0794937', '6f9271edb7c1a65fdbdd657567fca145bbe8eb68ead0b9b8b9c11ea1aec88bbc', '30fa27f1bd2065f0eac7addec6754cc5c58c951e7d3d78abe8e78183ca998e89', '40ee3f364f707ad59bf4140d30e59cefaf544572b2825e4ff9a60fa64ae82c6e', 'd9cc076ba44da7883a0c9e66678b028444d1afe05746d9a3d31f7925b4f874c4', '6ae47e46975b1273ebe67a9fdaa31955f1b0a77e495263884a4b608acf2c9675']",1548097773437
42,49390929a0d826c872c195a9b0b2f0260883890bfce1991eef0654a945b94bf3,"[-0.12575167417526245, -0.1266309916973114, 0.024459242820739746, -0.13113978505134583, -0.10035800188779831, -0.08564231544733047, 0.019556984305381775, -0.05554112046957016, 0.07297252118587494, 0.010173538699746132, 0.01101665198802948, -0.02984558418393135, 0.15005728602409363, -0.0883164256811142, 0.06508149951696396, 0.020684469491243362, 0.016389818862080574, 0.02554940991103649, 0.016611536964774132, 0.017690593376755714, -0.043863434344530106, 0.008454801514744759, 0.021807707846164703, -0.06969745457172394, -0.014451488852500916, 0.0015992987900972366, 0.02027050033211708, 0.0042607602663338184, 0.0035136458463966846, 0.04883287101984024, -0.005624975077807903, -0.020284462720155716, 0.01767667382955551, 0.01661927066743374, -0.05563577264547348, -0.002848234958946705, 0.019273577257990837, 0.043743930757045746, -0.009368478320538998, -0.04976525902748108, -0.019886160269379616, 0.03529604151844978, -0.026879986748099327, -0.051069945096969604, -0.04629669710993767, 0.016835873946547508, -0.03306903690099716, 0.013713238760828972, -0.03633607178926468, -0.02886408381164074]",,"['de9d94de688ac8daf111e04c85ad79f9b32e5f18add70e1476186ce644c55f39', '6827d9bb0140b81865fbb71160fe85275b2c27d6cde0307c71c1b233649b7fb7', '3baf45e7c0c8186d496e56bf71abf7dc46b0b9235a4bef0613a3e40b9e8421e6', '91d3d25ee2beb6318bc465355cebf95517298cdde36b84bb978d83935e9c994b', '464e3f926b2a85159c8250a2d215201e232ccd13255b72e3a33bf2330725e18b', 'ae1f96fe62a533307edf147c5bea444507c7e3a5c31db54e29ec749709a62ccb', '4b8d161f99fbe233d586d9ced164c6f8656d6db4c534ca5968877c705b6a1db5', '703772b9c6d626e58fd1aa5e40e279fe248ed0c08e9a2552e9a259879f75b56e', 'd7926784620222d12219c7d5ebbea70027d847c95fc6d1cf518d69161d384e83', 'ce4ed9c86594603daa345bcc111f6cfce1e39ad371a9ae1c3bb7748adee2d160', 'd44365ea003c4262b580aa7eef472727a6da0d9544136044787aed24f4575ec1', '4e5d578183818a2b401ccca6c6d1375d348b8c5a5450630c37062c036733cb26', '5abd019342389982e417b8a2746ef9b0eacef458a5764486b066002d71a84a99', '93d901533ea48510c8e51f72de5981bbe67ca0ce30f91b034a5134bd041b43a6', '8894fe52fb2c1c7bdfd0d7357c6a8df5f90418056bf893f3c17d761e9e77e510', 'fc60a2ea912b0fecfef28a509ec03d9b70fb54ce52fe85496157d7b5b3e41755', 'fe83f98d6d8d3c6af2d591112c2d2e9b694ac01e02d82dde929067e6e54cf82b', 'ef04eee8d3b4333f5d2a8e85db4edefedd19fa9ba53ecca9d2eed6b805ae8f8d', 'd74c661c5adf6c4d714ca6cfb3b8ea1eaddb314cf40c3d133a789803e1e0e7a2', '047832dc97e26fd0504e47f472b7a1f5c8113bea78ea10bdfab7635fccac3e39', '422117c5afa3d858386698949b2a7aa773dc4feb061513bbb841ccf3e27ade2b', '3785e32b2760ff5f4dc758fb2a558e68e9e0d2257baffff28e6ff871bc4cfe7c', '252e91e069e530c62af3e30a5d85113b76cbfd4063d2a60c752650c562a344fd', '34183cf588ec41e5263076a68217cffcf94047fd47002c77643e3a0e830acfbf', 'fee4f2ab3ff2ec7848d4101b7ab8061e2c058e630e3c2fcd36690cbf94277548']",1548097972763
43,49390929a0d826c872c195a9b0b2f0260883890bfce1991eef0654a945b94bf3,"[-0.17672955989837646, -0.11025610566139221, 0.041967980563640594, -0.10284063965082169, -0.15280386805534363, 0.01335224974900484, 0.10574070364236832, -0.03160205855965614, 0.00936131365597248, -0.07200311124324799, -0.032802727073431015, 0.008821955882012844, 0.14488685131072998, -0.050345465540885925, 0.06253481656312943, 0.0710897296667099, -0.012578609399497509, -0.026451777666807175, 0.029379952698946, 0.035102955996990204, -0.04041535407304764, 0.038908183574676514, -0.003007743041962385, -0.07378483563661575, -0.030266620218753815, 0.008836520835757256, 0.02111663855612278, -0.005069310776889324, -0.0016834372654557228, 0.035132475197315216, -0.038140203803777695, -0.005039766430854797, 0.040634263306856155, 0.030486905947327614, -0.02254180796444416, -0.009149746038019657, 0.0010742414742708206, 0.05761603266000748, -0.009457552805542946, 0.005278138443827629, -0.0025101313367486, 0.05095399171113968, -0.016801107674837112, -0.04090295732021332, -0.05316062271595001, 0.041992444545030594, -0.031418077647686005, 0.010502838529646397, -0.03605852276086807, -0.06702761352062225]",,"['b41db9ccd8499ef6783972206fc2495e93029be63cd8b565b1ed0de1c9b997bc', '3dda710f57bb954206f1ff0da1a5465582cbf0d3c7c89a255415741deb995060', '83faf78c1dc5d7bb3125decf738d68979e53a12c5cb10b7a6329d4b283cc4925', 'd66e172483140a81e85acc7334a349d7f2c05c04813cc444226ec434538030a0', 'c8f98d2f3e56ab81d3bad6b863f887ac6015011612ac0de010a1e63e9e8bd31d', 'aad542c0b98e616e08d23cc28ad8f29ab0677068b020bef173c6978d4c00b75b', 'dc7a6f45d983d08f8b71afe893a38212fbbdbcde30d467b8298ba4c979ed3e32', '1d3b6061fa4665ca45c9a2acb1928bc49fdbcec66943710543e6a5ce9544edf5', 'baec6ede28f91dbd54ec2d36a2402ce93e1d779f52c2edde044fc9c891806b37', '4272cf5b5439526b6686bd5dbb4fa7ff7c2640b51df917b71ad30373fea7ec69', 'c7e4eaee12f3ff42fb628d1f54e61ab4b15fb2550d82fdf2f5f4e1db5b829937', '1ca1987fc2aa7fa37a80f3bf60bf1b6efb615bde282eca93f042e1f7e4fd524e', '0a72db5757415f97e9b99de95fdee214118e8d47de6b13a07dc2b2b6c751092a', '0dd6807cea5cbc7b2185b01867d08810ef9594069e7396151782009c570539f7', '75c9c0ac46aaa670455b6bfb9136914d2bc9b62a227a741347dd6ebcf42e2776', 'f92ef7b7a57e07194ecfc5be785d7fa496e1f41402486d0af2830e367043c123', '435711e8955d3c2bfed9c368247b5e8ef0a32fc39ace45b73dfb4ba6540ae80f', '6ab342ca6ef253af40e34ab58d661e129d3df5249a4ed55d0226f7750d7bdce8', '8be3a00422cd4d33678ef157ffb13f930dcc059a7a919921e4973840375296dc', 'a6f889712b8edd1ddd095e3e297c79d4212ee51224229763763fd391e00786ec', '8d7a7a0ac3b472c42643436987ce5f4bcbfae9096a76462dfda68406d3d9d644', '148722c855437105a948921cc4d1a26d7f82c147e76d13bb370a7d0f750a2990', '5a4178a7bc909ca0d803e4ed7c623d15fe41fc04e1208eb893e7c18553acd0e3', '0e2cdf7fbfbd3764c9669c47c6cc78c70bfdbbb35be3b0c045d698ef9c3bb799', '159001fccc26a6b32141ba1fb27aa2c3716adcea031be78f2356a70ee72a5b58']",1548098040060
44,76324cdff15d17e2c11c7efee2ae466b423738e7b213bc4bbed003e91149c19d,"[-0.14693164825439453, -0.08355305343866348, 0.03146471828222275, -0.09874436259269714, -0.05699948966503143, -0.05435051769018173, 0.0021140873432159424, -0.07369661331176758, -0.016039898619055748, -0.02594747021794319, -0.0520944781601429, -0.05056165158748627, 0.020988022908568382, 0.008681252598762512, -0.10722769796848297, -0.009635932743549347, 0.0706772729754448, -0.01138974353671074, 0.07946909964084625, 0.058911122381687164, 0.08164465427398682, -0.02743779867887497, -0.024097900837659836, -0.1728113293647766, 0.04399099573493004, 0.0608668327331543, 0.05526527017354965, 0.012121238745748997, 0.018525173887610435, 0.013778774067759514, 0.05990863963961601, 0.051040321588516235, -0.05945809185504913, -0.059368982911109924, -0.09954273700714111, 0.056000955402851105, 0.03631829097867012, -0.04927594214677811, 0.046290621161460876, 0.01106693409383297, -0.08331134170293808, -0.01672576554119587, 0.03131025657057762, 0.06232432648539543, -0.014452195726335049, -0.01947416365146637, 0.02971137873828411, 0.01225763838738203, 0.044958099722862244, -0.00270294863730669]",,"['fb788e68652a45905b72785a6d18737c9ed4c6134a9c86f3fad9431766efb33f', '08b0d0fc9d117a90196f003a5d9288edcdfe5ae253aec1c6b2d8a4b3584dea80', '83779210da58225c6f4f1945cc4272f5fb2b7294494c10dede47a8c46ffd143e', '90f34d496e188b8f53bfbf4d1a3796e3ce5218ffc4c072cb3345e863cd7e3cc8', '7ce3f6eb3fefabafe5d23324f8da489a9a4409d45455658d7cdba22d62c66212', '930eaf717ebe682230ce3605298022f438371b8cf2b7045320791a8b17b2d94c']",1548128956525
45,c76f57dff61b66ff28c0984b3182bc502bb27e05884c7bc94097f607a16aee63,"[-0.23582229018211365, 0.16166195273399353, 0.1647818684577942, 0.03317778557538986, 0.056332677602767944, 0.03372296318411827, -0.05680929869413376, 0.08439415693283081, 0.057042673230171204, -0.03601282835006714, 0.08324126899242401, 0.019322190433740616, 0.14197972416877747, 0.005906832404434681, -0.05168657749891281, -0.09052359312772751, 0.04474904015660286, 0.008150259032845497, -0.06173840910196304, -0.022350113838911057, 0.043797168880701065, -0.014871638268232346, 0.03214907646179199, 0.04814621061086655, 0.06970774382352829, 0.03708961606025696, 0.011900329031050205, -0.015145935118198395, -0.026034656912088394, 0.0016541481018066406, 0.042691878974437714, -0.005725279450416565, 0.020706068724393845, 0.023212581872940063, 0.0026611164212226868, 0.0050651137717068195, -0.04354526475071907, -0.010422781109809875, 0.017680929973721504, 0.000796901062130928, -0.02069210633635521, 0.036149557679891586, -0.0173645056784153, -0.01985001191496849, 0.006728172302246094, 0.0006042756140232086, 0.009399796836078167, 0.001312821637839079, 0.010252008214592934, -0.001509560039266944]","['f93efbec08bd1414115864162396620db67d39a8b227cff4ea4c1e7ddcfc18a4', 'f93efbec08bd1414115864162396620db67d39a8b227cff4ea4c1e7ddcfc18a4']","['f93efbec08bd1414115864162396620db67d39a8b227cff4ea4c1e7ddcfc18a4', '53f72772aad0350389bf4201c30f2c73d8f5b704bd26e4932df4dd2b1ae40aa1', '7e9142b64bd57dfb4b6b7c5be49f61ea8beab49fa3d2aaef50efbdc45b652a51', '6cf42a933176275c09281ecb259de956c47debb0a64b9aac7ac1c9e7f7c49b5a', 'ebf47d0c261b169c47a2d788b2e03d20121b98028bea2512ba637dc997fe01b6', '4ec65e989bacbf834c7f5d13af66f59751c94807a4e9d0554a30836b0c266ac1', '27277c11ed11c22ec1df03fc617fe387939a8048319be01aa49e82cb548b4aa0', '0a16178cda1869f4d49b4aabd2b406c63676a3c24253cf4f1115a4368f5cb92f', '4573f6f87e4a5d5c8c47bda7eb2bd680598a70f38a178cadf1147d29c83e17d1']",1550085361756
46,c6888aca21001b9c6743b8b42e2c899287e729aed4599b89898791e68430c40c,"[-0.21140477061271667, 0.06856027990579605, -0.09219834208488464, -0.1834438443183899, 0.05277020484209061, 0.031370118260383606, 0.22723959386348724, 0.30612343549728394, -0.026859544217586517, 0.023216914385557175, -0.00030907103791832924, 0.10964493453502655, -0.20015713572502136, -0.11608490347862244, 0.0012792483903467655, 0.010105941444635391, 0.005441775545477867, 0.060874082148075104, -0.044729504734277725, -0.041111648082733154, 0.018993236124515533, 0.018720421940088272, -0.003247569315135479, -0.07708341628313065, -0.015247560106217861, 0.04829471558332443, 0.07140390574932098, -0.032594967633485794, 0.03556016460061073, -0.0930759608745575, 0.02519628405570984, 0.05081932619214058, -0.006229895632714033, 0.041293758898973465, 0.07731044292449951, 0.0037036314606666565, 0.0162656232714653, 0.019671691581606865, 0.03704596683382988, -0.008129239082336426, 0.00011156126856803894, 0.0728180781006813, -0.02593216486275196, -0.04755142331123352, 0.0015791337937116623, 0.03452259674668312, 0.03726622462272644, 0.0053208693861961365, 0.01203201338648796, 0.017277885228395462]",,"['2a112f0436d6d8b8cbecb61acca3fa88383ff76b05053d975caa40482e9736ed', '52c7818bf0ce31793a43319fac4136404c7df939152f3d91e9b193e86d20ef64', '624bc145579b67b608e6a7b0d0516cc75e0ec4cbe44ec42c6ac53cc83925bc3e', 'b42787bd0decd82b42906b2488a8dfb99ba9bbd717113c3c5d808eeb0265bec2', '39cd17df8567532b9db06983e6d5312c70f61b1d9276deef0343514cd83809ab', '064ccca34647e8c65f7421a22cc520e40646657322b2196218a99b9dc54417d9', 'ab36b14362084cb70bc71b9274dec1b3e9e96c9600ae562d1f8a905d7f15148d', 'c3ba903b52d4cc7911fb89294b10266bd6b209be051c4dc1ee45c495e1adc6b4', 'e95d899dbf9803b2b9ae4fbbe323d54ed6e2894b3cb4481fdbbaae98ad536cb3', '65688601915d4ea41ff593376f4dd71a48cece1a27058e7faf0b9baeb698b22e', '5312266def93ce8fd53009d5b6c34372b9c624bb20f2abae3d5dbac51be11f81', '104ab50b238301ca6d0127b7992cb05121d8fcf8d9be4d2c14a8fe7f9a0fbe41', '08c73f34ff2b5104d2bdf95d0d3217f2dcaac64c50445287bb36df72a07e322b', '39f25d445a51562db8c633027f88a8fc0683bec47e43758d4381e8e3e1897e96', 'a146139a166ebd86eb041011c9b34840fe96226476dbf174a456059c9db07647', '65b8de4ff56c4ad13f9602ea20b9b6f2a2ba30f8a7cfd35e972c6dc0b7b7105b', 'a6bdd6a0367f921baea6ae3a2c007f4c78a359e95673144ccbdbf9c9db9c8666', '8d3cc458b89ae3ddf8defcf18a7d046ec5fbc70d9a6016d1b09c124b0f3d9373', '7b257c1c2c540b459011dd3b006b1d169c8f0f7391e18f6b3ec203f8045e6711', '0c38814d15521a902191e877a1d042cfec4ee033328aeb7ac477769563e701cb', 'b7b3e1e47bfebb7acfb96c17d850e11450f3cc98bf594705f187407c8d4b5ca6', 'db09b172966646651abae1364db75cac647848ed691ca5cbfe237041f43e7dc1', 'b35308d9dc4b7221fbda64302e71d454801af5880ec2cee7e69b82b159dfe2f5', '047832dc97e26fd0504e47f472b7a1f5c8113bea78ea10bdfab7635fccac3e39', 'b48fd868605036706fe47ce368ebacf1f08aa73612dce40d76621726c93b7458']",1548632241861
47,ed8015cda3d953430f09ef27e4ba1000acb7d806f81e3761f879a79719fd4992,"[-0.1266201287508011, -0.0004321453161537647, -0.2090110182762146, 0.18186932802200317, 0.01647154800593853, 0.31532225012779236, 0.08621568977832794, -0.12370230257511139, 0.1282302290201187, 0.16514915227890015, -0.22648528218269348, -0.08084649592638016, -0.03610391169786453, -0.039590273052453995, -0.0009305905550718307, -0.0037736501544713974, 0.0021422943100333214, -0.09466301649808884, -0.0700640007853508, -0.08642584085464478, -0.0037449044175446033, -0.032880671322345734, 0.051006022840738297, -0.013151336461305618, -0.02125244401395321, 0.13534468412399292, -0.1297447383403778, -0.020514430478215218, -0.014966057613492012, 0.03710893914103508, 0.04060504585504532, 0.05364102125167847, 0.05515880137681961, 0.004565872251987457, 0.04431638866662979, 0.06162963807582855, 0.03152003139257431, 0.055300984531641006, 0.052436694502830505, -0.02375992015004158, -0.00019514374434947968, 0.042446572333574295, 0.041822437196969986, -0.00905443076044321, -0.05378076806664467, -0.03699192777276039, -0.03186535835266113, 0.021741896867752075, -0.010721223428845406, 0.013614624738693237]",,,1548797658526
48,16d5babd703550773693b0574e7fd6f8cd1b068edca58b675897f1b539ee9441,"[0.027160272002220154, -0.2507864236831665, 0.06893134117126465, 0.05263981223106384, 0.012100500985980034, -0.002822871319949627, -0.017444180324673653, 0.023819848895072937, 0.019506724551320076, 0.08179322630167007, 0.10549035668373108, -0.12262388318777084, -0.04104747250676155, 0.00833103433251381, -0.018847716972231865, -0.06028231978416443, -0.03815420717000961, -0.008300859481096268, 0.0631834864616394, -0.061052106320858, 0.05879143252968788, -0.15390151739120483, -0.03598758205771446, 0.06324367225170135, -0.035739924758672714, -0.04867151379585266, -0.032182544469833374, -0.006813413463532925, -0.018598590046167374, -0.007200175896286964, -0.0773308128118515, -0.011917298659682274, -0.0009968345984816551, 0.11516158282756805, -0.06372293829917908, 0.06629981845617294, 0.008569465950131416, -0.012300390750169754, 0.041250161826610565, 0.09077320992946625, -0.014700940810143948, 0.04632474482059479, -0.004669141490012407, 0.006544176489114761, -0.04637807607650757, -0.01464419811964035, 0.011432845145463943, -0.0207681804895401, 0.05204853415489197, 0.011884933337569237]",,,1549694456920
49,16d5babd703550773693b0574e7fd6f8cd1b068edca58b675897f1b539ee9441,"[-0.013623993843793869, -0.3645135164260864, 0.13386332988739014, 0.12319475412368774, -0.221958190202713, 0.06623367965221405, 0.19586023688316345, 0.11658914387226105, -0.11932028830051422, -0.11950428783893585, -0.03537539392709732, 0.021623073145747185, 0.04050543159246445, 0.09147757291793823, 0.043873853981494904, -0.013485386967658997, -0.19264735281467438, -0.15758278965950012, 0.11566092818975449, 0.054808974266052246, 0.02761855721473694, 0.07284741848707199, -0.07086119800806046, 0.08034798502922058, 0.0500190332531929, -0.03674369305372238, -0.06346844136714935, 0.10173140466213226, 0.09269364178180695, 0.02708405628800392, 0.03994853049516678, -0.08386775851249695, 0.024937240406870842, 0.0611504428088665, 0.08530404418706894, -0.000812785467132926, -0.027423739433288574, -0.07631742209196091, 0.033124662935733795, -0.0615152083337307, -0.04117835313081741, 0.06776703149080276, 0.03493928909301758, -0.013246928341686726, 0.04869338124990463, 0.027333006262779236, -0.07261871546506882, 0.1474742591381073, -0.020786922425031662, -0.09582023322582245]",,"['71e6585816da988cf0efeda0caaebde9779b8e2c91dc7c0d9295ad3dd226f473', '5f137a0570cd4bad0380d350c29f0bfe08a6a483fc1f62047c40249c8d1a099c', '20007376414894912b2bd649c37d26837f62cd834f2d7c425edaa2b292e378a0', 'd155bb4e8bcceff60f54ff0b1e10f656d681b4fbb9c794c8dd17bbbfe08546fa', '681662cfd30990d84d5d9376db3d207023aacad7046d76735df1e2830acf18ed', 'f94788e78b06098d47e7c40dad5bf14c21c64553e35b0327f46c3374fbe2f3cb', '58c07d3fac75448119c0b998a1a0d54be2b07e325b6d03259efb17087cbf33de', '102af4f6e9b3e7899e324d33289ff03066c751a2afde7258ec59e5150f0c5089', 'e89899233b14d294ca2c5dad46de3056d72fa9976b17893222ba1319087f11aa', '992c12a67468218fb5f088da9b165b523ade0b02833ffa89a5c772f558afeaaa', 'a384a3cfe83125a97a1f19a3f1aa6c77e56523429b76d8e45fe050cdf7d69aa2', '08e4a2415bf31d4ea525fb23902914f32ead0623783f8bf2f0cd36edd7dc6ec8', '5468dcc2da4944bcb3d18eb00f7af0d1504216ea707e46ac288cae1b1fd8fdcd', 'd337782e038fdb175311b3e89ad0d1e78633db88fd561789fe93ddadd3961b38', '9a8c137051096f7f5c681b4bd4a48790f18f5ad34192b93aa61c77cf6997b75a', '85ab15ea3c4ff50469e0a516ad5a1032f9cb5ffcfaad24f3e0dac8dac215dc21', 'f5cb03dd67da56c8aa5b5d6620ffc6d935b0e986217b4cd1f7c36e30f2685180', 'bb52d2c9ea1fca76176a34539e536bbeadce5929627cd8c8cfc061f2e6d311c2', 'd713851a8fa038be75af37bf594487f4ca3e0e4834977da2841b41fe6e4873cd']",1549694912342
50,18b13727f0343e5776b7f3ac1c047ee007d339a2cb59963738ca5dc83bb0ed72,"[-0.01519818790256977, -0.3092646300792694, 0.10375799983739853, 0.06414027512073517, -0.007270716596394777, 0.02700343355536461, 0.030237775295972824, 0.005017049144953489, -0.01713724620640278, -0.10228375345468521, -0.08009998500347137, -0.0004518385976552963, 0.026877228170633316, 0.005695960950106382, 0.04813230410218239, -0.0359739288687706, -0.025196895003318787, -0.009730690158903599, 0.031052399426698685, 0.0748676136136055, 0.013723824173212051, 0.06404027342796326, 0.03132500872015953, 0.02796611562371254, 0.04981653392314911, 0.03404983878135681, 0.020388856530189514, 0.009180217981338501, 0.0775594413280487, -0.07070862501859665, 0.032250117510557175, -0.0014034062623977661, -0.02868269756436348, 0.06088870018720627, 0.01106204278767109, 0.034868303686380386, 0.02047748863697052, -0.037640877068042755, 0.0388319306075573, -0.020275752991437912, -0.03781680017709732, -0.03748410940170288, 0.04033277928829193, -0.011111896485090256, -0.0019416240975260735, 0.011899162083864212, -0.03890363499522209, 0.04053741320967674, 0.011075353249907494, 0.0031357062980532646]",,"['c3b1938e19ffba1d65eb866e50479b2bb433e356018cabeee76917f5e275ca29', '0c64a150a3b498351a0d1382a12442dea8c399ffc38b254b633e437e6e18e516', '961dc9a61e40f030a3dcc78de98b82aefc296454549e9e0d960a0d1cdac141ab', 'c512e8a2d1565309d0314a983a4ec36fadba755a1b33cca7b6c86dedbb375c41', '6a5d5a8203d8efa9ca2344a6c0ef652666151aff257184cffbae63db30e2df27', 'd91f9f8aa4710b67b7f0db9aa81091ed5c0e1ca3184f9d558bb3a9303039639f', 'a68b908233610a521b47520b740f317cb19396f13e6992cbed22ce0d80944c27', 'b92471dbc4ddb9fcdcb8009fd975dbe5c7e94e16cdf8dec5a3f0204d7df75ed4', 'aed77d333570882ba72008435917ba3de67848bc5045c9984c0bc692859ab940', '033583c34a60a7713d14796939e6805589797f5e95c9508a9470fcf5efae3fa0', '276b1a9b1515d6438a22ea0d70cec57500aa01329d384e049fe6ed9680c4a394', '8da40404ba3093cc9d3872328a6f0f42d83c335c64b40c66363cc1fcfaec6adc', '962f145497fbcb1c2e07afacc312da5010ba07df70f993413df983604ed2fffe', '5705d3f9d8d931ed98ec28bcb45ab4709735fcec87c98cad48303bcfcb1b03ed', '5f46892f13be66fabe94c51fc5cf5f61bc0035dcddde07e969797972aea46a80', '8566a9c9963b9dd5bfab65eb7017caf959069ab5b3dad7296e77f8b89b36fbf2', 'ea0696aa42d65340ec31e2e6e51230d33f3d196ecbaa43826a67b9639783b1f8', 'fe9e7276d52bf70cbb7e00400e63a48f26f6a56a2b9f565bd4cac01515983b5a', '771c66a610557597eca018bd16ca85ae5ff3f522f96cab3e42f9424bf67718f1', '84b9c52657fc8e813296a5470b1f5149692ec2d7eb103e1807593ededa4e73e4', '6d8e61823e55d6c25ef6d6f5b95710e2a2b4cf4605ffe27988d4f50db0bb235f', '52d97359410a5d2daadb4232cb3007817b7995656cfd6bcc7a77be173a531240', '233d5743008d28811a8dfe38c3e55a3cf2baf6429c4ccb40352b2220f7492690', 'd596eb7246c8e98558e3a8e0396328251cfbda43fc317e6a0d47ae81854658b3', 'f63b7e143234957839401497f7648ef64a2c155dcf372b6ba3592575d34c35b6']",1548133659627
51,18b13727f0343e5776b7f3ac1c047ee007d339a2cb59963738ca5dc83bb0ed72,"[0.04708661884069443, -0.2995750308036804, 0.09581763297319412, 0.11606894433498383, 0.10310309380292892, 0.03974894434213638, 0.05273256450891495, -0.01597556844353676, 0.008147861808538437, -0.012448210269212723, 0.021737460047006607, 0.0059800539165735245, 0.009985754266381264, -0.02425827831029892, -0.009092532098293304, -0.02313426323235035, -0.040557850152254105, 0.001199028454720974, 0.03324004262685776, 0.009947948157787323, -0.014808562584221363, -0.010308440774679184, 0.01290645357221365, 0.02492622658610344, 0.019365321844816208, -0.014111659489572048, -0.007908708415925503, 0.025112198665738106, 0.01705949753522873, -0.010205958038568497, -0.005322077311575413, 0.0006614327430725098, -0.010966838337481022, 0.03456835448741913, 0.005765693262219429, -0.02128499746322632, -0.0002632486866787076, 0.005080561153590679, -0.0016524106031283736, 0.002741835545748472, 0.018851429224014282, -0.024215392768383026, 0.010482310317456722, -0.0036266855895519257, -0.012026434764266014, 0.01907934434711933, -0.00476029934361577, 0.015532497316598892, 0.009578421711921692, 0.014179875142872334]",,"['49795ebf763d6936846c1a18e3305d84fa231f4de1e54c2a730b6497d4c3e52e', '518a2d47ee07561957c1d16e1f7ebf2812dc36d6cfeb775df10ffaec32f2bc84', 'b5159c88c621c1c7725b7aba29b2fa69b2145bcaf872de2f0e7d17cd7319d465', '363ef4d3bfab0d30dcb4649e77c768aaf822ee23707e99792eefae6057a37fee', '3e50a6dccb77b68f7f415500e52291d2844a42132f162c7d4ca677781fe21d0d', 'd8d90a555b1df5c1379ad62f8882d68df9f1a2eff63c1486740b003a70c27adf', '53bfa20e48eb9e21e677812b2addc9e3fbf4947947725e6dac4f78f7c8bf8105', '48e81d43f129a35f938fbe10457344f52893b911fc14200a3fe7a6bf39c4d8a5', 'adedb936698254187367aec19ebddb2139282e3fd3809cbd1ae30d3506819757', '99fd96ebbe54355e313ca09a48d3f861f844b6450450aa9928c9cdeb7fc470c7', 'df4de7ca7a3df4bc5bd72ff65d3f67eb76080341264a69ef2fe616cb143f5b52', 'eb7a3d1b19a946018ec8f95194dd183a82630b8f2721af97ef9bb7ccd26c62f5', '5cedcc8ec3d2e4b17b66568451f67b6db49db3b0a8d331a017394ed8d64f53bf', '15f7c74185fc55047b0afe017a53494e7232a2767ed6f97282aa55381aaac2c5', '9786f485244f3df3077ce9507a3db783b0023aed5ff6521f3f516d47c77fd958', '0c3d3abd9e8fcb2b9474ea03dacbc29a21255c405a8ec801a1e0fd89d1fc12ec', 'ac8a5c40d171f8fed91a8ae27da13a46f8bd13b69dff4a5f2357f640b9b97c53', '9155df9dbb531f3a3ff1d8170edc651e1fde4244c76871556e951c1bc2d12969', 'f8943127d5647f4ffc86f26bda0c4771e626fad424bea74faf5351ba7d5eb885', '17863c7cf356116958baf7cb1b765073911d433ba98e9217c412154b07f60c20', '890089968e98f9b47a00c2cf36613ec790d22059a61d69a3c9c4c0039f48d613', 'a75be599fb8929d8068a93f799447b544e82cc14d5d626867d1fbf7658d64854', '9313cdd723b89e210b2495948f2b2be22e554fcec979e9f2db544d5152488c87', '4e86156580b6c558125841ba0f2bba1b4f513f751f4e2b2b175b59b4d628c322', '284e2a8efff09c3e00a3eb617c758f2ca49a81ca62d92bc6c76d6b8ce97f2663']",1548133720531
52,18b13727f0343e5776b7f3ac1c047ee007d339a2cb59963738ca5dc83bb0ed72,"[0.12317651510238647, -0.21889345347881317, 0.018711086362600327, 0.13979406654834747, 0.27180910110473633, 0.031078513711690903, 0.09665975719690323, -0.12229840457439423, -0.024325942620635033, 0.1199188083410263, 0.03133676201105118, 0.043861452490091324, -0.04137249290943146, 0.06314359605312347, 0.029677288606762886, -0.00014662044122815132, 0.02880031429231167, 0.036766938865184784, 0.04588804766535759, -0.04793904721736908, -0.03401409089565277, 0.03794266656041145, 0.08180813491344452, -0.065971240401268, -0.04915350675582886, -0.003504999214783311, 0.05229032784700394, -0.09655766189098358, -0.029922205954790115, 0.04502548277378082, 0.05821250006556511, -0.0015969090163707733, -0.06559151411056519, 0.023598581552505493, 0.008074373006820679, 0.03236435353755951, -0.015813007950782776, 0.07913629710674286, 0.0872751772403717, -0.04834103584289551, -0.007427026517689228, 0.07588174939155579, 0.039988696575164795, -0.018326392397284508, -0.010185266844928265, -0.0009502137545496225, 0.026641231030225754, 0.016857080161571503, -0.03280593454837799, 0.01360257901251316]",,,1548134924690
53,18b13727f0343e5776b7f3ac1c047ee007d339a2cb59963738ca5dc83bb0ed72,"[-0.014336495660245419, -0.20307289063930511, 0.05379099398851395, 0.052022580057382584, 0.20112141966819763, 0.053051501512527466, 0.16488870978355408, -0.12008044123649597, -0.05190274491906166, -0.05766576528549194, -0.052988335490226746, 0.02677346020936966, 0.0297038983553648, 0.002706732600927353, -0.017192354425787926, 0.01298566348850727, -0.0393606573343277, -0.04597391560673714, 0.03670912981033325, 0.05351685360074043, 0.06206226348876953, 0.024657543748617172, -0.0322561115026474, -0.014658904634416103, 0.038962721824645996, 0.0008945558220148087, -0.0035153022035956383, 0.014052962884306908, 0.013554158620536327, -0.00621219165623188, -0.007482936605811119, 0.01107810903340578, -0.032482441514730453, 0.033212967216968536, -0.025793366134166718, -0.019966214895248413, -0.024089638143777847, 0.0298287533223629, -0.006897143088281155, 0.04875307157635689, -0.005986468400806189, -0.023367149755358696, -0.016365814954042435, -0.017180170863866806, 0.02899295464158058, -0.02902713045477867, -0.015790481120347977, 0.012522047385573387, 0.016812682151794434, 0.003116204170510173]",,"['cc0ecfaddf556ea8ad98c801aebc8087cf41699a8300211e2e123a0cebdc7be4', 'c3b1938e19ffba1d65eb866e50479b2bb433e356018cabeee76917f5e275ca29', '95014003be3f9eaa6673ff322a0d324622c4ddef8aacecca020470f8374c1d2a', '2e9f9c3ee24ca48ded40acee9d174f24c33375cfda223e095b4886881c981d2f', '396a86fc10ffeb2b575f7f89c6da8014b180c4c672d4c3e2db40bb09c9f56147', '8fdb0768d09d017f5ea5e1e1258b8a8d37e21a5cfc933dd149b06dc033a36ba3', '3f884a0156ed90c13d9c165a0c115c2d9b1cf8975ed8a61b4b53674544fa06e1', 'b818b1a3382cdbf83d674935767d109ca546ea822a29b5ddc04a07f01ccf7cbc', 'a27496708698fc99e7ffef793d6882021baa46c4eb7569ac1c2c8172e7738c39', 'dc366732e07a8cc036f91151ad6146000cf93c1f6364141d3ee49446a2f46bc6', 'e1d919d93793d553de030e9f6c7524a7db96f5b459688152262a23d280a5b250', '0a0b479e1c4274e9ab1cb822da9b6b1c93d435fdc7338f55a49b5ed88aa5630d', '47d2545d8bb6fb08affc1882f6c57b41432d7fa39b6322f738a5f2c8398b112a', '50123f57c1dd9fec6dbefc159f9569ed9813b27fe577a64347ce93f000adabac', '9c0ef7ace4323bb55255ce7d2a8c3be35c965e0b603d87d77f18be509e585fad', '961dc9a61e40f030a3dcc78de98b82aefc296454549e9e0d960a0d1cdac141ab', 'c512e8a2d1565309d0314a983a4ec36fadba755a1b33cca7b6c86dedbb375c41', '9a8616d33af4aef0a159df2caa64228e1a2bebdae2cd434880a9cf7590273959', '409308a78b45af2d988eef583eb35a80cb5c89f294f77111a41a5af22e7e9592', 'bd698ef60c824a92e4fd14cda4e2aa5f6caa26d72f18725529ce0e60e4766107', '6ae30a5aa66fefa246cf8a92feec3d17dcb8ee6c07d27a5fc3d6902958503b4a', '88fda03ab825a29cd85d988718f3bed45d8efa129cce22deb938331652a17954', '41b3c3dabd1909e738117d97bd75255374b13bc4905fbdacb8d84bb520537d29', '040a47b0abca844b459c084a3dc8e8ada6fd9003c2b8d386d82d029349c68334', 'dedaa6a710d506116c9912ea34c1e7629f4eae48d4b6b19fbb98fdbe16ce1cba']",1548134987311
54,c6de29f645463eec4603489f5c27916b04df3d49192020585478461137c137e9,"[-0.058124467730522156, -0.11486630141735077, -0.06813370436429977, 0.2509195804595947, -0.10650673508644104, 0.41770198941230774, 0.06576921045780182, 0.1658872663974762, 0.23971378803253174, -0.030364736914634705, -0.06721889972686768, -0.053802452981472015, 0.17213204503059387, 0.06492720544338226, 0.01173461601138115, 0.09731288999319077, 0.021929090842604637, 0.32232847809791565, 0.1199730634689331, 0.09140931069850922, 0.03803565725684166, 0.002816176973283291, -0.06602049618959427, 0.012352943420410156, -0.044377200305461884, -0.13468170166015625, 0.09024214744567871, 0.00443402910605073, -0.05303902179002762, -0.0028507239185273647, -0.09354761242866516, -0.057729244232177734, -0.03734809160232544, -0.08592818677425385, 0.02938693016767502, -0.061778463423252106, -0.045941319316625595, -0.005445667076855898, -0.022386595606803894, -0.03042946755886078, -0.08031865954399109, -0.03269067406654358, -0.05316765233874321, 0.0781775414943695, -0.019760966300964355, 0.023222152143716812, 0.04639697074890137, -0.035533297806978226, -0.023437798023223877, -0.01070304773747921]","['dcf04abee757c821bd397d978010f021286b4a9ad13782695e3fdfea7d033a25', 'd7b4c989162f5c2ba01fe61eaedae8a0fcf7525e2de133279534968a604a8136', 'dcf04abee757c821bd397d978010f021286b4a9ad13782695e3fdfea7d033a25', 'c7f3d573c517527c40ba910fe0301f22bc96c0e0d0763571300d8a756b71825f', 'e623f2601118cb2554eee6eacd24fe29bbd53a575f98d0d5962d2f164143747c']","['cbcf7c27bb5d5fb9cbdfef0dc883f503d0ecf25c81da141b16f4297efd6075e9', 'd7b4c989162f5c2ba01fe61eaedae8a0fcf7525e2de133279534968a604a8136', 'e8f1d2279987ed370c16a507385be038f33f8735a16fafac6716d561b64d5a13', 'c167b75b424cd7a47c907fec7b4edccff33629cbd1cf9d346b0856d170a35973', '179b82df088162286f8aea038beb5f72b863b2e9580204e35a942d0f7d9bf1db', '5165fc8ae07f2de2fd45240198d158a0349b61031465f143ad7133daf93f4411', '3c5b844e7fcbb0aac9db9175078adab1e0d20eabaa5fdb1f6aad5af73ff7a021', '29a9425f4796773ed054e8abaf4968d48eb742bde1781c68e1ade12af1e3a7b8', '4d118bbfa1dfc7f24068e21880ac95d50e815420a69363704c73c052279969c1', '3725507e0847d2bffe6c79f20259d070d18c64315651a57d85cf72cfc0dada8d', 'fa76e8f3af336bd055379121222948d718e266b97ff9ffea905047d927828c51', 'dcf04abee757c821bd397d978010f021286b4a9ad13782695e3fdfea7d033a25', 'c7f3d573c517527c40ba910fe0301f22bc96c0e0d0763571300d8a756b71825f', '2cdc25b657c14e52447e7a9a968aabd372780ed1be5fda8101e7ecbdb14fd167', '4c0ecd616549be57bc1772b66a168e3116cc767099aabff5f5c084b648e6fffb', 'b36c5c0a87022454db5024a9132a0ba2388e51940071ce2c4b542bcb20a5be03', 'f51514543cbe7720efbacfe285f53b033526f7ca7145e97d4c55cc3221985e05', '030a2c6fe1f6032a82b09cdfeaf3cd5cea3fd93b24eaa1a3a8d12c8122e66285', 'c44ceadbed3563a62f4807ec27cbda403f6094794d5c3b290fa2682cb5b00464', 'f84a0578023ff6388ae25e2ee748768d8cd57b3329f93a037a5e354643db06d4', 'a10e86fb3a26306e26d4ba1ca0ab55ffc07e1a371972f07fda67a477389e53c7', 'e623f2601118cb2554eee6eacd24fe29bbd53a575f98d0d5962d2f164143747c', '5863b5f8371b57ddfa0c80afe7786bc1f5dac47186daf831b4ec418b856c1c17', 'cfd1b01e32b5f0a214399720a7f8850ddde7f60d482c62c77e67c2a3d1da10d4', '0a10dbec20330ef6c51f47ee28567ef0fc9f10cc69e70dbbeae6f4ee844e65b8']",1549945718470
55,c6de29f645463eec4603489f5c27916b04df3d49192020585478461137c137e9,"[-0.058124467730522156, -0.11486630141735077, -0.06813370436429977, 0.2509195804595947, -0.10650673508644104, 0.41770198941230774, 0.06576921045780182, 0.1658872663974762, 0.23971378803253174, -0.030364736914634705, -0.06721889972686768, -0.053802452981472015, 0.17213204503059387, 0.06492720544338226, 0.01173461601138115, 0.09731288999319077, 0.021929090842604637, 0.32232847809791565, 0.1199730634689331, 0.09140931069850922, 0.03803565725684166, 0.002816176973283291, -0.06602049618959427, 0.012352943420410156, -0.044377200305461884, -0.13468170166015625, 0.09024214744567871, 0.00443402910605073, -0.05303902179002762, -0.0028507239185273647, -0.09354761242866516, -0.057729244232177734, -0.03734809160232544, -0.08592818677425385, 0.02938693016767502, -0.061778463423252106, -0.045941319316625595, -0.005445667076855898, -0.022386595606803894, -0.03042946755886078, -0.08031865954399109, -0.03269067406654358, -0.05316765233874321, 0.0781775414943695, -0.019760966300964355, 0.023222152143716812, 0.04639697074890137, -0.035533297806978226, -0.023437798023223877, -0.01070304773747921]","['dcf04abee757c821bd397d978010f021286b4a9ad13782695e3fdfea7d033a25', 'd7b4c989162f5c2ba01fe61eaedae8a0fcf7525e2de133279534968a604a8136', 'dcf04abee757c821bd397d978010f021286b4a9ad13782695e3fdfea7d033a25', 'c7f3d573c517527c40ba910fe0301f22bc96c0e0d0763571300d8a756b71825f', 'e623f2601118cb2554eee6eacd24fe29bbd53a575f98d0d5962d2f164143747c']","['cbcf7c27bb5d5fb9cbdfef0dc883f503d0ecf25c81da141b16f4297efd6075e9', 'd7b4c989162f5c2ba01fe61eaedae8a0fcf7525e2de133279534968a604a8136', 'e8f1d2279987ed370c16a507385be038f33f8735a16fafac6716d561b64d5a13', 'c167b75b424cd7a47c907fec7b4edccff33629cbd1cf9d346b0856d170a35973', '179b82df088162286f8aea038beb5f72b863b2e9580204e35a942d0f7d9bf1db', '5165fc8ae07f2de2fd45240198d158a0349b61031465f143ad7133daf93f4411', '3c5b844e7fcbb0aac9db9175078adab1e0d20eabaa5fdb1f6aad5af73ff7a021', '29a9425f4796773ed054e8abaf4968d48eb742bde1781c68e1ade12af1e3a7b8', '4d118bbfa1dfc7f24068e21880ac95d50e815420a69363704c73c052279969c1', '3725507e0847d2bffe6c79f20259d070d18c64315651a57d85cf72cfc0dada8d', 'fa76e8f3af336bd055379121222948d718e266b97ff9ffea905047d927828c51', 'dcf04abee757c821bd397d978010f021286b4a9ad13782695e3fdfea7d033a25', 'c7f3d573c517527c40ba910fe0301f22bc96c0e0d0763571300d8a756b71825f', '2cdc25b657c14e52447e7a9a968aabd372780ed1be5fda8101e7ecbdb14fd167', '4c0ecd616549be57bc1772b66a168e3116cc767099aabff5f5c084b648e6fffb', 'b36c5c0a87022454db5024a9132a0ba2388e51940071ce2c4b542bcb20a5be03', 'f51514543cbe7720efbacfe285f53b033526f7ca7145e97d4c55cc3221985e05', '030a2c6fe1f6032a82b09cdfeaf3cd5cea3fd93b24eaa1a3a8d12c8122e66285', 'c44ceadbed3563a62f4807ec27cbda403f6094794d5c3b290fa2682cb5b00464', 'f84a0578023ff6388ae25e2ee748768d8cd57b3329f93a037a5e354643db06d4', 'a10e86fb3a26306e26d4ba1ca0ab55ffc07e1a371972f07fda67a477389e53c7', 'e623f2601118cb2554eee6eacd24fe29bbd53a575f98d0d5962d2f164143747c', '5863b5f8371b57ddfa0c80afe7786bc1f5dac47186daf831b4ec418b856c1c17', 'cfd1b01e32b5f0a214399720a7f8850ddde7f60d482c62c77e67c2a3d1da10d4', '0a10dbec20330ef6c51f47ee28567ef0fc9f10cc69e70dbbeae6f4ee844e65b8']",1549945718470
56,c6de29f645463eec4603489f5c27916b04df3d49192020585478461137c137e9,"[0.019132211804389954, -0.1007528007030487, -0.025493936613202095, 0.043588586151599884, 0.27459716796875, 0.029038097709417343, 0.09653275460004807, -0.1328466236591339, -0.02728651836514473, 0.053558818995952606, 0.02030547894537449, 0.013444511219859123, -0.030339380726218224, 0.004211289342492819, -0.00023462832905352116, -0.0034356084652245045, 0.01956535130739212, 0.03135909140110016, 0.04153261333703995, -0.021341580897569656, 0.018299834802746773, 0.03473397344350815, 0.053128939121961594, -0.03431357443332672, -0.017916128039360046, -0.006850006990134716, 0.017878998070955276, -0.048487164080142975, -0.03241560235619545, 0.033338796347379684, 0.021844953298568726, 0.0013491632416844368, -0.05686993896961212, 0.02326815389096737, -0.020388493314385414, 0.014557525515556335, -0.017077600583434105, 0.05573951452970505, 0.05251268297433853, -0.02732747420668602, -0.0070152245461940765, 0.05809216946363449, 0.010123372077941895, -0.028792433440685272, 0.0072258515283465385, -0.013061601668596268, 0.02685335837304592, 0.024249888956546783, -0.028436731547117233, 0.007326018530875444]",,"['bd3cc27ad1ee2f35dc2d4d1c3facbc73142f1012321176277aab1cfad4cb8ef2', 'ee7ff9d022d9d412d71bae2d3c8a89fb583491eb51e954bc2d1b44bafcd5788f', '9f55d787c48dcc69536c07cb41cf11b28bdd90cd3821562275b8cddb58717594', 'e8bea25a831a4b89f0c50afc42b0c67647ad10ed5b24fcf34cb6d7fdbdd332d9', '3f59a2873911c610685cca35d61674215c6a737e53b794b07b997db980b1d3c9', '789f267d6d842d631d2ee1ea5647d7b397ea76d37096ad7a431dd906d1be84b1', '282154e626669da40ad61fea37cf77d34ad4338cdb2ee09b400989014d120821', '17145b5c3d03d60edfdc00cbd758ce7cecf7b83b8f8e9c7dccd0e6f5e3f31fe8', '216e2818f60860b7266560779618c2b2a7f853149d6ea075752cfafd5724a5e4', 'c00b57c46b187bf9fabcb4c4b81cbbd3b84755b6604a287e08e3cddf2bef662f', '1601c0ddc4e8c23b81b2a8ebbf1d5176220904890bdd7ad4a64a3c9ac744ed39', 'b32a39f4d1e8c55f88e757cb5c278d0be3758ea809d8b2805489dd6f5e59ffdf']",1549946040468
57,c6de29f645463eec4603489f5c27916b04df3d49192020585478461137c137e9,"[0.019132211804389954, -0.1007528007030487, -0.025493936613202095, 0.043588586151599884, 0.27459716796875, 0.029038097709417343, 0.09653275460004807, -0.1328466236591339, -0.02728651836514473, 0.053558818995952606, 0.02030547894537449, 0.013444511219859123, -0.030339380726218224, 0.004211289342492819, -0.00023462832905352116, -0.0034356084652245045, 0.01956535130739212, 0.03135909140110016, 0.04153261333703995, -0.021341580897569656, 0.018299834802746773, 0.03473397344350815, 0.053128939121961594, -0.03431357443332672, -0.017916128039360046, -0.006850006990134716, 0.017878998070955276, -0.048487164080142975, -0.03241560235619545, 0.033338796347379684, 0.021844953298568726, 0.0013491632416844368, -0.05686993896961212, 0.02326815389096737, -0.020388493314385414, 0.014557525515556335, -0.017077600583434105, 0.05573951452970505, 0.05251268297433853, -0.02732747420668602, -0.0070152245461940765, 0.05809216946363449, 0.010123372077941895, -0.028792433440685272, 0.0072258515283465385, -0.013061601668596268, 0.02685335837304592, 0.024249888956546783, -0.028436731547117233, 0.007326018530875444]",,"['bd3cc27ad1ee2f35dc2d4d1c3facbc73142f1012321176277aab1cfad4cb8ef2', 'ee7ff9d022d9d412d71bae2d3c8a89fb583491eb51e954bc2d1b44bafcd5788f', '9f55d787c48dcc69536c07cb41cf11b28bdd90cd3821562275b8cddb58717594', 'e8bea25a831a4b89f0c50afc42b0c67647ad10ed5b24fcf34cb6d7fdbdd332d9', '3f59a2873911c610685cca35d61674215c6a737e53b794b07b997db980b1d3c9', '789f267d6d842d631d2ee1ea5647d7b397ea76d37096ad7a431dd906d1be84b1', '282154e626669da40ad61fea37cf77d34ad4338cdb2ee09b400989014d120821', '17145b5c3d03d60edfdc00cbd758ce7cecf7b83b8f8e9c7dccd0e6f5e3f31fe8', '216e2818f60860b7266560779618c2b2a7f853149d6ea075752cfafd5724a5e4', 'c00b57c46b187bf9fabcb4c4b81cbbd3b84755b6604a287e08e3cddf2bef662f', '1601c0ddc4e8c23b81b2a8ebbf1d5176220904890bdd7ad4a64a3c9ac744ed39', 'b32a39f4d1e8c55f88e757cb5c278d0be3758ea809d8b2805489dd6f5e59ffdf']",1549946040468
58,c6de29f645463eec4603489f5c27916b04df3d49192020585478461137c137e9,"[-0.07620108872652054, -0.03735395520925522, -0.04604621231555939, -0.04750732704997063, 0.3257347047328949, 0.026563186198472977, 0.032312460243701935, 0.06982679665088654, -0.039886314421892166, 0.08481237292289734, -0.027160799130797386, -0.016419989988207817, -0.030091941356658936, -0.027295339852571487, 0.06598306447267532, 0.021281268447637558, 0.011388974264264107, 0.024592317640781403, 0.03284225985407829, -0.003907698206603527, 0.003423001617193222, 0.047757331281900406, 0.02686498686671257, -0.041371747851371765, -0.005650242790579796, 0.034729085862636566, 0.033861640840768814, -0.0310521237552166, -0.045404136180877686, 0.002865644171833992, 0.025174736976623535, 0.014529794454574585, -0.04319935292005539, 0.023039566352963448, -0.013550084084272385, 0.025939319282770157, -0.014315513893961906, 0.031636305153369904, 0.04408782348036766, -0.016485091298818588, -0.01544339582324028, 0.052252545952796936, 0.009348679333925247, -0.010667583905160427, 0.016910620033740997, -0.021433675661683083, 0.010149957612156868, 0.01879478245973587, -0.024650780484080315, 0.010292098857462406]",,"['bdf6064e29293185162237ee082bfcabc690eeb6c075c7746fd1c46c4bcca31e', '5db41c563d31c1f968806d3f6937cba5108fb2c2ac92880e8df809c13cd07981', '8b164dd3481db5bf0690392b715204372dde9fe12d1f8aca59554b8d3304e965', '4298b0555141b1db578180bf4fdf5ce01276c1bfec2fbcfa6ab14ef97af29512', '4960b3a18896627a2435c285209332089987a91011f4959af34fe7af99c8c0a6', 'dec1dcccf09fabe044f5d84bc71c80e91956c73066bd2cdd3253617decde08e4', '74e6f49ba350f7c1ae872aa7cd5d1318772ac9da9ef4e1510cb0ec54f95f632f', 'a349d572e9ae3de48e62a8173cdfd90713b466c48ccfd64333bfdb5bbc870134', 'bc51174403c70d8b057bc33208cc4e8bd36a7457cd63245721175cc170bac552', '6ca60fe97ff9c39872e484fc38ac2ef5de278e2ae7cdaef7394b9084e060b9fa', '1aa2134102991ad689f031622e8aab2a18539d5dea71790421b8847fc626d5e5', '8754940bc489790fc2ceb354e650be8fce904939b6181fa4cb51700833d85eb5', 'c0b64dfd93cf14342c62bdad264da941233b0729b835f8f17b79914465d3c590', '387f0155f65753bae52ec4fb6de04e7e809be790ee57f5506539fdb5fca0b7e7', '3cbb5c0d4b6a1ce5ebffb47ec06c26a22ddcc035303f7822c25a11b31a53c74c', '88dde889453f47eedaeffd47af51bf21f64b2c5f25c6d53c4de557ebd0aae2e9', '596d866340029240bcd3a6d60af8f7b30bc8bcf3743731836b083eecfa299029', '5f2147d361e1f6af5cf5a7e8b14d2b8a3a2184581bec6dd216bb3dda166bd23f', 'fe3bd0012bddb384af0a6cb1fa9abf3265257d8b151caf69c408b7af1eca153b', 'cc45ad1334780d35473bb2ac43c90f0e724caf6a4dca66e51cf6ede8b188db0f', '6d3e6b0ed8dadec8c6359753d6a7e81f988fb8eaea311cfd1649367f4cc125ec', '4cba1c372a98fae7ea96650667ada4906f36a39684e2cff16e3ccacae2fe4cb9', '2f3e29f8b740a63e7c74af3115bb38f076e90ecf11a62173e69d3c9cc85a98aa', 'bf70775f134d8749a0587fdacfe3c4c2da405344b26fbce1015c67834370729b', '8e76deb646f9025a02697124f16ba20eb8e936b29170fb2c0a81b1b0228c4bd3']",1549946053996
59,c6de29f645463eec4603489f5c27916b04df3d49192020585478461137c137e9,"[-0.07620108872652054, -0.03735395520925522, -0.04604621231555939, -0.04750732704997063, 0.3257347047328949, 0.026563186198472977, 0.032312460243701935, 0.06982679665088654, -0.039886314421892166, 0.08481237292289734, -0.027160799130797386, -0.016419989988207817, -0.030091941356658936, -0.027295339852571487, 0.06598306447267532, 0.021281268447637558, 0.011388974264264107, 0.024592317640781403, 0.03284225985407829, -0.003907698206603527, 0.003423001617193222, 0.047757331281900406, 0.02686498686671257, -0.041371747851371765, -0.005650242790579796, 0.034729085862636566, 0.033861640840768814, -0.0310521237552166, -0.045404136180877686, 0.002865644171833992, 0.025174736976623535, 0.014529794454574585, -0.04319935292005539, 0.023039566352963448, -0.013550084084272385, 0.025939319282770157, -0.014315513893961906, 0.031636305153369904, 0.04408782348036766, -0.016485091298818588, -0.01544339582324028, 0.052252545952796936, 0.009348679333925247, -0.010667583905160427, 0.016910620033740997, -0.021433675661683083, 0.010149957612156868, 0.01879478245973587, -0.024650780484080315, 0.010292098857462406]",,"['bdf6064e29293185162237ee082bfcabc690eeb6c075c7746fd1c46c4bcca31e', '5db41c563d31c1f968806d3f6937cba5108fb2c2ac92880e8df809c13cd07981', '8b164dd3481db5bf0690392b715204372dde9fe12d1f8aca59554b8d3304e965', '4298b0555141b1db578180bf4fdf5ce01276c1bfec2fbcfa6ab14ef97af29512', '4960b3a18896627a2435c285209332089987a91011f4959af34fe7af99c8c0a6', 'dec1dcccf09fabe044f5d84bc71c80e91956c73066bd2cdd3253617decde08e4', '74e6f49ba350f7c1ae872aa7cd5d1318772ac9da9ef4e1510cb0ec54f95f632f', 'a349d572e9ae3de48e62a8173cdfd90713b466c48ccfd64333bfdb5bbc870134', 'bc51174403c70d8b057bc33208cc4e8bd36a7457cd63245721175cc170bac552', '6ca60fe97ff9c39872e484fc38ac2ef5de278e2ae7cdaef7394b9084e060b9fa', '1aa2134102991ad689f031622e8aab2a18539d5dea71790421b8847fc626d5e5', '8754940bc489790fc2ceb354e650be8fce904939b6181fa4cb51700833d85eb5', 'c0b64dfd93cf14342c62bdad264da941233b0729b835f8f17b79914465d3c590', '387f0155f65753bae52ec4fb6de04e7e809be790ee57f5506539fdb5fca0b7e7', '3cbb5c0d4b6a1ce5ebffb47ec06c26a22ddcc035303f7822c25a11b31a53c74c', '88dde889453f47eedaeffd47af51bf21f64b2c5f25c6d53c4de557ebd0aae2e9', '596d866340029240bcd3a6d60af8f7b30bc8bcf3743731836b083eecfa299029', '5f2147d361e1f6af5cf5a7e8b14d2b8a3a2184581bec6dd216bb3dda166bd23f', 'fe3bd0012bddb384af0a6cb1fa9abf3265257d8b151caf69c408b7af1eca153b', 'cc45ad1334780d35473bb2ac43c90f0e724caf6a4dca66e51cf6ede8b188db0f', '6d3e6b0ed8dadec8c6359753d6a7e81f988fb8eaea311cfd1649367f4cc125ec', '4cba1c372a98fae7ea96650667ada4906f36a39684e2cff16e3ccacae2fe4cb9', '2f3e29f8b740a63e7c74af3115bb38f076e90ecf11a62173e69d3c9cc85a98aa', 'bf70775f134d8749a0587fdacfe3c4c2da405344b26fbce1015c67834370729b', '8e76deb646f9025a02697124f16ba20eb8e936b29170fb2c0a81b1b0228c4bd3']",1549946053996
60,c6de29f645463eec4603489f5c27916b04df3d49192020585478461137c137e9,"[-0.10249882936477661, 0.02211836911737919, 0.3118746280670166, 0.2630349397659302, 0.04069114848971367, 0.05837276205420494, -0.04499426856637001, 0.03081241063773632, 0.14439207315444946, -0.04655768349766731, 0.11640045046806335, -0.032648857682943344, -0.028003953397274017, -0.04346329718828201, 0.03250010311603546, -0.009467769414186478, -0.015395375899970531, 0.015589835122227669, -0.01868588477373123, -0.0032084290869534016, -0.011785078793764114, -0.026617981493473053, -0.009679019451141357, 2.2251391783356667e-05, 0.06734617054462433, 0.005242072511464357, 0.03633550554513931, -0.020640896633267403, 0.02638133615255356, 0.022541124373674393, 0.05227207392454147, -0.006483395583927631, -0.0038064206019043922, 0.020620357245206833, -0.022126084193587303, 0.0419783890247345, -0.03574515879154205, -0.007252671290189028, 0.016662390902638435, -0.0046640364453196526, -0.0028397529385983944, 0.0026107323355972767, -0.01785830222070217, -0.01112273894250393, 0.01596255972981453, 0.03443240374326706, 0.015232132747769356, 0.01481824554502964, 0.01591460593044758, -0.0050589232705533504]",,,1549946084817
61,c6de29f645463eec4603489f5c27916b04df3d49192020585478461137c137e9,"[-0.10249882936477661, 0.02211836911737919, 0.3118746280670166, 0.2630349397659302, 0.04069114848971367, 0.05837276205420494, -0.04499426856637001, 0.03081241063773632, 0.14439207315444946, -0.04655768349766731, 0.11640045046806335, -0.032648857682943344, -0.028003953397274017, -0.04346329718828201, 0.03250010311603546, -0.009467769414186478, -0.015395375899970531, 0.015589835122227669, -0.01868588477373123, -0.0032084290869534016, -0.011785078793764114, -0.026617981493473053, -0.009679019451141357, 2.2251391783356667e-05, 0.06734617054462433, 0.005242072511464357, 0.03633550554513931, -0.020640896633267403, 0.02638133615255356, 0.022541124373674393, 0.05227207392454147, -0.006483395583927631, -0.0038064206019043922, 0.020620357245206833, -0.022126084193587303, 0.0419783890247345, -0.03574515879154205, -0.007252671290189028, 0.016662390902638435, -0.0046640364453196526, -0.0028397529385983944, 0.0026107323355972767, -0.01785830222070217, -0.01112273894250393, 0.01596255972981453, 0.03443240374326706, 0.015232132747769356, 0.01481824554502964, 0.01591460593044758, -0.0050589232705533504]",,,1549946084817
62,4f2e2a1491c6d0c1652d0144408e8a052985918ace0b2ebf7201217b0eeb0259,"[0.020641926676034927, -0.2750157117843628, 0.08165933191776276, 0.07198262959718704, 0.02961735427379608, 0.003750210627913475, -0.01164739578962326, 0.027460483834147453, 0.04613642394542694, 0.024118244647979736, 0.1402515470981598, -0.14273545145988464, -0.03808794543147087, -0.0024653146974742413, -0.03559232875704765, -0.06844201683998108, -0.06714068353176117, -0.0038044732064008713, 0.0903250128030777, -0.02358975261449814, -0.007557419594377279, 0.003241267055273056, -0.008681458421051502, -0.005667621269822121, -0.03081430494785309, -0.0006346479058265686, -0.024128764867782593, 0.10409024357795715, -0.005035697482526302, 0.01706945151090622, 0.05745335668325424, -0.004765701480209827, -0.062072888016700745, 0.037264928221702576, 0.031507328152656555, -0.07330414652824402, 0.01706705428659916, -0.03877733647823334, -0.0491681769490242, -0.07035869359970093, 0.009681000374257565, -0.0026794718578457832, 0.006945299915969372, -0.056592315435409546, -0.04274657368659973, -0.0040434254333376884, -0.029305506497621536, -0.0024819057434797287, 0.06690239906311035, -0.05280076712369919]",,"['cd5a2f0ac93a4def405361f59a67973df45e1140251c833aab46a46625c2567a', '1a19dbfe29b4a0e5b1baadca6ed07a2605a9b5ec207bb34afb67fa057b4bdfdb', 'cfaa277d230547ecff46174397cbee7cc9a24a55b555d63617ff419199995c24', '5072db122c331b71f26a829425c0e563c95c6186b3a79192e2ef7174cca3f511', 'bbf767bd2bef83e1fcbaf0555b3a423c9b154d3e74eb1d653ceb1d800873e43b', '02ae8a35abad9b95fd5f31fc15c393b64e51948b1302a10d26a2eb79975b1348', 'feff7c5e4e13a9e06115ad3ffcd0c824f7e85ee18c28a83031a523e39680d700', '6cd37d08163f73bb09138246c4a119f64f05260eb6ded28cc2ffd14a958c8975', 'aa35a134082d52cff426d84d853a964448f803eaec7dc13f6887dd4c3a6436e9', '8002704da307aba27df281d0b1ea15221690add218a6f6665e2f4635f65e6b17', '8e0469822683f4c25d0c43c715e3f3fdfba4f42b4ca66626add5d32ef3c5ed6f', '9536a5cd80c1bdcd9a4e682eb366c638877ac27d42ccce269a8624a85992e0f3', 'd16593c01703132ad13ea3722b41dacb2bdb06bb3a19d0146f81f55356288d0f', 'c00b57c46b187bf9fabcb4c4b81cbbd3b84755b6604a287e08e3cddf2bef662f', '51ac3231c5c16279825bb79ed48d6869633725974a86fcbb2457093285278faa', '54d07d9c16ce0a5e6c0f1ede5598a2e00daad3837b797f11fb40071ea69cbe02', '15c94f785f27d4736faa0b68b38cd4779b047367a3cc57bdf03a1ac35c435fba', 'a8c80ea809fcc81a106bca9005f93e14cd4466307ce3e75071f81522c04499a5', 'b175d4d5c8fdde84a3aa36241f35ff02fdbcdd248a5b15a0bd773e7e21d2fff9', '8321bdcbdb2560b8b9106933a665070250f21f4368cd3d909fb16ee3960f6ff8', 'efd958bb4b4f4a916645c3202573d65437ca25ebf46d497aca178c21bc655e26', '28bfa8ee018617afc66b9f8b5e00c272b3d6335b06b9de9f4c4bdc1876d18b9e', '1948bc45fbcca389d0a11a57dcedcc4a03e68d212de63c4e21a06422284c035e', '102796b5e4bd8742407299626b54d2dc1d51325eacca188df6d460112c8c9286', 'fe951020063182338154dae7db27a3fac3fb24b1990d1c9383dc6ac1f6ceb2ac']",1548167714805
63,3b03eb43b0617b2cfa09116bf1d37c52c6c5ad4e19ce4fdb63b87eea0ae31d3a,"[-0.1093011200428009, -0.04675862938165665, 0.040484391152858734, -0.0049701277166605, -0.03157879039645195, 0.045724499970674515, -0.0751425176858902, -0.001515745185315609, -0.04400193318724632, -0.06623612344264984, 0.10627911984920502, -0.021749380975961685, -0.04847577586770058, -0.040098123252391815, 0.04630156606435776, -0.062184885144233704, 0.0683557316660881, 0.014582524076104164, -0.07957783341407776, 0.001870044507086277, 0.004183705896139145, -0.09941306710243225, 0.013192173093557358, -0.0023261019960045815, 0.005310687702149153, -0.10332023352384567, -0.09821482747793198, -0.05372186005115509, -0.02776343561708927, -0.009893246926367283, -0.047825973480939865, 0.040122486650943756, 0.00492388941347599, 0.1593172252178192, -0.047058433294296265, -0.014868401922285557, 0.07628105580806732, -0.07351692765951157, 0.1250854730606079, 0.07326138764619827, 0.06906847655773163, 0.0016037560999393463, 0.007721438072621822, 0.05595415085554123, -0.04113299772143364, 0.008380023762583733, 0.041281118988990784, 0.04843960702419281, 0.08233560621738434, 0.007383754476904869]",,"['2ab1ba02f7ca5ec008fd4286405f1f1ef7ae86f144010c8d353e1d2dfbab5431', '7ee4d02c1311ae35bfd7293dbc3c025e4a64967bc29285e63789f99db1e40a12', '0801bda8c47e45e91ea33414f16311cb775583a93fda17bd142b04af70e57257', '75d2cefe5e2b30174080e45c331c4fca470bf9712b07ed1f17f30298675eb452', 'c0652b2af3bbf9411ce87d8730f3e7f43f919c3a81ec7d828ed1c6755257aeef', 'e4fbf04dff4c4b1e8526441145c45d41ac71b74d23de7d2b7887344c93de0b67', 'd220bd1a40cbd4094bf53d8989c2a22c21fbd6350a4c5a8865c3cbab51b2d2dc', '32a1514f5936da9bdd7efa9a669dcf051795ac1b04997d6d16d2b6ed04c09204', '6e76ba68a12154cf361b33acf5380bc81729217382e3b62d7a46a408d3e3320e', '12fcdeb510fa500c3ba80cbfe595c56602a966ebb59772740df8970aa8f6230f', '6babd8d2c2e04adc378557c6c720895b5e4893baec64053d39c73d2483d8b9bb', '4aea5f2b13cb555b5283f0f2e77e6000422ce5c1f393ffc3c4ccf46bf0667930', '602134898d9ef7c38879a6edc117f46aa0174cd4d4e94233fdceb398485c7eb2', 'c7486d134ebdef5378c67d408a42572ddd8b67d722cd6e8a87ae817a681824d1', 'f770cead34fe113e38439d7c9b6e6d26a7b556438c81e884aa8dabe7b78d51d5', 'aa09908bb109fd260e25b03fe8cdb6bfe4ca18c249e95f570338702855978dbb', 'dd40f8d19d3a821d1aa36bbe848ec7a26f1431ac09df710c95e0915632ce5f4e', 'f5db50e5087e85a043bc09294c23bf12b37eac83ebde616eea83629fb087f756', '51f6e7b9c69889f74ec6248ddbeb4453329666640c2e623c1b56ec70cd691d35', '6ae00b964f86c2094ad4071e8f62da91502e77e93d58aceb173602ed289ff781', '16604908828c27f295e367db5c864725fd517d12a42e24923b66cb462d3a2dce', '5db54f16d91aacd9df498d89274e40fa2ad2d928e99a3bc39269c40ff4658f87', '808477f80ad2aef7b924bd6c5b23467f638c50ad046f91f510dd317567c87a71', '11430133877d2defc7b07f6994522811ac1994a8e895f42f98679061d057ad30', 'ffc32fd5349d28922af7ba9df297b1b53cac26e3a9a060a7010c90694d685721']",1548153644636
64,3b03eb43b0617b2cfa09116bf1d37c52c6c5ad4e19ce4fdb63b87eea0ae31d3a,"[-0.1093011200428009, -0.04675862938165665, 0.040484391152858734, -0.0049701277166605, -0.03157879039645195, 0.045724499970674515, -0.0751425176858902, -0.001515745185315609, -0.04400193318724632, -0.06623612344264984, 0.10627911984920502, -0.021749380975961685, -0.04847577586770058, -0.040098123252391815, 0.04630156606435776, -0.062184885144233704, 0.0683557316660881, 0.014582524076104164, -0.07957783341407776, 0.001870044507086277, 0.004183705896139145, -0.09941306710243225, 0.013192173093557358, -0.0023261019960045815, 0.005310687702149153, -0.10332023352384567, -0.09821482747793198, -0.05372186005115509, -0.02776343561708927, -0.009893246926367283, -0.047825973480939865, 0.040122486650943756, 0.00492388941347599, 0.1593172252178192, -0.047058433294296265, -0.014868401922285557, 0.07628105580806732, -0.07351692765951157, 0.1250854730606079, 0.07326138764619827, 0.06906847655773163, 0.0016037560999393463, 0.007721438072621822, 0.05595415085554123, -0.04113299772143364, 0.008380023762583733, 0.041281118988990784, 0.04843960702419281, 0.08233560621738434, 0.007383754476904869]",,"['2ab1ba02f7ca5ec008fd4286405f1f1ef7ae86f144010c8d353e1d2dfbab5431', '7ee4d02c1311ae35bfd7293dbc3c025e4a64967bc29285e63789f99db1e40a12', '0801bda8c47e45e91ea33414f16311cb775583a93fda17bd142b04af70e57257', '75d2cefe5e2b30174080e45c331c4fca470bf9712b07ed1f17f30298675eb452', 'c0652b2af3bbf9411ce87d8730f3e7f43f919c3a81ec7d828ed1c6755257aeef', 'e4fbf04dff4c4b1e8526441145c45d41ac71b74d23de7d2b7887344c93de0b67', 'd220bd1a40cbd4094bf53d8989c2a22c21fbd6350a4c5a8865c3cbab51b2d2dc', '32a1514f5936da9bdd7efa9a669dcf051795ac1b04997d6d16d2b6ed04c09204', '6e76ba68a12154cf361b33acf5380bc81729217382e3b62d7a46a408d3e3320e', '12fcdeb510fa500c3ba80cbfe595c56602a966ebb59772740df8970aa8f6230f', '6babd8d2c2e04adc378557c6c720895b5e4893baec64053d39c73d2483d8b9bb', '4aea5f2b13cb555b5283f0f2e77e6000422ce5c1f393ffc3c4ccf46bf0667930', '602134898d9ef7c38879a6edc117f46aa0174cd4d4e94233fdceb398485c7eb2', 'c7486d134ebdef5378c67d408a42572ddd8b67d722cd6e8a87ae817a681824d1', 'f770cead34fe113e38439d7c9b6e6d26a7b556438c81e884aa8dabe7b78d51d5', 'aa09908bb109fd260e25b03fe8cdb6bfe4ca18c249e95f570338702855978dbb', 'dd40f8d19d3a821d1aa36bbe848ec7a26f1431ac09df710c95e0915632ce5f4e', 'f5db50e5087e85a043bc09294c23bf12b37eac83ebde616eea83629fb087f756', '51f6e7b9c69889f74ec6248ddbeb4453329666640c2e623c1b56ec70cd691d35', '6ae00b964f86c2094ad4071e8f62da91502e77e93d58aceb173602ed289ff781', '16604908828c27f295e367db5c864725fd517d12a42e24923b66cb462d3a2dce', '5db54f16d91aacd9df498d89274e40fa2ad2d928e99a3bc39269c40ff4658f87', '808477f80ad2aef7b924bd6c5b23467f638c50ad046f91f510dd317567c87a71', '11430133877d2defc7b07f6994522811ac1994a8e895f42f98679061d057ad30', 'ffc32fd5349d28922af7ba9df297b1b53cac26e3a9a060a7010c90694d685721']",1548153644636
65,3b03eb43b0617b2cfa09116bf1d37c52c6c5ad4e19ce4fdb63b87eea0ae31d3a,"[-0.1093011200428009, -0.04675862938165665, 0.040484391152858734, -0.0049701277166605, -0.03157879039645195, 0.045724499970674515, -0.0751425176858902, -0.001515745185315609, -0.04400193318724632, -0.06623612344264984, 0.10627911984920502, -0.021749380975961685, -0.04847577586770058, -0.040098123252391815, 0.04630156606435776, -0.062184885144233704, 0.0683557316660881, 0.014582524076104164, -0.07957783341407776, 0.001870044507086277, 0.004183705896139145, -0.09941306710243225, 0.013192173093557358, -0.0023261019960045815, 0.005310687702149153, -0.10332023352384567, -0.09821482747793198, -0.05372186005115509, -0.02776343561708927, -0.009893246926367283, -0.047825973480939865, 0.040122486650943756, 0.00492388941347599, 0.1593172252178192, -0.047058433294296265, -0.014868401922285557, 0.07628105580806732, -0.07351692765951157, 0.1250854730606079, 0.07326138764619827, 0.06906847655773163, 0.0016037560999393463, 0.007721438072621822, 0.05595415085554123, -0.04113299772143364, 0.008380023762583733, 0.041281118988990784, 0.04843960702419281, 0.08233560621738434, 0.007383754476904869]",,"['2ab1ba02f7ca5ec008fd4286405f1f1ef7ae86f144010c8d353e1d2dfbab5431', '7ee4d02c1311ae35bfd7293dbc3c025e4a64967bc29285e63789f99db1e40a12', '0801bda8c47e45e91ea33414f16311cb775583a93fda17bd142b04af70e57257', '75d2cefe5e2b30174080e45c331c4fca470bf9712b07ed1f17f30298675eb452', 'c0652b2af3bbf9411ce87d8730f3e7f43f919c3a81ec7d828ed1c6755257aeef', 'e4fbf04dff4c4b1e8526441145c45d41ac71b74d23de7d2b7887344c93de0b67', 'd220bd1a40cbd4094bf53d8989c2a22c21fbd6350a4c5a8865c3cbab51b2d2dc', '32a1514f5936da9bdd7efa9a669dcf051795ac1b04997d6d16d2b6ed04c09204', '6e76ba68a12154cf361b33acf5380bc81729217382e3b62d7a46a408d3e3320e', '12fcdeb510fa500c3ba80cbfe595c56602a966ebb59772740df8970aa8f6230f', '6babd8d2c2e04adc378557c6c720895b5e4893baec64053d39c73d2483d8b9bb', '4aea5f2b13cb555b5283f0f2e77e6000422ce5c1f393ffc3c4ccf46bf0667930', '602134898d9ef7c38879a6edc117f46aa0174cd4d4e94233fdceb398485c7eb2', 'c7486d134ebdef5378c67d408a42572ddd8b67d722cd6e8a87ae817a681824d1', 'f770cead34fe113e38439d7c9b6e6d26a7b556438c81e884aa8dabe7b78d51d5', 'aa09908bb109fd260e25b03fe8cdb6bfe4ca18c249e95f570338702855978dbb', 'dd40f8d19d3a821d1aa36bbe848ec7a26f1431ac09df710c95e0915632ce5f4e', 'f5db50e5087e85a043bc09294c23bf12b37eac83ebde616eea83629fb087f756', '51f6e7b9c69889f74ec6248ddbeb4453329666640c2e623c1b56ec70cd691d35', '6ae00b964f86c2094ad4071e8f62da91502e77e93d58aceb173602ed289ff781', '16604908828c27f295e367db5c864725fd517d12a42e24923b66cb462d3a2dce', '5db54f16d91aacd9df498d89274e40fa2ad2d928e99a3bc39269c40ff4658f87', '808477f80ad2aef7b924bd6c5b23467f638c50ad046f91f510dd317567c87a71', '11430133877d2defc7b07f6994522811ac1994a8e895f42f98679061d057ad30', 'ffc32fd5349d28922af7ba9df297b1b53cac26e3a9a060a7010c90694d685721']",1548153644636
66,3b03eb43b0617b2cfa09116bf1d37c52c6c5ad4e19ce4fdb63b87eea0ae31d3a,"[-0.09509681910276413, -0.07951338589191437, -0.17949025332927704, 0.32807520031929016, -0.10859714448451996, 0.4479600191116333, 0.06731786578893661, 0.02762039378285408, 0.26383575797080994, 0.09340927749872208, -0.3112952411174774, -0.04106251522898674, 0.07472147047519684, -0.1520693451166153, -0.07022546976804733, -0.018116265535354614, 0.0012870237696915865, -0.09505785256624222, -0.11957357823848724, -0.04646855220198631, 0.0018612397834658623, -0.00334741547703743, -0.03342951834201813, -0.014498431235551834, -0.10067189484834671, 0.05459517240524292, -0.09190243482589722, 0.10001206398010254, 0.06451698392629623, 0.03477134928107262, 0.02572682686150074, 0.06692984700202942, -0.02062322199344635, -0.012069843709468842, -0.01600121706724167, -0.030080348253250122, 0.01914462447166443, -0.0647391602396965, -0.040425628423690796, 0.028967922553420067, -0.02523423731327057, -0.010612541809678078, -0.06002974137663841, 0.0013234005309641361, -0.03041209653019905, 0.06326209753751755, -0.024151014164090157, -0.07126068323850632, -0.05188586562871933, 0.01931532844901085]",,"['2cc05ecbf2bd90ea3ae63cee1024349dce0d53d982b5ab4f1c7f3f184b165234', '4e108b1f42d6f63431d19a1012f56efc8a0dc6a4f9f6d0489899324803a7be31', '48ea6ed566798f598e21c9a52fa3414505c41845b2b6e12f4b3432af6e8855a2', '17e0fdc759338ce9b4063fbf587ed552153220956c71b55ba58dee5a0cd742e2', 'f2b4418dadddafd5c538ef0f37001853fe74690689f987fef142ff26722b288b', '3995cf0a0a606f04e1079fdec1cf88798e3706d1b6bf230cf1195bf2414f4078', '12a1dc9f8a275e77e835a81a9c56645346b72530b3082c0ac612e955fbd05a35', '8cd78c0476dc6835b0c824e89498d3060f38b925441e7184858f4c79e2dca864', '7414ee525e2f092e1aea0a35a8d4fa23649a49526f5a70b153fe4bf6deb5e270', 'f48105e564f1077da3a33e178e850453652eded75cd402013c3da84835f0f611', '7d90d0e033dfd75325380a15338118f83fce084cd715df723bef222392b6d584', '8a5c300fe89f3b82c6dea04d7da88c52a24afd58282f58e9b2071f1947a95d4b', '23240cc914a579988e225d08cddf4714902282a9ab51811338781d0d600e950b', 'aa8fe17953db2fd4b91cc468e43002fc6bab184165438e7ef371e020140334d8', 'bdfe8d650c3c8d5e143ed56866557be42d63fb2c95de668bf7855d1550d0d82b', '47789c95c441280995cfe263ef8d9876ea560c382090095c85859cdc3622f954', 'c9590fd7a0fe97ddbec13f1e390d5a3a0976e54cf387f6e6cacab78559a84ac2', '6e2103a67247b02a112b14885a88b2713f87acd66fd144bde1a4079fb7d1a254', 'd9072b798e7153da666d3cfcde90d27b9d742b13ed4c9d0213f9368bc78bfbaa', '94cdc78a14e42db87170b20a278350a0332433f4ea0aa67d33edb53e29282d80', 'ee9b6912433c1b186248b937977108b01d4cc37cee4f68799f80f47503c0f175', 'd827466826e37019058772adc1e7abf90ae183dd2fdc302f5fe154766640231a', '869c5721eeca47e763b176131f507d183d90689a3cebe0fb9a3a3cd6dea8fa78', 'f47e364df8aad2225ee0eeb8f313e21dfcb265dc52f36b5745458744d4e3988d', '5523d524d6e1f50445cdc022e600e1575cb0c499b0a982da0309f5702ee7307b']",1548153758138
67,3b03eb43b0617b2cfa09116bf1d37c52c6c5ad4e19ce4fdb63b87eea0ae31d3a,"[-0.09509681910276413, -0.07951338589191437, -0.17949025332927704, 0.32807520031929016, -0.10859714448451996, 0.4479600191116333, 0.06731786578893661, 0.02762039378285408, 0.26383575797080994, 0.09340927749872208, -0.3112952411174774, -0.04106251522898674, 0.07472147047519684, -0.1520693451166153, -0.07022546976804733, -0.018116265535354614, 0.0012870237696915865, -0.09505785256624222, -0.11957357823848724, -0.04646855220198631, 0.0018612397834658623, -0.00334741547703743, -0.03342951834201813, -0.014498431235551834, -0.10067189484834671, 0.05459517240524292, -0.09190243482589722, 0.10001206398010254, 0.06451698392629623, 0.03477134928107262, 0.02572682686150074, 0.06692984700202942, -0.02062322199344635, -0.012069843709468842, -0.01600121706724167, -0.030080348253250122, 0.01914462447166443, -0.0647391602396965, -0.040425628423690796, 0.028967922553420067, -0.02523423731327057, -0.010612541809678078, -0.06002974137663841, 0.0013234005309641361, -0.03041209653019905, 0.06326209753751755, -0.024151014164090157, -0.07126068323850632, -0.05188586562871933, 0.01931532844901085]",,"['2cc05ecbf2bd90ea3ae63cee1024349dce0d53d982b5ab4f1c7f3f184b165234', '4e108b1f42d6f63431d19a1012f56efc8a0dc6a4f9f6d0489899324803a7be31', '48ea6ed566798f598e21c9a52fa3414505c41845b2b6e12f4b3432af6e8855a2', '17e0fdc759338ce9b4063fbf587ed552153220956c71b55ba58dee5a0cd742e2', 'f2b4418dadddafd5c538ef0f37001853fe74690689f987fef142ff26722b288b', '3995cf0a0a606f04e1079fdec1cf88798e3706d1b6bf230cf1195bf2414f4078', '12a1dc9f8a275e77e835a81a9c56645346b72530b3082c0ac612e955fbd05a35', '8cd78c0476dc6835b0c824e89498d3060f38b925441e7184858f4c79e2dca864', '7414ee525e2f092e1aea0a35a8d4fa23649a49526f5a70b153fe4bf6deb5e270', 'f48105e564f1077da3a33e178e850453652eded75cd402013c3da84835f0f611', '7d90d0e033dfd75325380a15338118f83fce084cd715df723bef222392b6d584', '8a5c300fe89f3b82c6dea04d7da88c52a24afd58282f58e9b2071f1947a95d4b', '23240cc914a579988e225d08cddf4714902282a9ab51811338781d0d600e950b', 'aa8fe17953db2fd4b91cc468e43002fc6bab184165438e7ef371e020140334d8', 'bdfe8d650c3c8d5e143ed56866557be42d63fb2c95de668bf7855d1550d0d82b', '47789c95c441280995cfe263ef8d9876ea560c382090095c85859cdc3622f954', 'c9590fd7a0fe97ddbec13f1e390d5a3a0976e54cf387f6e6cacab78559a84ac2', '6e2103a67247b02a112b14885a88b2713f87acd66fd144bde1a4079fb7d1a254', 'd9072b798e7153da666d3cfcde90d27b9d742b13ed4c9d0213f9368bc78bfbaa', '94cdc78a14e42db87170b20a278350a0332433f4ea0aa67d33edb53e29282d80', 'ee9b6912433c1b186248b937977108b01d4cc37cee4f68799f80f47503c0f175', 'd827466826e37019058772adc1e7abf90ae183dd2fdc302f5fe154766640231a', '869c5721eeca47e763b176131f507d183d90689a3cebe0fb9a3a3cd6dea8fa78', 'f47e364df8aad2225ee0eeb8f313e21dfcb265dc52f36b5745458744d4e3988d', '5523d524d6e1f50445cdc022e600e1575cb0c499b0a982da0309f5702ee7307b']",1548153758138
68,3b03eb43b0617b2cfa09116bf1d37c52c6c5ad4e19ce4fdb63b87eea0ae31d3a,"[-0.09509681910276413, -0.07951338589191437, -0.17949025332927704, 0.32807520031929016, -0.10859714448451996, 0.4479600191116333, 0.06731786578893661, 0.02762039378285408, 0.26383575797080994, 0.09340927749872208, -0.3112952411174774, -0.04106251522898674, 0.07472147047519684, -0.1520693451166153, -0.07022546976804733, -0.018116265535354614, 0.0012870237696915865, -0.09505785256624222, -0.11957357823848724, -0.04646855220198631, 0.0018612397834658623, -0.00334741547703743, -0.03342951834201813, -0.014498431235551834, -0.10067189484834671, 0.05459517240524292, -0.09190243482589722, 0.10001206398010254, 0.06451698392629623, 0.03477134928107262, 0.02572682686150074, 0.06692984700202942, -0.02062322199344635, -0.012069843709468842, -0.01600121706724167, -0.030080348253250122, 0.01914462447166443, -0.0647391602396965, -0.040425628423690796, 0.028967922553420067, -0.02523423731327057, -0.010612541809678078, -0.06002974137663841, 0.0013234005309641361, -0.03041209653019905, 0.06326209753751755, -0.024151014164090157, -0.07126068323850632, -0.05188586562871933, 0.01931532844901085]",,"['2cc05ecbf2bd90ea3ae63cee1024349dce0d53d982b5ab4f1c7f3f184b165234', '4e108b1f42d6f63431d19a1012f56efc8a0dc6a4f9f6d0489899324803a7be31', '48ea6ed566798f598e21c9a52fa3414505c41845b2b6e12f4b3432af6e8855a2', '17e0fdc759338ce9b4063fbf587ed552153220956c71b55ba58dee5a0cd742e2', 'f2b4418dadddafd5c538ef0f37001853fe74690689f987fef142ff26722b288b', '3995cf0a0a606f04e1079fdec1cf88798e3706d1b6bf230cf1195bf2414f4078', '12a1dc9f8a275e77e835a81a9c56645346b72530b3082c0ac612e955fbd05a35', '8cd78c0476dc6835b0c824e89498d3060f38b925441e7184858f4c79e2dca864', '7414ee525e2f092e1aea0a35a8d4fa23649a49526f5a70b153fe4bf6deb5e270', 'f48105e564f1077da3a33e178e850453652eded75cd402013c3da84835f0f611', '7d90d0e033dfd75325380a15338118f83fce084cd715df723bef222392b6d584', '8a5c300fe89f3b82c6dea04d7da88c52a24afd58282f58e9b2071f1947a95d4b', '23240cc914a579988e225d08cddf4714902282a9ab51811338781d0d600e950b', 'aa8fe17953db2fd4b91cc468e43002fc6bab184165438e7ef371e020140334d8', 'bdfe8d650c3c8d5e143ed56866557be42d63fb2c95de668bf7855d1550d0d82b', '47789c95c441280995cfe263ef8d9876ea560c382090095c85859cdc3622f954', 'c9590fd7a0fe97ddbec13f1e390d5a3a0976e54cf387f6e6cacab78559a84ac2', '6e2103a67247b02a112b14885a88b2713f87acd66fd144bde1a4079fb7d1a254', 'd9072b798e7153da666d3cfcde90d27b9d742b13ed4c9d0213f9368bc78bfbaa', '94cdc78a14e42db87170b20a278350a0332433f4ea0aa67d33edb53e29282d80', 'ee9b6912433c1b186248b937977108b01d4cc37cee4f68799f80f47503c0f175', 'd827466826e37019058772adc1e7abf90ae183dd2fdc302f5fe154766640231a', '869c5721eeca47e763b176131f507d183d90689a3cebe0fb9a3a3cd6dea8fa78', 'f47e364df8aad2225ee0eeb8f313e21dfcb265dc52f36b5745458744d4e3988d', '5523d524d6e1f50445cdc022e600e1575cb0c499b0a982da0309f5702ee7307b']",1548153758138
69,00d2cb980b6a0e42abb086471340d9b10c867e420584b4c862cd5873675199fc,"[-0.07294109463691711, -0.11885406076908112, -0.001980491681024432, -0.0017800854984670877, 0.1727358102798462, 0.030360698699951172, 0.0487675666809082, -0.0932416170835495, -0.03350640833377838, -0.04289159178733826, -0.010149895213544369, -0.004087353125214577, -0.013847284018993378, -0.02028973586857319, 0.004416074603796005, -0.005060303956270218, -0.014426670968532562, 0.03643297776579857, 0.00907096453011036, -0.026438502594828606, 0.026010574772953987, -0.0023260347079485655, -0.029300902038812637, -0.009225698187947273, 0.008721044287085533, -0.002611177507787943, -0.008472254499793053, 0.00013673712965101004, -0.012583701871335506, 0.0028792049270123243, -0.015791088342666626, 0.0011548642069101334, 0.006060652434825897, 0.003221179824322462, -0.008536107838153839, 0.017576418817043304, -0.024779431521892548, 0.01269676722586155, -0.02348453924059868, 0.012318572029471397, -0.016663581132888794, 0.024422507733106613, -0.01083092950284481, -0.02282831072807312, 0.009721674956381321, -0.007949791848659515, -0.0123470863327384, 0.002419885015115142, -0.0095729511231184, -0.024167560040950775]",,"['308d4a723466c68a87b151c8dd85533882595da0d5ffb26fcdd16535ff97dbee', '7b2000892b9bc856fc54106458c0ad9311d256d84ca5211c4bd2b17dc43f98db', '9588565cc89c6ddfd125db40a14efdf3613cd46b4c57bd3e0b19889bb21f1819', 'f3a56258609ad640d837c06953a004818d5758a5a8a3ef4a7dfde581ab38dcf4', '3fbcf5cb7a7427781244c9f26afce196fc96b996d3f6daf9228bcf40e71ca109', 'a330f78cce910f02eb61a9e3b4d0808af6e8b780b31c24ffc477808b1471b40d', '70c173aad3643a06754335b9006fc5cd5f4419db6a50cd309c739314da0c5dc2', 'd32c2429cfdf1d2ea9bec99bbacd0fd81bf39ffd5c7ba711639ad2ad2dcf24b7', '6b778e104ceb30b08f0b702d24579e6bd424bd554cec88ffa63d35d645ab3fd8', 'd637778e452d2363641aff2607b9d929f12a1e84fe4f67f65a16eb147ad45027', '0fba8c97eead7c20b2a0b00a42fce8679c006c70064569b7d9f3db178a835f9a', '1f2c46f620d456109e1b4f9886024920e8069d130cddd6b4d0fa724987959f22', '514045b6761a264ecbc8238d1541b7791c292a1cb849a2a68362aefef4ba35b0']",1548042466716
70,00d2cb980b6a0e42abb086471340d9b10c867e420584b4c862cd5873675199fc,"[-0.07294109463691711, -0.11885406076908112, -0.001980491681024432, -0.0017800854984670877, 0.1727358102798462, 0.030360698699951172, 0.0487675666809082, -0.0932416170835495, -0.03350640833377838, -0.04289159178733826, -0.010149895213544369, -0.004087353125214577, -0.013847284018993378, -0.02028973586857319, 0.004416074603796005, -0.005060303956270218, -0.014426670968532562, 0.03643297776579857, 0.00907096453011036, -0.026438502594828606, 0.026010574772953987, -0.0023260347079485655, -0.029300902038812637, -0.009225698187947273, 0.008721044287085533, -0.002611177507787943, -0.008472254499793053, 0.00013673712965101004, -0.012583701871335506, 0.0028792049270123243, -0.015791088342666626, 0.0011548642069101334, 0.006060652434825897, 0.003221179824322462, -0.008536107838153839, 0.017576418817043304, -0.024779431521892548, 0.01269676722586155, -0.02348453924059868, 0.012318572029471397, -0.016663581132888794, 0.024422507733106613, -0.01083092950284481, -0.02282831072807312, 0.009721674956381321, -0.007949791848659515, -0.0123470863327384, 0.002419885015115142, -0.0095729511231184, -0.024167560040950775]",,"['308d4a723466c68a87b151c8dd85533882595da0d5ffb26fcdd16535ff97dbee', '7b2000892b9bc856fc54106458c0ad9311d256d84ca5211c4bd2b17dc43f98db', '9588565cc89c6ddfd125db40a14efdf3613cd46b4c57bd3e0b19889bb21f1819', 'f3a56258609ad640d837c06953a004818d5758a5a8a3ef4a7dfde581ab38dcf4', '3fbcf5cb7a7427781244c9f26afce196fc96b996d3f6daf9228bcf40e71ca109', 'a330f78cce910f02eb61a9e3b4d0808af6e8b780b31c24ffc477808b1471b40d', '70c173aad3643a06754335b9006fc5cd5f4419db6a50cd309c739314da0c5dc2', 'd32c2429cfdf1d2ea9bec99bbacd0fd81bf39ffd5c7ba711639ad2ad2dcf24b7', '6b778e104ceb30b08f0b702d24579e6bd424bd554cec88ffa63d35d645ab3fd8', 'd637778e452d2363641aff2607b9d929f12a1e84fe4f67f65a16eb147ad45027', '0fba8c97eead7c20b2a0b00a42fce8679c006c70064569b7d9f3db178a835f9a', '1f2c46f620d456109e1b4f9886024920e8069d130cddd6b4d0fa724987959f22', '514045b6761a264ecbc8238d1541b7791c292a1cb849a2a68362aefef4ba35b0']",1548042466716
71,ec1360574dc8d9308bdb4ffee9dac125a59c32ef5db0a6d727f0dcdce7ece35f,"[0.021029219031333923, -0.22104427218437195, 0.07421524822711945, 0.042384225875139236, 0.19343775510787964, 0.023845162242650986, 0.03781969100236893, -0.14678998291492462, -0.07256148010492325, -0.016160378232598305, 0.03355221450328827, 0.10753662884235382, -0.01097795832902193, -0.023216214030981064, -0.050188228487968445, 0.009812786243855953, -0.04046529904007912, 0.008897446095943451, -0.03790411725640297, 0.0407816544175148, -0.023420827463269234, -0.03144729882478714, -0.006996564567089081, -0.03329245746135712, 0.0189504474401474, -0.07509078085422516, -0.04358261451125145, -0.06963954865932465, -0.023914627730846405, -0.0029152058996260166, -0.07376793026924133, 0.00429966114461422, -0.03869406878948212, -0.04651761054992676, -0.003879506140947342, -0.06586266309022903, -0.023194169625639915, -0.01690281182527542, -0.011920144781470299, -0.0029893387109041214, 0.06215924024581909, -0.018947886303067207, 0.03702257573604584, -0.018452659249305725, -0.0359431616961956, 0.004094230011105537, 0.03256979212164879, 0.013476908206939697, -0.014153395779430866, -0.015002736821770668]","['21d6856cab645f7ad1fa7ce0185786e7b825550602ef0e39195490d301134b84', '21d6856cab645f7ad1fa7ce0185786e7b825550602ef0e39195490d301134b84']",['21d6856cab645f7ad1fa7ce0185786e7b825550602ef0e39195490d301134b84'],1548379414284
72,ec1360574dc8d9308bdb4ffee9dac125a59c32ef5db0a6d727f0dcdce7ece35f,"[0.021029219031333923, -0.22104427218437195, 0.07421524822711945, 0.042384225875139236, 0.19343775510787964, 0.023845162242650986, 0.03781969100236893, -0.14678998291492462, -0.07256148010492325, -0.016160378232598305, 0.03355221450328827, 0.10753662884235382, -0.01097795832902193, -0.023216214030981064, -0.050188228487968445, 0.009812786243855953, -0.04046529904007912, 0.008897446095943451, -0.03790411725640297, 0.0407816544175148, -0.023420827463269234, -0.03144729882478714, -0.006996564567089081, -0.03329245746135712, 0.0189504474401474, -0.07509078085422516, -0.04358261451125145, -0.06963954865932465, -0.023914627730846405, -0.0029152058996260166, -0.07376793026924133, 0.00429966114461422, -0.03869406878948212, -0.04651761054992676, -0.003879506140947342, -0.06586266309022903, -0.023194169625639915, -0.01690281182527542, -0.011920144781470299, -0.0029893387109041214, 0.06215924024581909, -0.018947886303067207, 0.03702257573604584, -0.018452659249305725, -0.0359431616961956, 0.004094230011105537, 0.03256979212164879, 0.013476908206939697, -0.014153395779430866, -0.015002736821770668]","['21d6856cab645f7ad1fa7ce0185786e7b825550602ef0e39195490d301134b84', '21d6856cab645f7ad1fa7ce0185786e7b825550602ef0e39195490d301134b84']",['21d6856cab645f7ad1fa7ce0185786e7b825550602ef0e39195490d301134b84'],1548379414284
73,b8621b53b8708a90464c80f7dd3bd2a3deefed7b3e19624f0b1736c39588e24d,"[-0.06860107183456421, 0.07221076637506485, -0.29962071776390076, 0.3663591742515564, -0.045051317662000656, 0.24175649881362915, 0.10961173474788666, 0.02342084050178528, 0.19664216041564941, 0.10588093101978302, -0.2418656051158905, -0.03973901644349098, 0.09280024468898773, -0.047544531524181366, -0.03776705265045166, 0.0724354088306427, 0.008459512144327164, 0.0034820176661014557, -0.07133324444293976, -0.0007697846740484238, 0.012733550742268562, -0.02992986887693405, -0.034578993916511536, 0.02069077268242836, -0.14544588327407837, 0.05519736558198929, -0.04497385025024414, 0.06752482801675797, 0.0010009314864873886, 0.05847419053316116, 0.06576906144618988, 0.13681790232658386, 0.012740204110741615, 0.02742457017302513, -0.03217222914099693, -0.01892273686826229, -0.0032366374507546425, -0.10967869311571121, -0.03716433793306351, 0.02985149621963501, 0.01983051188290119, 0.03282133489847183, 0.016082320362329483, -0.04422905296087265, -0.01962757296860218, 0.02775568887591362, 0.024836065247654915, -0.035999417304992676, 0.007582167163491249, 0.03562215343117714]",,"['23240cc914a579988e225d08cddf4714902282a9ab51811338781d0d600e950b', 'cbb5b59dd5b93ef3fcc6ccfdeaccf834fd3ae392c87256a5b8702f7cf3cf7523', '27b900de56a57a046c28f206d894a10e5ce7370d706b7a7b9af8fdb7f8b75610', 'f24e962cb9b138cf89982db3fc7cd40f4d79b6b109e39593a15e18cbacc4dc9a', '6f83e8f895bf4f96d5d1bc480b40f3a0969d06064f84f28a039ca1f801e8f24c', '7c95fb325e154119cd209eedc9c8e777448e15a78ef1b7c964ec5ff0cfb4fd07', '388687fb6a0f82472e46b3c247b9f245e33b19550d30d19849fb03064d619788', 'f29125978b0b0b33d75491774d1c3b60279f48ec4f6f6feb265daf62052c3d27', '27cc0003b1a04745e82203c9bee453ab7c989042a7f5608ed9aa532ee3c82fb5', '8d729a2ae8a19d47e3e626fa0880179b7b286d10b7194001cc3494fcbbe7b34f', 'f0a42416d373c2e3eda752adc50fa49b9452b1b2357e9c85299b714e453a2c23', 'd3072062033d7b5ebc2d2af457f9f9b76f0970c32ec749989d1e34008314d5fb', '5013a5218660ffaaf84072ac530ffcd143562b0ddd0b7a618ab44c2ee4a228b4', 'b1741e5082699cc9f17325c9456947642e23826597c9715f9cc50a0c5a2745e4', 'cb66fe30ac85b7e113f84b8fa6f06fc0211392dda42a8e911bb635005af1d842']",1549852720159
74,e40c5ee70b731665b8688082e43564faf5f4aff81a25613b9a6f8065ab9b67ea,"[-0.10079765319824219, 0.04032066836953163, -0.2558292746543884, 0.05394776910543442, -0.04698123782873154, -0.0785822793841362, -0.006204929202795029, 0.04685935750603676, -0.03831043466925621, 0.10741426050662994, 0.06333021819591522, 0.028737872838974, -0.01694520190358162, 0.12355010211467743, 0.059511248022317886, 0.1425165832042694, 0.0035730330273509026, -0.0823223888874054, -0.0895848423242569, -0.01849854364991188, 0.09833510965108871, -0.19861912727355957, -0.04912553355097771, 0.09108373522758484, -0.1440836489200592, 0.04053155705332756, 0.03964897245168686, -0.013404683209955692, 0.037200622260570526, 0.04162069782614708, -0.00472039170563221, -0.018432382494211197, -0.0266247745603323, 0.03841061517596245, -0.08264320343732834, 0.04405076801776886, 0.12278664112091064, 0.0358148030936718, -0.09479574114084244, -0.032025665044784546, 0.12400993704795837, -0.1103663295507431, 0.0070245214737951756, -0.06166163831949234, 0.07189664244651794, -0.09734584391117096, 0.0851261168718338, 0.040733225643634796, -0.08273382484912872, -0.0918339192867279]",,"['0442453ae5f901161c494197d371e1f3d46a68357b9e25dc99b219de6fb9d972', '6b101d4b1df06ad744332e62dbf21a03e35ad959e0ff9e73ea6ee78d4f22f5f9', '6437fa86ffbc99b697227f0b1133fd101c6951b5182e2bb54a9b103335ba436a', '6f456eac528ebe8299c4b01b893f89312a60254b05fbf4cfa3f4c75b055a8b8b', '34c8f60a6d2f8a15f8ba57a18d7cc9065784802867acf89bc595db444bf31a04', 'bcec4bf55cb2f4db39c5879275c5ed222beb4b2594d4adefbe55239b3817fdf5', 'b4573bc8c1bfe00898b57ac465642b94850cd5a24b30329423f66d55f22c650f', 'd9e0b214d5d34c2e3665b3f33ddc02e1cae5b4ca4042757ef69c6dbcbdc66986', 'f901c3b0510891e44d258f35337e25dc32e53944471a18c261a809d92e12e3db', 'e24c9141f9d2c1ea164c87798f2cca531dc544123040cbc5ab4a81c2a77598b6', 'be07f68581f54d043a3ae0b5001955f7b40845b3b7e70cff159420f2b552608c', 'df2e42d370d93cc99c055becaf6d8f9993f53ea394edf26eae54b5cf7a0d91af', 'e789766d8ba1567349c2a705c0a991d023cf6465191b0bb4efc47af132ab56c9', '79eee0681e3f137e0adc0c9b342a83473e007c215f0b945ba9682453727a2ee7', '8805745d951c71c2a769c8c04c83b987bd5bf4423df5c42bc4f98aa20d302fda', '1f1f0c0a0eb03de7dacc4407c5e631b959b392ae83c1c41bf1e22b05551d7c6c', 'f6b3a1f83a139ab95f327bd7fe3de305d72b5d8690254c2eb97f4d1775f00117', 'd36e768f62d128b547c5ec95ff6199f97db4241fff03f120eceb1f2967322630', '137be1dbc0d644a775cf3549450cbb528be0948a390027583a3154ec17782253', 'd1b77c1a34f85ff458d2f93aeba48631911e8ff4f4b836120766ff246ce0d155', 'd94f29e4a79d463345bfd014c17af12fcba7732e13de8c0392d55f4df71d5322', '3100aedb58bf95421726cf771f2236ca0024afcb7676eb2dc83ac6088abadfb2', '12ed450d97b0aca205d3545285b419c18cae1649f96b1b7b258266964f718730', '1febab2ec1c468dc20365697d368d8a716d35eab9b57b29c1977878e62b07dfc', 'c4247665e2e51be3d838625649f13b1a1434094bcb398447c77efa3855fb3319']",1548091828783
75,d6581f30eee757852a1a0e88d6c38c8f81441d06a7c52d16f782a7260a418c46,"[-0.018799802288413048, -0.2817137837409973, 0.12754514813423157, 0.06283983588218689, 0.003068487625569105, 0.016169896349310875, 0.04153359308838844, -0.003974690102040768, -0.004898102954030037, 0.024432681500911713, 0.0015594915021210909, -0.045026205480098724, -0.024051176384091377, -0.009228287264704704, 0.010707431472837925, -0.03374845162034035, -0.0017365673556923866, -0.008625096641480923, 0.05531135946512222, -0.057812318205833435, 0.04496525228023529, -0.10263655334711075, 0.002298950217664242, 0.036635421216487885, 0.0038518495857715607, -0.05264861136674881, 0.00760564673691988, -0.023444902151823044, 0.014416799880564213, -0.024524236097931862, -0.09993454813957214, 0.0296202190220356, 0.05014413595199585, 0.13355758786201477, -0.06869682669639587, 0.05178561434149742, 0.019047865644097328, -0.062345027923583984, 0.04327116161584854, 0.09833569824695587, 0.025306811556220055, 0.014146411791443825, -0.004121575504541397, 0.07505230605602264, -0.05275731533765793, -0.024148236960172653, 0.038751523941755295, 0.024498600512742996, 0.05524304509162903, 0.03376254066824913]",,,1547919562685
76,3ec9a254299f121c254ad5ad769814a4008890a9b56d322c5130593d90944518,"[-0.15160934627056122, -0.07535286247730255, -0.0130589185282588, -0.09264466166496277, -0.04003738611936569, 0.022480132058262825, 0.003116021864116192, -0.05974987894296646, -0.044770434498786926, 0.016559956595301628, 0.02357415296137333, -0.03016049414873123, -0.01858406513929367, 0.026845991611480713, -0.02363765612244606, 0.04899594932794571, -0.015422293916344643, -0.020349323749542236, -0.05547192692756653, 0.036086469888687134, -0.014068320393562317, -0.045484162867069244, -0.011637666262686253, 0.005991436541080475, 0.026365794241428375, -0.012327206321060658, -0.00998285785317421, -0.05772824585437775, -0.04364066570997238, -0.00810030847787857, -0.0063113439828157425, 0.008270122110843658, 0.030278021469712257, 0.004415243864059448, 0.005577465984970331, 0.006614943966269493, -0.006863253191113472, 0.025845233350992203, 0.039376262575387955, 0.0029126391746103764, 0.032757461071014404, -0.04214292764663696, -0.003940969239920378, 0.036591652780771255, -0.024425290524959564, -0.03473445400595665, -0.01588599570095539, 0.01885851100087166, 0.008582944050431252, -0.009868296794593334]",,"['8241c56e5e4ffe6edd2d5e19dcd81759d89c81c571be21fbe7f203f0e034b469', '4d21c093b0e55d5ca90228fcc4873d40b92ec6549a017f73d4a552ecf6b84e52', 'e09ba7ba2b7310a4e31d9f9b6127cf699df4a1ac992427d3a9fea37e78cb5fb5', 'b66b777adab78b333e91923a33953dd065c65b96f12dafde4eb62c9431577745', 'e2f0bb222effae2a8ab8c969ae96d57e091757616e6da9995208bf826e973387', '87baf933a3ad28a65f8a22cb27acaaf5fa00b395b2b0e92d9c535dd70c80d142', '948987e89aa6b567117dda2d07f6bed41537d6233d71093af62d7fab9bd5762c', 'eebada9b8bde61caeeaa62f6a8642580a9bf917e6284b0b14d7e91bc2cf4fbb6', '93555a452ff78af1b7a27201572d0da9c69767d869dc9242cd4010f677312255', '02c59ea25930b23559673943d33fec7204f598ebcea58f4ba643f25979bcd68d', '520552fff922e8a4be77349e4a007f5b793627754306b1e0caafec1a15936c2d', '5fdcd14a428e473c61b715f2e3304328f17ebf78121caef944c03a75e513b4bb']",1548369749221
77,3ec9a254299f121c254ad5ad769814a4008890a9b56d322c5130593d90944518,"[0.2533499002456665, -0.1523435413837433, 0.006446557119488716, 0.13471662998199463, 0.027667803689837456, -0.03371422737836838, -0.0065583353862166405, 0.012025341391563416, -0.010885687544941902, 0.10640068352222443, 0.004804589785635471, 0.09896473586559296, -0.02769140526652336, 0.07535860687494278, 0.04796726256608963, 0.015542929992079735, 0.00596375297755003, -0.0013092746958136559, 0.004387733060866594, -0.02721894159913063, -0.030900727957487106, -0.006008902098983526, 0.03504273295402527, -0.013625089079141617, -0.02113151364028454, 0.016814827919006348, 0.021260149776935577, -0.03602376580238342, -0.01106671616435051, 0.027014179155230522, 0.038141243159770966, 0.0010981373488903046, 0.016335461288690567, -0.025303076952695847, 0.00956379808485508, -0.0028979757335036993, -0.0018025347962975502, 0.02600192278623581, 0.01768934167921543, -0.034880757331848145, -0.013423338532447815, 0.007337236311286688, 0.008956142701208591, 0.0035420837812125683, -0.011133003979921341, 0.007575464900583029, 0.006874576210975647, -0.01749817095696926, 0.008469976484775543, 0.0009155103471130133]",,,1548369814229
78,3ec9a254299f121c254ad5ad769814a4008890a9b56d322c5130593d90944518,"[-0.06950055807828903, -0.22601406276226044, 0.07957042008638382, -0.027932235971093178, -0.06811736524105072, 0.0228949673473835, 0.004617718048393726, -0.007812692783772945, -0.0035425513051450253, 0.04728031903505325, -0.009234472177922726, -0.12854859232902527, -0.010032029822468758, 0.05922972410917282, 0.0256718210875988, 0.04778308421373367, 0.005080087576061487, -0.008690805174410343, -0.025729399174451828, -0.003960948437452316, 0.01609138399362564, -0.025365162640810013, 0.019545648247003555, -0.027471905574202538, 0.06079710274934769, -0.0043771532364189625, -0.013314449228346348, -0.0326368547976017, 0.05034193396568298, 0.001565997488796711, 0.05951911583542824, -0.034239135682582855, 0.008980066515505314, 0.008994308300316334, 0.02067168802022934, -0.024856414645910263, -0.008655264973640442, 0.031745199114084244, 0.02001769095659256, -0.0039353203028440475, 0.04888508841395378, -0.029629793018102646, 0.032597851008176804, 0.03393435478210449, -0.007382553070783615, -0.019337084144353867, -0.02819097228348255, 0.028943756595253944, 0.06235380098223686, -0.04433215782046318]",,,1548369969775
79,3ec9a254299f121c254ad5ad769814a4008890a9b56d322c5130593d90944518,"[-0.05343829095363617, -0.1683838963508606, 0.037975065410137177, 0.005758092738687992, 0.11633622646331787, 0.02431299164891243, 0.07888332009315491, -0.08063981682062149, -0.03014807030558586, -0.04655188322067261, -0.01497805304825306, -0.02458314597606659, 0.009523728862404823, -0.01414565835148096, -0.0017472561448812485, 0.017586294561624527, -0.013113178312778473, -0.00028207222931087017, 0.003747054375708103, 0.02192070707678795, 0.02997666224837303, 0.007591011002659798, 0.004929225891828537, -0.018130522221326828, 0.02107350528240204, -0.00392869021743536, -0.0148856732994318, 0.0017262515611946583, 0.0015481878072023392, -0.005211569368839264, -0.00013435212895274162, -0.009865048341453075, -0.02803376317024231, 0.018785640597343445, -0.01611044444143772, -0.01180140022188425, -0.01535036787390709, 0.00994873046875, -0.014017917215824127, 0.013018886558711529, 0.01298227533698082, -0.012399167753756046, 0.00031223008409142494, -0.012835264205932617, 0.003981287125498056, -0.011487917974591255, -0.002791482489556074, 0.01482146605849266, 0.016487272456288338, 0.006591205019503832]",,,1548369995514
80,3ec9a254299f121c254ad5ad769814a4008890a9b56d322c5130593d90944518,"[-0.12334421277046204, -0.10228677093982697, -0.0015105661004781723, -0.057473599910736084, 0.04627510532736778, 0.022192060947418213, 0.05023661628365517, -0.0863058865070343, -0.047332748770713806, -0.04768693447113037, -0.008846488781273365, -0.005056918133050203, 0.00146165257319808, -0.0008380744839087129, -0.005611257161945105, 0.03194703534245491, -0.014564095064997673, -0.011922409757971764, -0.029021337628364563, 0.0330076590180397, 0.017290733754634857, -0.004153248853981495, -0.012327028438448906, -0.011079216375946999, 0.015151886269450188, -0.0002723671495914459, -0.01826613023877144, -0.02491498738527298, -0.03457340970635414, -0.014361649751663208, -0.02446110174059868, 0.01148192211985588, -0.005749448202550411, 0.019074363633990288, -0.016674092039465904, -0.000492386519908905, -0.01578754186630249, 0.005514170043170452, -0.002310812706127763, 0.026410408318042755, 0.011580867692828178, -0.024062497541308403, -0.008165661245584488, 0.006872006691992283, -0.001898814458400011, -0.025750547647476196, -0.007794430013746023, 0.0008308500982820988, 0.004720247350633144, 0.018490418791770935]",,"['eebada9b8bde61caeeaa62f6a8642580a9bf917e6284b0b14d7e91bc2cf4fbb6', '93555a452ff78af1b7a27201572d0da9c69767d869dc9242cd4010f677312255', '02c59ea25930b23559673943d33fec7204f598ebcea58f4ba643f25979bcd68d', 'e09ba7ba2b7310a4e31d9f9b6127cf699df4a1ac992427d3a9fea37e78cb5fb5', '5fdcd14a428e473c61b715f2e3304328f17ebf78121caef944c03a75e513b4bb', 'b66b777adab78b333e91923a33953dd065c65b96f12dafde4eb62c9431577745', '948987e89aa6b567117dda2d07f6bed41537d6233d71093af62d7fab9bd5762c', '520552fff922e8a4be77349e4a007f5b793627754306b1e0caafec1a15936c2d', 'e2f0bb222effae2a8ab8c969ae96d57e091757616e6da9995208bf826e973387', '87baf933a3ad28a65f8a22cb27acaaf5fa00b395b2b0e92d9c535dd70c80d142', '8241c56e5e4ffe6edd2d5e19dcd81759d89c81c571be21fbe7f203f0e034b469', '4d21c093b0e55d5ca90228fcc4873d40b92ec6549a017f73d4a552ecf6b84e52']",1548370148846
81,3ec9a254299f121c254ad5ad769814a4008890a9b56d322c5130593d90944518,"[-0.11334063112735748, -0.18933071196079254, 0.02989804744720459, -0.05690651014447212, -0.08380530774593353, 0.0001566256396472454, -0.010788163170218468, -0.04455971717834473, -0.024966586381196976, 0.054548926651477814, 0.032310597598552704, -0.05155240371823311, -0.007826156914234161, 0.04767472296953201, -0.010457225143909454, 0.013265050947666168, -0.038688573986291885, -0.018291454762220383, -0.03073747083544731, 0.012298692017793655, -0.04769495129585266, -0.027013951912522316, 0.03758002072572708, 0.011754317209124565, 0.008373046293854713, -0.019357386976480484, 0.048744022846221924, -0.05329618602991104, -0.0417604073882103, -0.011117622256278992, -0.029154060408473015, 0.05750739574432373, -0.0003870958462357521, 0.04122013598680496, 0.020462563261389732, 0.00025949254631996155, -0.055280305445194244, 0.05183029919862747, 0.026590611785650253, 0.020427100360393524, -0.001864099409431219, -0.0497007742524147, -0.016806021332740784, -0.016112204641103745, -0.03405424952507019, -0.034032076597213745, -0.0032771348487585783, -0.006441135425120592, -0.023805541917681694, 0.0037408554926514626]",,"['02c59ea25930b23559673943d33fec7204f598ebcea58f4ba643f25979bcd68d', 'e09ba7ba2b7310a4e31d9f9b6127cf699df4a1ac992427d3a9fea37e78cb5fb5', 'b66b777adab78b333e91923a33953dd065c65b96f12dafde4eb62c9431577745']",1548370621018
82,bdca28b74a64ce57cbfbd7cb7fffa68deca12a48d0dc28b993f724dfe27e8c09,"[-0.048702482134103775, -0.05566821247339249, -0.0698724240064621, 0.14181825518608093, -0.0364864319562912, 0.0827694833278656, -0.06912887096405029, -0.016506323590874672, -0.09763228893280029, -0.19084154069423676, -0.02159963920712471, 0.06068461388349533, -0.24653984606266022, 0.05065950006246567, 0.25486740469932556, -0.1691451370716095, 0.403190553188324, -0.06926555186510086, 0.12577134370803833, 0.3351273536682129, -0.046056754887104034, -0.2936539053916931, 0.10264909267425537, -0.03208038955926895, -0.037780486047267914, 0.020362606272101402, 0.02018819935619831, 0.047169387340545654, -0.013739988207817078, 0.06622564792633057, -0.09522569179534912, -0.013011137023568153, 0.061948418617248535, 0.08201037347316742, 0.10215282440185547, -0.15550647675991058, -0.0019647348672151566, 0.0021230299025774, -0.06484919786453247, -0.01574746146798134, -0.1558399647474289, 0.08219548314809799, 0.06723514944314957, -0.03801489248871803, -0.009583096951246262, 0.03999599814414978, 0.04870890825986862, -0.008898463100194931, -0.04831370711326599, -0.015535431914031506]",,,1548461746206
83,bdca28b74a64ce57cbfbd7cb7fffa68deca12a48d0dc28b993f724dfe27e8c09,"[-0.048702482134103775, -0.05566821247339249, -0.0698724240064621, 0.14181825518608093, -0.0364864319562912, 0.0827694833278656, -0.06912887096405029, -0.016506323590874672, -0.09763228893280029, -0.19084154069423676, -0.02159963920712471, 0.06068461388349533, -0.24653984606266022, 0.05065950006246567, 0.25486740469932556, -0.1691451370716095, 0.403190553188324, -0.06926555186510086, 0.12577134370803833, 0.3351273536682129, -0.046056754887104034, -0.2936539053916931, 0.10264909267425537, -0.03208038955926895, -0.037780486047267914, 0.020362606272101402, 0.02018819935619831, 0.047169387340545654, -0.013739988207817078, 0.06622564792633057, -0.09522569179534912, -0.013011137023568153, 0.061948418617248535, 0.08201037347316742, 0.10215282440185547, -0.15550647675991058, -0.0019647348672151566, 0.0021230299025774, -0.06484919786453247, -0.01574746146798134, -0.1558399647474289, 0.08219548314809799, 0.06723514944314957, -0.03801489248871803, -0.009583096951246262, 0.03999599814414978, 0.04870890825986862, -0.008898463100194931, -0.04831370711326599, -0.015535431914031506]",,,1548461746206
84,a78225f48dac5c0962f4f26ddf7356a2be4baf31872c4d5e2a9c5bdc863776a9,"[-0.1106049120426178, -0.08071768283843994, 0.030637500807642937, -0.05503547564148903, 0.15529148280620575, -0.024418212473392487, 0.09196902811527252, -0.15304988622665405, 0.018999574705958366, -0.040398091077804565, -0.05828733369708061, 0.027711598202586174, 0.033793650567531586, -0.04257799685001373, 0.023319061845541, 0.016404040157794952, -0.007154346443712711, -0.002899925457313657, 0.015493929386138916, 0.037623628973960876, 0.009522061794996262, -0.010764813050627708, -0.012583333998918533, -0.01900390349328518, 0.006856490392237902, 0.0013518915511667728, -0.006516061257570982, -0.015976980328559875, -0.010056582279503345, -0.001225741347298026, -0.016395974904298782, -0.0013186924625188112, -0.01667298749089241, 0.004227110184729099, -0.044807493686676025, -0.00808640569448471, -0.008464555256068707, 0.018415823578834534, -0.011907228268682957, 0.013421859592199326, -0.0023271082900464535, 0.0005283266655169427, -0.0014255864080041647, -0.009831592440605164, 0.008276338689029217, -0.02346200868487358, -0.0014506299048662186, 0.0019176530186086893, 0.011609319597482681, 0.02025691047310829]",,"['97c53558d12239d409eeb754c9231e6088e0a7be6f4d6cecf40b2094533f5835', 'a3501fdaf6d869be27e9e808bd9387c888a8345591581bb6b8e358d9ea426847', '0b708eb3ceea79c4d5e7235adf13ad3f81aeac1822a483c4494e2d96be7faf5d', '7c3a33ec1a775b4954dc4114cee6c904c58d1d59284be0527814de96cafd6b85', '1e5ab001ca75a4d05a74be4c47f80535f128dc2d3fc7e46c881123a8f9ecf220', 'dae855d3d749ebf3f9d6fdfff0e4fe48cafb70d6b9ef12d2c635bc53c3c46f57', '2d752e98e063ccc8fb7e3b51c11e905f6076f0b5f5fddc26bf941ed03e82793e', '76bebf92d5486eab03207e3377be4e1214b651f859c6302d30bb66b4f4c7efbf', 'c8dfee1b0775bcf6aa2836919a707d587c10acba7a7a2758806aa6521b48a81d', '85779c39d302f9d80f310a270a2f3eec768c3295f58a254b29bc390ea25f99dd', 'e0d975b30ad94cbb1cd5ca09b70f8fc40bbd65a887a9981085a5fb7248399c31', '60e2bad9b9d0bad2139a956ae4f3f3349ed01154e3f4133d929cc05ffdb22e86', 'cdfeeb637e232bbe2be7cf0aa3998751f3ce77d493a32b2d31e4e63cd29ff600', 'ae6cf024fd12e85519d1f944493009b9fb019cd6474a4470548f84edf35aeba9', '724af8aadcc6b9b27f79a123afb7ff94d1a164a5f4a3b56bcf01e994696944aa', 'ddffc06a2bca4c83bf2c540c31fce29e141e31566ddb8fa30b1948b6064700a6', '77b7c4850e7ddad2ffa81af4379a3ae25d9107902fbd419d8312e0ee4067d70c', '42906e88d4ce24294d2274f7e0b8a4e111955895222467dc976bb4674bfdc1f3', 'cb2fd005729553054b15e8e5151a2ed0627eed4f70457fa93ca5fffa8d7ea971', 'e9e77277b19df1ad80850c9559500f4ee5a8eb7ecce178abbd0bafab80fae4e6', '047c0bb23f8e388561d83d1768bf7def760aaa55c74cda75ba8e88143967f262', 'a34ae73e6ce19dd1b3fcc537046e059b900c61282c0f89ce967609dce3bddff6', 'a9dc09fbcd83ff912a99a684470e6e2bc1bff4a8f9cfe4f25df1cbf34d6d71c3', '8dc92aa0e081fdeab00c0974218d455e04441a53e677a794139219e9c62c3e0d', 'ff1c2778ddb99f8a279f0b4bd915b637f655e4c76a8dee1e183c14bc5c8fa4c4']",1548545772432
85,a78225f48dac5c0962f4f26ddf7356a2be4baf31872c4d5e2a9c5bdc863776a9,"[-0.1106049120426178, -0.08071768283843994, 0.030637500807642937, -0.05503547564148903, 0.15529148280620575, -0.024418212473392487, 0.09196902811527252, -0.15304988622665405, 0.018999574705958366, -0.040398091077804565, -0.05828733369708061, 0.027711598202586174, 0.033793650567531586, -0.04257799685001373, 0.023319061845541, 0.016404040157794952, -0.007154346443712711, -0.002899925457313657, 0.015493929386138916, 0.037623628973960876, 0.009522061794996262, -0.010764813050627708, -0.012583333998918533, -0.01900390349328518, 0.006856490392237902, 0.0013518915511667728, -0.006516061257570982, -0.015976980328559875, -0.010056582279503345, -0.001225741347298026, -0.016395974904298782, -0.0013186924625188112, -0.01667298749089241, 0.004227110184729099, -0.044807493686676025, -0.00808640569448471, -0.008464555256068707, 0.018415823578834534, -0.011907228268682957, 0.013421859592199326, -0.0023271082900464535, 0.0005283266655169427, -0.0014255864080041647, -0.009831592440605164, 0.008276338689029217, -0.02346200868487358, -0.0014506299048662186, 0.0019176530186086893, 0.011609319597482681, 0.02025691047310829]",,"['97c53558d12239d409eeb754c9231e6088e0a7be6f4d6cecf40b2094533f5835', 'a3501fdaf6d869be27e9e808bd9387c888a8345591581bb6b8e358d9ea426847', '0b708eb3ceea79c4d5e7235adf13ad3f81aeac1822a483c4494e2d96be7faf5d', '7c3a33ec1a775b4954dc4114cee6c904c58d1d59284be0527814de96cafd6b85', '1e5ab001ca75a4d05a74be4c47f80535f128dc2d3fc7e46c881123a8f9ecf220', 'dae855d3d749ebf3f9d6fdfff0e4fe48cafb70d6b9ef12d2c635bc53c3c46f57', '2d752e98e063ccc8fb7e3b51c11e905f6076f0b5f5fddc26bf941ed03e82793e', '76bebf92d5486eab03207e3377be4e1214b651f859c6302d30bb66b4f4c7efbf', 'c8dfee1b0775bcf6aa2836919a707d587c10acba7a7a2758806aa6521b48a81d', '85779c39d302f9d80f310a270a2f3eec768c3295f58a254b29bc390ea25f99dd', 'e0d975b30ad94cbb1cd5ca09b70f8fc40bbd65a887a9981085a5fb7248399c31', '60e2bad9b9d0bad2139a956ae4f3f3349ed01154e3f4133d929cc05ffdb22e86', 'cdfeeb637e232bbe2be7cf0aa3998751f3ce77d493a32b2d31e4e63cd29ff600', 'ae6cf024fd12e85519d1f944493009b9fb019cd6474a4470548f84edf35aeba9', '724af8aadcc6b9b27f79a123afb7ff94d1a164a5f4a3b56bcf01e994696944aa', 'ddffc06a2bca4c83bf2c540c31fce29e141e31566ddb8fa30b1948b6064700a6', '77b7c4850e7ddad2ffa81af4379a3ae25d9107902fbd419d8312e0ee4067d70c', '42906e88d4ce24294d2274f7e0b8a4e111955895222467dc976bb4674bfdc1f3', 'cb2fd005729553054b15e8e5151a2ed0627eed4f70457fa93ca5fffa8d7ea971', 'e9e77277b19df1ad80850c9559500f4ee5a8eb7ecce178abbd0bafab80fae4e6', '047c0bb23f8e388561d83d1768bf7def760aaa55c74cda75ba8e88143967f262', 'a34ae73e6ce19dd1b3fcc537046e059b900c61282c0f89ce967609dce3bddff6', 'a9dc09fbcd83ff912a99a684470e6e2bc1bff4a8f9cfe4f25df1cbf34d6d71c3', '8dc92aa0e081fdeab00c0974218d455e04441a53e677a794139219e9c62c3e0d', 'ff1c2778ddb99f8a279f0b4bd915b637f655e4c76a8dee1e183c14bc5c8fa4c4']",1548545772432
86,a78225f48dac5c0962f4f26ddf7356a2be4baf31872c4d5e2a9c5bdc863776a9,"[-0.12246502935886383, -0.08398059010505676, 0.01762213557958603, -0.059560008347034454, 0.13003882765769958, -0.00046800728887319565, 0.11152000725269318, -0.1542569398880005, -0.015782460570335388, -0.06713435053825378, -0.07842907309532166, 0.030639000236988068, 0.04599852114915848, -0.022443799301981926, 0.03007209673523903, 0.027570169419050217, -0.02084527537226677, -0.020169071853160858, 0.005634215194731951, 0.05508072301745415, 0.029484257102012634, 0.007338567171245813, -0.036769941449165344, -0.025742745026946068, 0.02941569685935974, 0.025025445967912674, -0.011045081540942192, -0.015269214287400246, -0.009477652609348297, -0.010934464633464813, -0.011595459654927254, 0.0029874523170292377, -0.006107248831540346, 0.011624188162386417, -0.03861944377422333, -9.404681622982025e-05, -0.011298386380076408, 0.02104874886572361, -0.020637398585677147, 0.03170297294855118, -0.009782402776181698, -0.017275884747505188, -0.011463092640042305, -0.006514361128211021, 0.01934756338596344, -0.02654958888888359, -0.01702733524143696, -0.007562405429780483, 0.018731076270341873, 0.011836696416139603]",,"['b818b1a3382cdbf83d674935767d109ca546ea822a29b5ddc04a07f01ccf7cbc', '50123f57c1dd9fec6dbefc159f9569ed9813b27fe577a64347ce93f000adabac', '9c0ef7ace4323bb55255ce7d2a8c3be35c965e0b603d87d77f18be509e585fad', 'd50b582eb792e0f4607d82933145005b1fcd31e062c4bb8c610c7041c8e836f6', '404d85c004e62e90deba8525351900c27688fe214ae862dacebd8f18fc6a361f', 'ae9610817a79f3cba1f2f1c0152ea9968bf9834752bdf20533838138c741d80c', 'a34ae73e6ce19dd1b3fcc537046e059b900c61282c0f89ce967609dce3bddff6', '60e2bad9b9d0bad2139a956ae4f3f3349ed01154e3f4133d929cc05ffdb22e86', '11d71eab00f00c1434e11d57670847065ada6542f2e521864fbabe68246618a9', '0cdd0070fdf29b2709636ac0c14ddf69aec9f945a07d198503ce2ca163f4c5e7', '724af8aadcc6b9b27f79a123afb7ff94d1a164a5f4a3b56bcf01e994696944aa', 'c8dfee1b0775bcf6aa2836919a707d587c10acba7a7a2758806aa6521b48a81d', '8358fea51348e58c8c24599a51e50a8b598cd0ffd8c93e921c2f745766ab34e5', 'b6174bfad091e1968a740413eabc005a00abd701b3779199755ceb22d36664b1', '791e48754bf67e7fe44da39236ae1a83a979ec318f1ccde2f126dec2fdfe8c5b', '5ef6a6fb3dc1a759a3259d5ecc60e4df424cd0f4e91346ddf3c487572d4c7edb', '80d2961c0e5825a5a2cf565d47594c1a29d984122202d9adf6898dc715098ffc', 'cdfeeb637e232bbe2be7cf0aa3998751f3ce77d493a32b2d31e4e63cd29ff600', '096f91df44f31d2a1551546b8763aa985f2e04a6e6c95840a22b964ae33fea42', '85779c39d302f9d80f310a270a2f3eec768c3295f58a254b29bc390ea25f99dd', '76bebf92d5486eab03207e3377be4e1214b651f859c6302d30bb66b4f4c7efbf']",1548545856965
87,a78225f48dac5c0962f4f26ddf7356a2be4baf31872c4d5e2a9c5bdc863776a9,"[-0.12246502935886383, -0.08398059010505676, 0.01762213557958603, -0.059560008347034454, 0.13003882765769958, -0.00046800728887319565, 0.11152000725269318, -0.1542569398880005, -0.015782460570335388, -0.06713435053825378, -0.07842907309532166, 0.030639000236988068, 0.04599852114915848, -0.022443799301981926, 0.03007209673523903, 0.027570169419050217, -0.02084527537226677, -0.020169071853160858, 0.005634215194731951, 0.05508072301745415, 0.029484257102012634, 0.007338567171245813, -0.036769941449165344, -0.025742745026946068, 0.02941569685935974, 0.025025445967912674, -0.011045081540942192, -0.015269214287400246, -0.009477652609348297, -0.010934464633464813, -0.011595459654927254, 0.0029874523170292377, -0.006107248831540346, 0.011624188162386417, -0.03861944377422333, -9.404681622982025e-05, -0.011298386380076408, 0.02104874886572361, -0.020637398585677147, 0.03170297294855118, -0.009782402776181698, -0.017275884747505188, -0.011463092640042305, -0.006514361128211021, 0.01934756338596344, -0.02654958888888359, -0.01702733524143696, -0.007562405429780483, 0.018731076270341873, 0.011836696416139603]",,"['b818b1a3382cdbf83d674935767d109ca546ea822a29b5ddc04a07f01ccf7cbc', '50123f57c1dd9fec6dbefc159f9569ed9813b27fe577a64347ce93f000adabac', '9c0ef7ace4323bb55255ce7d2a8c3be35c965e0b603d87d77f18be509e585fad', 'd50b582eb792e0f4607d82933145005b1fcd31e062c4bb8c610c7041c8e836f6', '404d85c004e62e90deba8525351900c27688fe214ae862dacebd8f18fc6a361f', 'ae9610817a79f3cba1f2f1c0152ea9968bf9834752bdf20533838138c741d80c', 'a34ae73e6ce19dd1b3fcc537046e059b900c61282c0f89ce967609dce3bddff6', '60e2bad9b9d0bad2139a956ae4f3f3349ed01154e3f4133d929cc05ffdb22e86', '11d71eab00f00c1434e11d57670847065ada6542f2e521864fbabe68246618a9', '0cdd0070fdf29b2709636ac0c14ddf69aec9f945a07d198503ce2ca163f4c5e7', '724af8aadcc6b9b27f79a123afb7ff94d1a164a5f4a3b56bcf01e994696944aa', 'c8dfee1b0775bcf6aa2836919a707d587c10acba7a7a2758806aa6521b48a81d', '8358fea51348e58c8c24599a51e50a8b598cd0ffd8c93e921c2f745766ab34e5', 'b6174bfad091e1968a740413eabc005a00abd701b3779199755ceb22d36664b1', '791e48754bf67e7fe44da39236ae1a83a979ec318f1ccde2f126dec2fdfe8c5b', '5ef6a6fb3dc1a759a3259d5ecc60e4df424cd0f4e91346ddf3c487572d4c7edb', '80d2961c0e5825a5a2cf565d47594c1a29d984122202d9adf6898dc715098ffc', 'cdfeeb637e232bbe2be7cf0aa3998751f3ce77d493a32b2d31e4e63cd29ff600', '096f91df44f31d2a1551546b8763aa985f2e04a6e6c95840a22b964ae33fea42', '85779c39d302f9d80f310a270a2f3eec768c3295f58a254b29bc390ea25f99dd', '76bebf92d5486eab03207e3377be4e1214b651f859c6302d30bb66b4f4c7efbf']",1548545856965
88,a78225f48dac5c0962f4f26ddf7356a2be4baf31872c4d5e2a9c5bdc863776a9,"[-0.13699057698249817, -0.05720539018511772, -0.002095070667564869, -0.10268967598676682, -0.004212058149278164, -0.11285357922315598, 0.010643850080668926, -0.08474227786064148, 0.08343567699193954, 0.04842881113290787, 0.0057891542091965675, -0.058944083750247955, -0.015785081312060356, -0.05809622257947922, 0.022247299551963806, -0.008055703714489937, 0.009168512187898159, -0.00817191880196333, 0.039232924580574036, 0.09397368133068085, 0.09600941836833954, 0.06038832664489746, 0.03141799569129944, 0.005830352194607258, -0.05721285194158554, -0.03082452341914177, -0.038011334836483, 0.020559921860694885, 0.0030440245755016804, 0.04706955701112747, -0.04394650086760521, 0.008518602699041367, 0.09849028289318085, -0.016369903460144997, -0.06124317646026611, -0.07084371149539948, 0.01137858722358942, 0.06934002041816711, -0.03133896365761757, -0.02414037100970745, -0.035140395164489746, -0.009248118847608566, -0.05744112282991409, 0.02664843201637268, 0.0012455601245164871, -0.02279166504740715, -0.041505392640829086, -0.021219775080680847, 0.037485044449567795, 0.020494308322668076]",,"['97c53558d12239d409eeb754c9231e6088e0a7be6f4d6cecf40b2094533f5835', 'a3501fdaf6d869be27e9e808bd9387c888a8345591581bb6b8e358d9ea426847', '0b708eb3ceea79c4d5e7235adf13ad3f81aeac1822a483c4494e2d96be7faf5d', '7c3a33ec1a775b4954dc4114cee6c904c58d1d59284be0527814de96cafd6b85', '1e5ab001ca75a4d05a74be4c47f80535f128dc2d3fc7e46c881123a8f9ecf220', 'dae855d3d749ebf3f9d6fdfff0e4fe48cafb70d6b9ef12d2c635bc53c3c46f57', '2d752e98e063ccc8fb7e3b51c11e905f6076f0b5f5fddc26bf941ed03e82793e', '76bebf92d5486eab03207e3377be4e1214b651f859c6302d30bb66b4f4c7efbf', 'c8dfee1b0775bcf6aa2836919a707d587c10acba7a7a2758806aa6521b48a81d', '85779c39d302f9d80f310a270a2f3eec768c3295f58a254b29bc390ea25f99dd', 'e0d975b30ad94cbb1cd5ca09b70f8fc40bbd65a887a9981085a5fb7248399c31', '60e2bad9b9d0bad2139a956ae4f3f3349ed01154e3f4133d929cc05ffdb22e86', 'cdfeeb637e232bbe2be7cf0aa3998751f3ce77d493a32b2d31e4e63cd29ff600', 'ae6cf024fd12e85519d1f944493009b9fb019cd6474a4470548f84edf35aeba9', '724af8aadcc6b9b27f79a123afb7ff94d1a164a5f4a3b56bcf01e994696944aa', 'ddffc06a2bca4c83bf2c540c31fce29e141e31566ddb8fa30b1948b6064700a6', '77b7c4850e7ddad2ffa81af4379a3ae25d9107902fbd419d8312e0ee4067d70c', '42906e88d4ce24294d2274f7e0b8a4e111955895222467dc976bb4674bfdc1f3', 'cb2fd005729553054b15e8e5151a2ed0627eed4f70457fa93ca5fffa8d7ea971', 'e9e77277b19df1ad80850c9559500f4ee5a8eb7ecce178abbd0bafab80fae4e6', '047c0bb23f8e388561d83d1768bf7def760aaa55c74cda75ba8e88143967f262', 'a34ae73e6ce19dd1b3fcc537046e059b900c61282c0f89ce967609dce3bddff6', 'a9dc09fbcd83ff912a99a684470e6e2bc1bff4a8f9cfe4f25df1cbf34d6d71c3', '8dc92aa0e081fdeab00c0974218d455e04441a53e677a794139219e9c62c3e0d', 'ff1c2778ddb99f8a279f0b4bd915b637f655e4c76a8dee1e183c14bc5c8fa4c4']",1548545897802
89,a78225f48dac5c0962f4f26ddf7356a2be4baf31872c4d5e2a9c5bdc863776a9,"[-0.13699057698249817, -0.05720539018511772, -0.002095070667564869, -0.10268967598676682, -0.004212058149278164, -0.11285357922315598, 0.010643850080668926, -0.08474227786064148, 0.08343567699193954, 0.04842881113290787, 0.0057891542091965675, -0.058944083750247955, -0.015785081312060356, -0.05809622257947922, 0.022247299551963806, -0.008055703714489937, 0.009168512187898159, -0.00817191880196333, 0.039232924580574036, 0.09397368133068085, 0.09600941836833954, 0.06038832664489746, 0.03141799569129944, 0.005830352194607258, -0.05721285194158554, -0.03082452341914177, -0.038011334836483, 0.020559921860694885, 0.0030440245755016804, 0.04706955701112747, -0.04394650086760521, 0.008518602699041367, 0.09849028289318085, -0.016369903460144997, -0.06124317646026611, -0.07084371149539948, 0.01137858722358942, 0.06934002041816711, -0.03133896365761757, -0.02414037100970745, -0.035140395164489746, -0.009248118847608566, -0.05744112282991409, 0.02664843201637268, 0.0012455601245164871, -0.02279166504740715, -0.041505392640829086, -0.021219775080680847, 0.037485044449567795, 0.020494308322668076]",,"['97c53558d12239d409eeb754c9231e6088e0a7be6f4d6cecf40b2094533f5835', 'a3501fdaf6d869be27e9e808bd9387c888a8345591581bb6b8e358d9ea426847', '0b708eb3ceea79c4d5e7235adf13ad3f81aeac1822a483c4494e2d96be7faf5d', '7c3a33ec1a775b4954dc4114cee6c904c58d1d59284be0527814de96cafd6b85', '1e5ab001ca75a4d05a74be4c47f80535f128dc2d3fc7e46c881123a8f9ecf220', 'dae855d3d749ebf3f9d6fdfff0e4fe48cafb70d6b9ef12d2c635bc53c3c46f57', '2d752e98e063ccc8fb7e3b51c11e905f6076f0b5f5fddc26bf941ed03e82793e', '76bebf92d5486eab03207e3377be4e1214b651f859c6302d30bb66b4f4c7efbf', 'c8dfee1b0775bcf6aa2836919a707d587c10acba7a7a2758806aa6521b48a81d', '85779c39d302f9d80f310a270a2f3eec768c3295f58a254b29bc390ea25f99dd', 'e0d975b30ad94cbb1cd5ca09b70f8fc40bbd65a887a9981085a5fb7248399c31', '60e2bad9b9d0bad2139a956ae4f3f3349ed01154e3f4133d929cc05ffdb22e86', 'cdfeeb637e232bbe2be7cf0aa3998751f3ce77d493a32b2d31e4e63cd29ff600', 'ae6cf024fd12e85519d1f944493009b9fb019cd6474a4470548f84edf35aeba9', '724af8aadcc6b9b27f79a123afb7ff94d1a164a5f4a3b56bcf01e994696944aa', 'ddffc06a2bca4c83bf2c540c31fce29e141e31566ddb8fa30b1948b6064700a6', '77b7c4850e7ddad2ffa81af4379a3ae25d9107902fbd419d8312e0ee4067d70c', '42906e88d4ce24294d2274f7e0b8a4e111955895222467dc976bb4674bfdc1f3', 'cb2fd005729553054b15e8e5151a2ed0627eed4f70457fa93ca5fffa8d7ea971', 'e9e77277b19df1ad80850c9559500f4ee5a8eb7ecce178abbd0bafab80fae4e6', '047c0bb23f8e388561d83d1768bf7def760aaa55c74cda75ba8e88143967f262', 'a34ae73e6ce19dd1b3fcc537046e059b900c61282c0f89ce967609dce3bddff6', 'a9dc09fbcd83ff912a99a684470e6e2bc1bff4a8f9cfe4f25df1cbf34d6d71c3', '8dc92aa0e081fdeab00c0974218d455e04441a53e677a794139219e9c62c3e0d', 'ff1c2778ddb99f8a279f0b4bd915b637f655e4c76a8dee1e183c14bc5c8fa4c4']",1548545897802
90,48bb744ba9e7fa1bb356b7b9c587939112565f6962c1d5cbec9cf3543a4776b3,"[0.011908253654837608, -0.2199053019285202, 0.020017970353364944, 0.030489221215248108, -0.021489430218935013, -0.01709773577749729, -0.07872852683067322, 0.07323773205280304, 0.04617174714803696, 0.09250108152627945, 0.1372038871049881, -0.04826008528470993, -0.05033720284700394, -0.038400210440158844, -0.01761472038924694, -0.02844182774424553, -0.00863221287727356, -0.0033830786123871803, 0.01115476805716753, -0.1625489890575409, -0.010627638548612595, -0.03841819986701012, -0.06843286752700806, 0.03558634594082832, -0.0786159485578537, -0.05192844942212105, -0.04721762612462044, -0.0019902223721146584, 0.09036147594451904, -0.03482329100370407, 0.10489407181739807, -0.06890767812728882, -0.06701721251010895, 0.04944680258631706, 0.0454297810792923, -0.011947628110647202, -0.06723619997501373, -0.013967917300760746, -0.056536488234996796, -0.021863169968128204, -0.04401861131191254, -0.03701566159725189, -0.03888661786913872, 0.05995823070406914, 0.010365305468440056, -0.04981621354818344, 0.010224633850157261, 0.003462649881839752, -0.025606099516153336, -0.008304535411298275]",,"['9868807d9a57fc556d803244353b60c26c666e661674027630a2b97e17ee5a1f', '852eed63a1f19321c6532d0bfd22570d0bc24f39bafa42fbdbb6a1f7d4f1dba1', 'b4d2aa46ae2dcbd0df08530c3daf789843a61cc43276c5dab8d292d2c2b8188c', 'adfb4766c4940b9212553e6156c9b294fc8e5d67213831e17ab8cb0dcc794dbf', '91101841e19ffc7bcafb08bd5e9263b90466e9b853e19c409ccada781dd5b9d5', 'a8b0f3d28b796f2006727508ec21f5b25b8808118fe4ab3600e7c2025e221a8a', 'f48015e23cf71a90207f73fcad223e72c3b956bacaa8a9127fde13da61cd0718', '1b87c147aa27de7e69f54e3e7275c0fa9a148a0ef11ccdb393744f41f87dbb75', '97f7a4b1070ad63ebfd00896598a11f602985f20c6541a72fcb2e29414917f45', 'fe2679f6d8cac71099c4b9c6261e6f032f44267f09146c3bac816b39f908d2c5', '92d9cc81b1980a21b60a58bfe8a121b7c1529c2561dfcfb30656f1c82515060e', 'f91bcd9eedc20e6fe4429ab121a415d5df8d3b7eac7766d43f00700f23de8305']",1548193590741
91,dd72dc0f1de6efd3daf2f2f40256be01296c0f3dfdc918b38c15db48b7383f40,"[0.06821942329406738, 0.20137858390808105, -0.2232341170310974, 0.13520294427871704, -0.02665417268872261, 0.15099328756332397, 0.056729864329099655, 0.028306234627962112, 0.10535934567451477, 0.02797596901655197, 0.005933947861194611, -0.048317939043045044, 0.11641687899827957, 0.13743001222610474, 0.04422110691666603, 0.11196678876876831, -0.010906247422099113, 0.2466370165348053, 0.06646726280450821, 0.09522140026092529, -0.0030254442244768143, -0.019176291301846504, 0.0021120673045516014, 0.01880641281604767, -0.040701285004615784, -0.042401328682899475, 0.024958305060863495, 0.012787055224180222, -0.004964765161275864, -0.01013653352856636, -0.027233440428972244, 0.04723392799496651, -0.04488430544734001, 0.031929824501276016, -0.004209871403872967, -0.00685429573059082, -0.029720928519964218, -0.023313840851187706, 0.02106122113764286, 0.034460507333278656, 0.03171234950423241, -0.025842566043138504, 0.035799309611320496, -0.014588037505745888, 0.0654158890247345, -0.03658516705036163, -0.06353379040956497, 0.03633711859583855, -0.002204369753599167, 0.008465208113193512]",,"['7d5f1e164c4f85e72e06fac22597a318e520f9e9040c3af6c7bd3a7bee7432a4', '063329fd18c086b306af7638c520020c4c35c1abe7a8f05e286931cbcb75ffb8']",1548367000945
92,841c8085dd25a0504bfe4555ca98adb6b406b202136a4dfa14e3bb2c3db07c48,"[-0.058124467730522156, -0.11486630141735077, -0.06813370436429977, 0.2509195804595947, -0.10650673508644104, 0.41770198941230774, 0.06576921045780182, 0.1658872663974762, 0.23971378803253174, -0.030364736914634705, -0.06721889972686768, -0.053802452981472015, 0.17213204503059387, 0.06492720544338226, 0.01173461601138115, 0.09731288999319077, 0.021929090842604637, 0.32232847809791565, 0.1199730634689331, 0.09140931069850922, 0.03803565725684166, 0.002816176973283291, -0.06602049618959427, 0.012352943420410156, -0.044377200305461884, -0.13468170166015625, 0.09024214744567871, 0.00443402910605073, -0.05303902179002762, -0.0028507239185273647, -0.09354761242866516, -0.057729244232177734, -0.03734809160232544, -0.08592818677425385, 0.02938693016767502, -0.061778463423252106, -0.045941319316625595, -0.005445667076855898, -0.022386595606803894, -0.03042946755886078, -0.08031865954399109, -0.03269067406654358, -0.05316765233874321, 0.0781775414943695, -0.019760966300964355, 0.023222152143716812, 0.04639697074890137, -0.035533297806978226, -0.023437798023223877, -0.01070304773747921]",['2cdc25b657c14e52447e7a9a968aabd372780ed1be5fda8101e7ecbdb14fd167'],"['cbcf7c27bb5d5fb9cbdfef0dc883f503d0ecf25c81da141b16f4297efd6075e9', 'd7b4c989162f5c2ba01fe61eaedae8a0fcf7525e2de133279534968a604a8136', 'e8f1d2279987ed370c16a507385be038f33f8735a16fafac6716d561b64d5a13', 'c167b75b424cd7a47c907fec7b4edccff33629cbd1cf9d346b0856d170a35973', '179b82df088162286f8aea038beb5f72b863b2e9580204e35a942d0f7d9bf1db', '5165fc8ae07f2de2fd45240198d158a0349b61031465f143ad7133daf93f4411', '3c5b844e7fcbb0aac9db9175078adab1e0d20eabaa5fdb1f6aad5af73ff7a021', '3725507e0847d2bffe6c79f20259d070d18c64315651a57d85cf72cfc0dada8d', 'fa76e8f3af336bd055379121222948d718e266b97ff9ffea905047d927828c51', 'dcf04abee757c821bd397d978010f021286b4a9ad13782695e3fdfea7d033a25', '5485d09830a1d261da98eadd4d4ed52091aaa5c61c8da512a925f3e2092e25de', 'c7f3d573c517527c40ba910fe0301f22bc96c0e0d0763571300d8a756b71825f', 'f06db99a2878be7ebf933bc1cfe7e45316ef097beb1a794f4362f3eb27d6531d', '61478f24a84658dcc2d5f7968f3a62efa6b432d894ad6d38c253aa0f11556a5f', '2cdc25b657c14e52447e7a9a968aabd372780ed1be5fda8101e7ecbdb14fd167', '4c0ecd616549be57bc1772b66a168e3116cc767099aabff5f5c084b648e6fffb', 'b36c5c0a87022454db5024a9132a0ba2388e51940071ce2c4b542bcb20a5be03', 'f51514543cbe7720efbacfe285f53b033526f7ca7145e97d4c55cc3221985e05', '030a2c6fe1f6032a82b09cdfeaf3cd5cea3fd93b24eaa1a3a8d12c8122e66285', 'c44ceadbed3563a62f4807ec27cbda403f6094794d5c3b290fa2682cb5b00464', 'f84a0578023ff6388ae25e2ee748768d8cd57b3329f93a037a5e354643db06d4', 'a10e86fb3a26306e26d4ba1ca0ab55ffc07e1a371972f07fda67a477389e53c7', 'e623f2601118cb2554eee6eacd24fe29bbd53a575f98d0d5962d2f164143747c', '5863b5f8371b57ddfa0c80afe7786bc1f5dac47186daf831b4ec418b856c1c17', 'cfd1b01e32b5f0a214399720a7f8850ddde7f60d482c62c77e67c2a3d1da10d4']",1549084656139
93,841c8085dd25a0504bfe4555ca98adb6b406b202136a4dfa14e3bb2c3db07c48,"[-0.13373437523841858, -0.005836643278598785, -0.1124381572008133, 0.033238574862480164, 0.04168232902884483, 0.2486444115638733, 0.010836559347808361, 0.20021212100982666, 0.14368444681167603, -0.014879313297569752, 0.019324110820889473, -0.022994963452219963, 0.2681899070739746, 0.06976232677698135, -0.0687851831316948, -0.03420678526163101, 0.07484960556030273, 0.21184992790222168, 0.04211185872554779, 0.02961117960512638, 0.059027932584285736, -0.007093925029039383, 0.007764479145407677, 0.0402093268930912, 0.004451471846550703, -0.07157953828573227, 0.0326579213142395, -0.010621195659041405, -0.07219291478395462, 0.01623713970184326, -0.05263626575469971, -0.0357070118188858, -0.006274057552218437, -0.04209425300359726, 0.02222561463713646, -0.03573894873261452, -0.043589893728494644, -0.016965145245194435, 0.010706298053264618, -0.023600883781909943, -0.05607301741838455, -0.0026009553112089634, -0.03988425061106682, 0.03605259209871292, -0.007596769370138645, 0.004602288827300072, 0.025205565616488457, -0.023610807955265045, 0.001051577739417553, -0.014812135137617588]",,"['cbcf7c27bb5d5fb9cbdfef0dc883f503d0ecf25c81da141b16f4297efd6075e9', 'd7b4c989162f5c2ba01fe61eaedae8a0fcf7525e2de133279534968a604a8136', 'e8f1d2279987ed370c16a507385be038f33f8735a16fafac6716d561b64d5a13', 'c167b75b424cd7a47c907fec7b4edccff33629cbd1cf9d346b0856d170a35973', '5165fc8ae07f2de2fd45240198d158a0349b61031465f143ad7133daf93f4411', '3c5b844e7fcbb0aac9db9175078adab1e0d20eabaa5fdb1f6aad5af73ff7a021', '5485d09830a1d261da98eadd4d4ed52091aaa5c61c8da512a925f3e2092e25de', '61478f24a84658dcc2d5f7968f3a62efa6b432d894ad6d38c253aa0f11556a5f', 'c44ceadbed3563a62f4807ec27cbda403f6094794d5c3b290fa2682cb5b00464', '5863b5f8371b57ddfa0c80afe7786bc1f5dac47186daf831b4ec418b856c1c17', 'cfd1b01e32b5f0a214399720a7f8850ddde7f60d482c62c77e67c2a3d1da10d4', '0a10dbec20330ef6c51f47ee28567ef0fc9f10cc69e70dbbeae6f4ee844e65b8', '02f2915c9e0083e79b47b8dc9d982c3d698b725779258c977bfcf72b879a613b', '8d76341974a8db46fd378f53f860ab2e5272a7927842241cdf12b0aadf91f825', '5693621ef0155995822444783d1b94616245553deba2470f12a6e77d455ab919', 'd321b47e0e166c45246cf32a677afcdb4279831ae976936ead5eab875163cc13', '82a692bac6062d76efa4e0f6b1d8ed4df6824286257a5f99be37ca831136227d', '7fa5a73ea9fbed03ae506d9391fa55f57958b3885dbcc751d4c680ffecdb6913', '6ceff8154bee195717b49bdcc4c7509d28c9972aab29eca1ff91c38b9e8f5ec4', 'f757fa140eb2f85d604b1871795790f122a71fa326655660ceecbc2cf93ac621', '0aa13db50cb91b85b338431e93147d3d364914de758d3fbdabf24c70d710c9c4', '3de0a3f7ba77f75ce35458ae34bf9f3d7abb62aeed32562a38c0bcc3c9f21269', '9788a279f41ad072657bdd7b745911755c15cd8b7afcb45c0bb47ace5a3dbf8c', 'd31a44f2d6a404bb23086f2c3dd5591b708740b5a8e30ef00e91c76b1156dd50', '51783c1e4f815f59007c8c215d9314460a8b1fadfd840165f42d810a9415a575']",1549084804459
94,f45a06b57717a15032b64f5de2839cc46b57d4bd274a8ca259ac7ee7af432d70,"[0.033796608448028564, -0.22392207384109497, 0.0428817942738533, 0.11539750546216965, -0.05993848294019699, -0.07965537160634995, -0.03287430852651596, 0.033557578921318054, 0.0749686062335968, 0.05811288207769394, 0.009827010333538055, -0.11808498203754425, -0.12468164414167404, -0.06095748394727707, 0.01922130584716797, -0.16645383834838867, 0.015106559731066227, -0.03378627821803093, 0.133737713098526, 0.10337226092815399, 0.11147277057170868, 0.049098338931798935, 0.0577276349067688, 0.07183561474084854, -0.12616389989852905, -0.04998618736863136, 0.056386496871709824, -0.0142940329387784, -0.02171354368329048, -0.031022092327475548, 0.06601252406835556, 0.01846538856625557, 0.10813810676336288, -0.0193330030888319, 0.03758443892002106, 0.008066626265645027, 0.03445964306592941, -0.005002196878194809, -0.11139766126871109, -0.03196024149656296, -0.06391860544681549, 0.058058518916368484, -0.1027526706457138, 0.025271795690059662, 0.028093714267015457, 0.0273829884827137, 0.016873586922883987, 0.03992617875337601, 0.07339941710233688, 0.08066727221012115]",,"['b7779987dc3de4a37395b4b16c2d9323c5db3e68ec8cf1f82012007daba9ef5e', '89d6ce8de50574ab6e6d48878878d8716ad188686e5eec3b2200393bac542dba', '82ffc9987b4342c224bc99a5d322a7b2cd2415570c5de554300524b0233b2ed3', 'a6b6a69935c1b77c35b04efcc8116055cc93f5fe70ca5e8ee2ffa5ef771c21c3', '73faa6bcb48981843a901bf180e9c559ac1a4165d59086ce365a982165313b4e', '8455bc1ed8c07a33697aac4a37ee71caf9dadaf6f0d4cf8295a360baf43aea7e', 'dfc069d78647b5d4b0cdba6fb3812e2abefb89b051ec3657747faba6ea02c3cb', '201e2280878ad8b1e175fb89dd65c7b453207b7405661c8489b1f7b4b5993588', '172927e170b7d188b0f41247325dcd13f14d9cc1e419c6ee54c763664cb41aaf', '029ccf35492df679dd8fb727c95a26c6737181a5addaf466d5bbed2f29196f16', '175b245cc51803a269e1e53f9edf2883ab558c8357731fde72bc3dd423236be3', '921266070eed53b6a5afdd6cd7a05c051b276a5bcfad961ec61651f4e654220c', '4332b8cbc31f45ec3d0e871b3497168d6aa2ea78057b162d76ce5d7d90d00647', 'aad2e0e1a8554bed00eedad3775db169257856c8b5050ee2d1f3d0333f872855', '9615f4db624d03fa4f2241e56be1e004a395d7f46505c952a8776e8d593ccd50', '9f96145121d460199d429c916182558c9b2327b40845444a7812c6eaf15f57e8', '828e6830ca1ec53214384a2d13e8eeae10b7fb98b3b5dab04ff35134b428224d', '806a54dc6faca664e44e890536a58d8c92ccea07d2e238166b794970abef2d37', 'c9e6ae72a653542b4200ef78272775a7bbd0378cb6427a2c5ee7d8a4fc1603b9', 'eba7bc1961532318a7adeb2ff22892341f690d1c1b05fceb52d7523a4397c50c', 'e2faa16add433906ceb3064796c91f9cc44b7bdd4a889315b8da8f8bbf51427f', 'ef1374595caa273c87adee13fe2af025c8e2b3091d42cbe92d89370857865108', 'f9d757f9c4b3d58c7b4d1c219c050d6945e0aeed0cef92c7949c9b0f03f46563', '94cf58796b8a4ab343ce7a3f0e1a91615d8aec3cef5903add7723d685b4f1fbd', 'e0698e433cfef80ec780fdb457f1cd3cd9560796c30e86cb4137a843c68e7822']",1548513287138
95,f45a06b57717a15032b64f5de2839cc46b57d4bd274a8ca259ac7ee7af432d70,"[-0.04550553113222122, -0.09321935474872589, -0.024247340857982635, 0.014383397996425629, -0.10381324589252472, -0.07004524022340775, -0.07178948819637299, -0.0026721851900219917, 0.0717916339635849, 0.18464380502700806, 0.029564913362264633, -0.08816412091255188, -0.16716966032981873, 0.10628016293048859, 0.10937948524951935, -0.12694662809371948, 0.03685365617275238, -0.0704285204410553, 0.10312385857105255, 0.06285567581653595, 0.03338165581226349, 0.09423859417438507, 0.10310405492782593, 0.0024364145938307047, -0.09805898368358612, -0.03068496473133564, 0.02654646709561348, -0.0883273184299469, -0.05771572142839432, -0.031414784491062164, 0.05830474942922592, 0.019873516634106636, 0.04506748169660568, -0.011713366955518723, 0.03838282823562622, 0.00455942377448082, -0.0039449092000722885, 0.0059218257665634155, -0.06962756812572479, 0.024893395602703094, -0.0438220277428627, 0.030231932178139687, -0.08703400194644928, 0.06259055435657501, 0.06892150640487671, 0.019818149507045746, -0.006008747965097427, 0.025516139343380928, 0.08065500110387802, 0.051787059754133224]",,"['7c94567755ae2249e36a22b170b5c298f96c0c7e8ba31b488c781a0b0747bfc3', '89d6ce8de50574ab6e6d48878878d8716ad188686e5eec3b2200393bac542dba', '82ffc9987b4342c224bc99a5d322a7b2cd2415570c5de554300524b0233b2ed3', '201e2280878ad8b1e175fb89dd65c7b453207b7405661c8489b1f7b4b5993588', '828e6830ca1ec53214384a2d13e8eeae10b7fb98b3b5dab04ff35134b428224d', 'a6b6a69935c1b77c35b04efcc8116055cc93f5fe70ca5e8ee2ffa5ef771c21c3', 'aad2e0e1a8554bed00eedad3775db169257856c8b5050ee2d1f3d0333f872855', '9615f4db624d03fa4f2241e56be1e004a395d7f46505c952a8776e8d593ccd50', '73faa6bcb48981843a901bf180e9c559ac1a4165d59086ce365a982165313b4e', '172927e170b7d188b0f41247325dcd13f14d9cc1e419c6ee54c763664cb41aaf', '029ccf35492df679dd8fb727c95a26c6737181a5addaf466d5bbed2f29196f16', 'ef1374595caa273c87adee13fe2af025c8e2b3091d42cbe92d89370857865108', '94cf58796b8a4ab343ce7a3f0e1a91615d8aec3cef5903add7723d685b4f1fbd', 'e0698e433cfef80ec780fdb457f1cd3cd9560796c30e86cb4137a843c68e7822', 'dfc069d78647b5d4b0cdba6fb3812e2abefb89b051ec3657747faba6ea02c3cb', '4332b8cbc31f45ec3d0e871b3497168d6aa2ea78057b162d76ce5d7d90d00647', 'c9e6ae72a653542b4200ef78272775a7bbd0378cb6427a2c5ee7d8a4fc1603b9', 'e2faa16add433906ceb3064796c91f9cc44b7bdd4a889315b8da8f8bbf51427f', 'edd313180b0d171e244361dadcd58a70b2139c27128ed4c4b52111de8675346e', '175b245cc51803a269e1e53f9edf2883ab558c8357731fde72bc3dd423236be3', '921266070eed53b6a5afdd6cd7a05c051b276a5bcfad961ec61651f4e654220c', '9f96145121d460199d429c916182558c9b2327b40845444a7812c6eaf15f57e8', '806a54dc6faca664e44e890536a58d8c92ccea07d2e238166b794970abef2d37', 'eba7bc1961532318a7adeb2ff22892341f690d1c1b05fceb52d7523a4397c50c', 'f9d757f9c4b3d58c7b4d1c219c050d6945e0aeed0cef92c7949c9b0f03f46563']",1548513298309
96,f45a06b57717a15032b64f5de2839cc46b57d4bd274a8ca259ac7ee7af432d70,"[0.08917145431041718, 0.1415419727563858, -0.21314644813537598, 0.1435333639383316, -0.07883600145578384, -0.1849268674850464, 0.013876516371965408, 0.016625523567199707, 0.09604781866073608, 0.0971754789352417, -0.00905037671327591, -0.12768569588661194, -0.08016282320022583, 0.0949159562587738, 0.0730467140674591, -0.12220726907253265, 0.04434261843562126, -0.11837727576494217, 0.0582030713558197, 0.07018937170505524, -0.05256357043981552, 0.09043560922145844, 0.05749674513936043, -0.07404099404811859, -0.020539063960313797, -0.1309436857700348, -0.024997035041451454, -0.07754591107368469, -0.09475811570882797, -0.2086848020553589, 0.06438028812408447, 0.010654419660568237, 0.08606930822134018, -0.02649964764714241, -0.0013582482933998108, -0.02993376925587654, 0.015559297055006027, 0.005556074902415276, -0.03789203613996506, 0.00559508940204978, -0.0521281473338604, -0.009254504926502705, -0.025981612503528595, -0.03655030205845833, 0.14829152822494507, -0.06093595549464226, -0.011808441951870918, 0.05079874396324158, 0.10236410051584244, -0.018703121691942215]",,"['ee9b6912433c1b186248b937977108b01d4cc37cee4f68799f80f47503c0f175', '40902c1f32a2556d38d5814fbd611261393d8b988a006649cad1b3ff1eff9010', '69400f8504996e747e76e530f198197e2e724dabc0296d7b8774bd4cdec44a31', '83af3dae2361252db97f6c0a466a51eba3e688d0ff52e14dd4a8ecfb9ece9b25', '47a57f0b7cb7087d4afd25896f62638c9bc8d0a6f3c47f469f084de9e49e0625', 'bbc889578011a7d1d60522e10e17be45bd378d1e98c932db5e380042f0d4aa45', '59c2aaa15f27645427dd241a763d6a1c250437b3276594c371d63f8302a93e94', '5523d524d6e1f50445cdc022e600e1575cb0c499b0a982da0309f5702ee7307b', '883bb7b22734c1aa7a8aac87076c765e9326e4b7c873c4b1c54655945a9c5596', 'ad3e11b11865f20a9bcc672698e01b3e961d4776229503db982a8620eada2324', '9d4a3baa383102f7abf6f2431f515693ca77dfa3e01c788d6bbe894494e09591', '239d0ae74e62202861b1bc1dc006ec1fde8d8e18793fa453713eb447ede2740e', '1057794c454bcaf2bd6f3dea5c948bdfbe6785abce880984bf79296a7fbdfaba', '4718717536f96fa8e7f37b1e62d645a42cbd95536ea7f7e961320051da9a538f', '94cdc78a14e42db87170b20a278350a0332433f4ea0aa67d33edb53e29282d80', '4ba5d3688e88b36f10f5609155b9a7608cb6a0a0aa79452317d0be8a295dbcea', 'a0c6a90ea28acbbaffff5055e7dc6433a717e8e92b98c70fd7c9a21ea33eeb24', '8cd78c0476dc6835b0c824e89498d3060f38b925441e7184858f4c79e2dca864', '7c94567755ae2249e36a22b170b5c298f96c0c7e8ba31b488c781a0b0747bfc3', '88bfec0ae5e475d88d7ae6b554665211b93294721552c206bbb56937e8877cbd', 'aa8fe17953db2fd4b91cc468e43002fc6bab184165438e7ef371e020140334d8', '4b5d783d4147cdbe045ef63e8f532f3a8553b09b63c3f990b05adc3513012a9c', '6a177fcc7e1b715d13a5b816caa5bda967fd0e5fcde310a1b687d2107f49267a', '89d6ce8de50574ab6e6d48878878d8716ad188686e5eec3b2200393bac542dba', '82ffc9987b4342c224bc99a5d322a7b2cd2415570c5de554300524b0233b2ed3']",1548513376538
97,7447d5c8b8c49da74c009b2d908713aed48ef1ace4952da0b56b32c074f0ab8c,"[-0.058124467730522156, -0.11486630141735077, -0.06813370436429977, 0.2509195804595947, -0.10650673508644104, 0.41770198941230774, 0.06576921045780182, 0.1658872663974762, 0.23971378803253174, -0.030364736914634705, -0.06721889972686768, -0.053802452981472015, 0.17213204503059387, 0.06492720544338226, 0.01173461601138115, 0.09731288999319077, 0.021929090842604637, 0.32232847809791565, 0.1199730634689331, 0.09140931069850922, 0.03803565725684166, 0.002816176973283291, -0.06602049618959427, 0.012352943420410156, -0.044377200305461884, -0.13468170166015625, 0.09024214744567871, 0.00443402910605073, -0.05303902179002762, -0.0028507239185273647, -0.09354761242866516, -0.057729244232177734, -0.03734809160232544, -0.08592818677425385, 0.02938693016767502, -0.061778463423252106, -0.045941319316625595, -0.005445667076855898, -0.022386595606803894, -0.03042946755886078, -0.08031865954399109, -0.03269067406654358, -0.05316765233874321, 0.0781775414943695, -0.019760966300964355, 0.023222152143716812, 0.04639697074890137, -0.035533297806978226, -0.023437798023223877, -0.01070304773747921]",,"['d7b4c989162f5c2ba01fe61eaedae8a0fcf7525e2de133279534968a604a8136', 'cbcf7c27bb5d5fb9cbdfef0dc883f503d0ecf25c81da141b16f4297efd6075e9', 'e8f1d2279987ed370c16a507385be038f33f8735a16fafac6716d561b64d5a13', 'c167b75b424cd7a47c907fec7b4edccff33629cbd1cf9d346b0856d170a35973', '179b82df088162286f8aea038beb5f72b863b2e9580204e35a942d0f7d9bf1db', '5165fc8ae07f2de2fd45240198d158a0349b61031465f143ad7133daf93f4411', '3c5b844e7fcbb0aac9db9175078adab1e0d20eabaa5fdb1f6aad5af73ff7a021', '3725507e0847d2bffe6c79f20259d070d18c64315651a57d85cf72cfc0dada8d', 'fa76e8f3af336bd055379121222948d718e266b97ff9ffea905047d927828c51', 'dcf04abee757c821bd397d978010f021286b4a9ad13782695e3fdfea7d033a25', '5485d09830a1d261da98eadd4d4ed52091aaa5c61c8da512a925f3e2092e25de', 'c7f3d573c517527c40ba910fe0301f22bc96c0e0d0763571300d8a756b71825f', 'f06db99a2878be7ebf933bc1cfe7e45316ef097beb1a794f4362f3eb27d6531d', '61478f24a84658dcc2d5f7968f3a62efa6b432d894ad6d38c253aa0f11556a5f', '2cdc25b657c14e52447e7a9a968aabd372780ed1be5fda8101e7ecbdb14fd167', '4c0ecd616549be57bc1772b66a168e3116cc767099aabff5f5c084b648e6fffb', 'f51514543cbe7720efbacfe285f53b033526f7ca7145e97d4c55cc3221985e05', '030a2c6fe1f6032a82b09cdfeaf3cd5cea3fd93b24eaa1a3a8d12c8122e66285', 'c44ceadbed3563a62f4807ec27cbda403f6094794d5c3b290fa2682cb5b00464', 'f84a0578023ff6388ae25e2ee748768d8cd57b3329f93a037a5e354643db06d4', 'a10e86fb3a26306e26d4ba1ca0ab55ffc07e1a371972f07fda67a477389e53c7', 'e623f2601118cb2554eee6eacd24fe29bbd53a575f98d0d5962d2f164143747c', '0a10dbec20330ef6c51f47ee28567ef0fc9f10cc69e70dbbeae6f4ee844e65b8', '8c7f395872d5e97688416a14aa905c8faed59b6ee2d8641fc5eefb8212f27b58', '02f2915c9e0083e79b47b8dc9d982c3d698b725779258c977bfcf72b879a613b']",1548286078380
98,78001f6e2dfa21946af9699d0d16950cd99f6e8e8f8026c34a82578a78507d9c,"[-0.29376018047332764, 0.25603267550468445, 0.2815384566783905, -0.011386336758732796, 0.09542860090732574, -0.03212451934814453, -0.015554672107100487, 0.18608789145946503, -0.12378687411546707, 0.12824949622154236, -0.10716472566127777, -0.04294908791780472, 0.006088368594646454, -0.07326888293027878, 0.1263960897922516, -0.015990667045116425, -0.034945204854011536, 0.023945126682519913, -0.014331242069602013, -0.010598018765449524, 0.055458880960941315, -0.043599050492048264, -0.0375368595123291, -0.025885645300149918, -0.021767904981970787, -0.004297327250242233, 0.008303731679916382, 0.008609186857938766, -0.04722626507282257, -0.01266908273100853, -0.06760040670633316, 0.03430428355932236, 0.01782412827014923, 0.041577912867069244, -0.033088311553001404, -0.003922596573829651, 0.031188132241368294, -0.03788246959447861, 0.023175865411758423, 0.044632215052843094, 0.027023380622267723, 0.01710183545947075, 0.005802001804113388, 0.04311220347881317, -0.04050038754940033, -0.04370158165693283, 0.011661377735435963, 0.009577312506735325, 0.014584537595510483, 0.02341962233185768]","['7f0a2f0565ce9d08949a07692d376ae9124a7fd8bcb152b69a80e23285da300d', '7f0a2f0565ce9d08949a07692d376ae9124a7fd8bcb152b69a80e23285da300d']","['0801bda8c47e45e91ea33414f16311cb775583a93fda17bd142b04af70e57257', '2ab1ba02f7ca5ec008fd4286405f1f1ef7ae86f144010c8d353e1d2dfbab5431', 'e4fbf04dff4c4b1e8526441145c45d41ac71b74d23de7d2b7887344c93de0b67', '32a1514f5936da9bdd7efa9a669dcf051795ac1b04997d6d16d2b6ed04c09204', 'c157fa918bff2d11a4b9bd641db6ce735a00bce9e047796d2522da90fd962b1f', '12fcdeb510fa500c3ba80cbfe595c56602a966ebb59772740df8970aa8f6230f', '6babd8d2c2e04adc378557c6c720895b5e4893baec64053d39c73d2483d8b9bb', '602134898d9ef7c38879a6edc117f46aa0174cd4d4e94233fdceb398485c7eb2', 'c7486d134ebdef5378c67d408a42572ddd8b67d722cd6e8a87ae817a681824d1', '2117cef90db4e2d2030ff2bb1c7051860eee1456b82680e1d5fa6da13a61f427', '808477f80ad2aef7b924bd6c5b23467f638c50ad046f91f510dd317567c87a71', 'ed313a8fb3d5bd09e8fca83b01fed2036a8f37e50fbee0230b18b1c3a8e960c7', '51f6e7b9c69889f74ec6248ddbeb4453329666640c2e623c1b56ec70cd691d35', '99c131c0d5565a6f2c6b04187150f1c949ec73cdf99d3b26cbcf275fb598f6ae', '0ae538e84bde797b5ec5c571bf09f496b22fefa9a440c852fc7a6b3c945c2fe5', 'bf34aaa99f07a3cbdea194415938b48ce3a1cbc6790522153e67df1cf949e73c', 'e416bd5655dcaec7da7270032b1c7cf5e8ae9cca6994753aed05778d27fe52fc', 'e3729bbe3f580c11d145105e2153246f1cd031a72cdbd4d37bf2c8ac29003ca5', 'd46ba22c0525b5035387c6543137f783c512e4e115a482f7091d2c440cf77eab', '7699b0145a3bcf93c793c99423b6fe4055de16aa3a25453aeda8954bfcb5e165', '604d18ffe6890c43c3e3b7b12d16e870607c92f26d12c7b215d83aff043d4d4d', 'f5cb6e688243d605a74bd31476884e96dae902e04f168b3d5e2b08c8bd8ac088', 'e102e45cf16f77027c455ab845e9ff48cd2d758fb8c7f2ed5f140b6613fe2ef2', 'd465e353e4e36b2725b2f667072245dbd635b7a011d306fd704e44d077a56920', '86b549d55543157703077f420daca28a3defc296661afb07c5ab2653f4facbe8']",1548012816726
99,979196a4696ba5fe606443c8a138393d859154939ff88d714ef44d8b1f9bbe7a,"[-0.0793093591928482, -0.07819858193397522, 0.016376055777072906, -0.00968935713171959, -0.05865495651960373, -0.027811691164970398, -0.043675653636455536, -0.03596405312418938, -0.0008943290449678898, 0.05956750735640526, 0.041376568377017975, -0.0389673076570034, -0.04687821492552757, -0.08732125908136368, -0.0417027473449707, 0.032469622790813446, -0.015896154567599297, 0.021126296371221542, 0.016109531745314598, -0.03346019983291626, -0.014704657718539238, -0.010442513972520828, 0.002698098076507449, 0.01278828363865614, 0.018760645762085915, 0.018905099481344223, -0.023010950535535812, -0.022599995136260986, -0.06750382483005524, 0.015318762511014938, 0.019774436950683594, 0.00287832273170352, -0.03514633700251579, 0.027933413162827492, -0.04365229979157448, 0.0029655885882675648, -0.028582246974110603, 0.0001588519662618637, -0.0007384829223155975, 0.046780236065387726, -0.06399549543857574, 0.053307801485061646, -0.061897825449705124, -0.039201363921165466, 0.038701966404914856, 0.015450784005224705, -0.036097828298807144, -0.05432533472776413, 0.037646301090717316, 0.009401250630617142]",,"['54779004d1db11224a85b63a2792adf6892b412f4454887c3a98f73fb7bede8c', 'b081e56092d6692776559fd3e1733903ce7149cc607cd501d87967050a71fe77']",1547861269617
100,a17ac841609412b8dd3323942616470504e0fa0026389d1973b0ba68d68e7ab5,"[0.006791401654481888, -0.4268741011619568, 0.1895400583744049, 0.14481115341186523, -0.03019201196730137, 0.14252780377864838, 0.24997210502624512, 0.11526177078485489, -0.08621875196695328, -0.11501104384660721, -0.09284240752458572, 0.00034101493656635284, 0.035705603659152985, 0.06122713163495064, -0.017513208091259003, 0.04335281252861023, -0.06718175858259201, -0.16496962308883667, 0.14382696151733398, 0.05268333852291107, 0.01145893707871437, 0.0639500617980957, -0.046440884470939636, 0.04920472577214241, 0.001769601134583354, -0.024391135200858116, -0.00828488264232874, 0.10801731050014496, 0.05782802402973175, -0.016497064381837845, -0.025024374946951866, 0.006596026010811329, 0.0646480917930603, 0.06655902415513992, 0.028554419055581093, 0.08017640560865402, 0.031178783625364304, 0.022511545568704605, -0.0796603113412857, 0.015040815807878971, -0.053839802742004395, -0.05672290176153183, 0.039480060338974, -0.015947476029396057, -0.01073366403579712, 0.11473105102777481, -0.06175261363387108, 0.043988313525915146, -0.03248090296983719, -0.06092884764075279]","['b5a38d1cb3a8372b56e7a7a8cfa45b51ce5847a524455d2ccf889748ec126d36', '2d7b8e1c59451e0603f4b3f9d694b8dbacd25063a0139a30de6521d14d91c669', '7408e8de48cfbf9f79d90bb3dfd12ee13407741942f32a3043cd14a7564734a7', '2d7b8e1c59451e0603f4b3f9d694b8dbacd25063a0139a30de6521d14d91c669']","['074cca27001faf3e132604deaa830a74596ae234ec01d1b67e00de3ca3d0fe14', '5a120a3abe891610d5d1f3cb8a7374eedfc8a329902c925b71c3da32d5e34439', '8d3875f244deb317d4a7fbb1cfcf075f991b62804a0f1ad3544cec38c4d08e77', '0600bc51192a06b226ffe1c60b3eaff39de5d78b9e526ca5b1a6adc24f075631', '2d7b8e1c59451e0603f4b3f9d694b8dbacd25063a0139a30de6521d14d91c669', '15d3ac9715fc5d52690b5c30e94bb6a0e66d1afa1e5328d2beb0e94294e0d562', 'b5a38d1cb3a8372b56e7a7a8cfa45b51ce5847a524455d2ccf889748ec126d36', '24017f668a6bda717c09433378fce7284a9eaccb5bbb209eff304fbaa40c60fc', 'c263cdfb78498cf1b6414667a70b42e413bfcc7aae1ade108df127e537224b96', '95735767b2cfe0def39b6932baf751d3b97abd3628d49cd4e7e6d28f2ac18f41', '2198c8666768828698e7ea9fac2cc27ab366ca559d65914d0bd4c22db8ca69c0', '0a04e2dd8b3e200139106299ee9e904610f681e924407a0c9707264126b8de90', 'f503a31ed848867385d90308d16bc0c8524b11d0e699a95a79ad7616380c0483', '92793db2e92ec66dbe87d16b67ae7fbcfe6d4f4e24102f556be4ec309c28e148', '7408e8de48cfbf9f79d90bb3dfd12ee13407741942f32a3043cd14a7564734a7', '40501601b94ff649bd7442c0f6298309323dc52c3644e8b1a6a7a604c187c10b', 'dafbea58727b299a4b5ab78b1fce8ec5ab87e0b957fcad4c8c0131d63bdf1363', '73d259cb5c4f88f93a851777dc4f93d16ebccb42029f21c25554ee9a8046777c', '9ee552c321e3fc1ae32a1ca5c7822e1d3c61aa659ef900a51848842a65558e1c', '68a5efbc7de3f29b701a2eaf8613ddb7b5b35defffec6c41859ba79a45ca0c84', '7096e71eb1d776644d9e1d67171d6471f83824002aeb8106054253fd4a5eaacd', '006fc16996ceeae39ace0975760d8a5809fb825cb80a5d4c8a465d2f6d6fc877', '506e2731ff0fb75198ef3b425fa5cad274af6a8a4afe87712dfb17183fb2dd56', '6003dc482e026c34268de07b27eee4c526889ad40619e7ed6e6e23412c7fdeda', '747d84c99384663c1b56c2857d8dcedebfade3679b86b995a752a0cc05011c42']",1549142227133
101,b8b1813923221735e1d8a69cea1e9be08db27d503ed448cff909ef5f99573e7d,"[0.0019867420196533203, -0.04180879890918732, -0.09729187190532684, 0.06354230642318726, 0.0692174956202507, 0.0124586820602417, 0.020763389766216278, 0.038442447781562805, -0.001756664365530014, -0.03373868763446808, 0.023379262536764145, 0.05259313806891441, 0.007076398469507694, -0.04121733829379082, 0.017124008387327194, -0.014993591234087944, 0.04136665165424347, 0.03335630148649216, 0.03655264526605606, -0.043016500771045685, 0.043869007378816605, -0.0077443839982151985, -0.06312762945890427, 0.031110910698771477, -0.0859408974647522, 0.04257649555802345, -0.03702685236930847, -0.01857854053378105, 0.0034319530241191387, 0.03564488887786865, 0.013838009908795357, -0.049148496240377426, -0.04952967166900635, -0.011836626566946507, -0.015013455413281918, 0.04824616014957428, -0.0036846850998699665, 0.01034250482916832, -0.014130651950836182, -0.05442654341459274, 0.0002738451585173607, -0.03211119398474693, 0.01768878474831581, 0.008057155646383762, 0.007294803392142057, 0.010588616132736206, 0.06518597900867462, 0.03865881636738777, -0.020493654534220695, -0.005748067516833544]",['1b5e8f4d473e81f15435bedf1c346545827a3f5601917f604d9a41da3a9af858'],"['9479739a766afcdb036d868e2ddd2977ae76b2ce83408e7ca588653de5ac3941', '1b5e8f4d473e81f15435bedf1c346545827a3f5601917f604d9a41da3a9af858', '3b2be1dcfe42937ca6f51b7ddc95f3db1a4fca7828bf3be57c66ba77ae064aaf']",1549742316188
102,ae8baceeedf5f41bfcaa4dfc7fb6e6ded504c414e4ec98287322826168fa4dab,"[-0.09597453474998474, -0.09179539978504181, -0.007691874168813229, -0.027811165899038315, 0.05081164836883545, 0.0326772965490818, 0.04478193819522858, -0.04720952734351158, -0.030571995303034782, -0.03595629706978798, 0.028443675488233566, -0.028482625260949135, -0.01854768767952919, 0.02319500595331192, 0.0049025435000658035, 0.013287344947457314, -0.011007474735379219, -0.0014666678616777062, -0.024700844660401344, 0.029359884560108185, 0.038696181029081345, -0.008445885963737965, -0.04247766360640526, -0.00926870945841074, 0.019098429009318352, -0.000756475143134594, -0.048979662358760834, 0.003546071005985141, -0.007924951612949371, 0.015634099021553993, 0.034551482647657394, -0.025181978940963745, 0.006646754685789347, 0.010866319760680199, -0.012171696871519089, -0.018105505034327507, -0.020265715196728706, -0.006533606443554163, 0.01887516863644123, 0.008956050500273705, -0.01988910883665085, -0.006387890782207251, -0.0110845435410738, 0.011280341073870659, 0.01931793801486492, -0.00987331010401249, -0.0339658260345459, 0.022940626367926598, -0.008036072365939617, -0.027472611516714096]","['8a4dde19888105c2535f1951338f928a801c4b9339587a3f62873ccb9522cee5', '8a4dde19888105c2535f1951338f928a801c4b9339587a3f62873ccb9522cee5', '8a4dde19888105c2535f1951338f928a801c4b9339587a3f62873ccb9522cee5']","['ef5db599bfbcb3d1c9e70810d87249b700839bab1dcc83b7f26e8975359b3297', '8a4dde19888105c2535f1951338f928a801c4b9339587a3f62873ccb9522cee5', '29f6b7339a923c512f88b8f2a5f3057acfd87215a68fbbaa20dfe0bc55e186b2']",1548771936327
103,ae8baceeedf5f41bfcaa4dfc7fb6e6ded504c414e4ec98287322826168fa4dab,"[-0.09597453474998474, -0.09179539978504181, -0.007691874168813229, -0.027811165899038315, 0.05081164836883545, 0.0326772965490818, 0.04478193819522858, -0.04720952734351158, -0.030571995303034782, -0.03595629706978798, 0.028443675488233566, -0.028482625260949135, -0.01854768767952919, 0.02319500595331192, 0.0049025435000658035, 0.013287344947457314, -0.011007474735379219, -0.0014666678616777062, -0.024700844660401344, 0.029359884560108185, 0.038696181029081345, -0.008445885963737965, -0.04247766360640526, -0.00926870945841074, 0.019098429009318352, -0.000756475143134594, -0.048979662358760834, 0.003546071005985141, -0.007924951612949371, 0.015634099021553993, 0.034551482647657394, -0.025181978940963745, 0.006646754685789347, 0.010866319760680199, -0.012171696871519089, -0.018105505034327507, -0.020265715196728706, -0.006533606443554163, 0.01887516863644123, 0.008956050500273705, -0.01988910883665085, -0.006387890782207251, -0.0110845435410738, 0.011280341073870659, 0.01931793801486492, -0.00987331010401249, -0.0339658260345459, 0.022940626367926598, -0.008036072365939617, -0.027472611516714096]","['8a4dde19888105c2535f1951338f928a801c4b9339587a3f62873ccb9522cee5', '8a4dde19888105c2535f1951338f928a801c4b9339587a3f62873ccb9522cee5', '8a4dde19888105c2535f1951338f928a801c4b9339587a3f62873ccb9522cee5']","['ef5db599bfbcb3d1c9e70810d87249b700839bab1dcc83b7f26e8975359b3297', '8a4dde19888105c2535f1951338f928a801c4b9339587a3f62873ccb9522cee5', '29f6b7339a923c512f88b8f2a5f3057acfd87215a68fbbaa20dfe0bc55e186b2']",1548771936327
104,178001d38847981279898cd7f87512416373d7241ce52c34d038d3df2cc36fa0,"[0.012880975380539894, -0.19772619009017944, 0.0351540632545948, 0.05530616641044617, 0.0977325513958931, 0.008911614306271076, 0.022019602358341217, -0.028462514281272888, -0.0013020546175539494, 0.03094688430428505, 0.05093812942504883, 0.014084922149777412, -0.02460699900984764, 0.004089320078492165, -0.00788794457912445, -0.022287443280220032, -0.002907856833189726, -0.00806320272386074, 0.03921118751168251, 0.00887658353894949, 0.00735479174181819, -0.020730022341012955, -0.014033174142241478, 0.00786422286182642, 0.006658242084085941, -0.021122479811310768, -0.0028530494309961796, 0.01135457307100296, 0.01262013241648674, 0.01426688116043806, 0.019409656524658203, -0.012649953365325928, -0.0027023060247302055, 0.019683850929141045, -0.00827935803681612, -0.018908042460680008, 0.0007020838093012571, 0.010317962616682053, 0.0013677640818059444, 0.015103641897439957, 0.004864477552473545, -0.015019435435533524, 0.023103758692741394, 0.010448555462062359, 0.016633184626698494, 0.0063979774713516235, -0.01763838157057762, -0.018203239887952805, 0.0181437898427248, -0.023515652865171432]","['8a4dde19888105c2535f1951338f928a801c4b9339587a3f62873ccb9522cee5', '8a4dde19888105c2535f1951338f928a801c4b9339587a3f62873ccb9522cee5']","['d5abca06d89e3af3c51291eedf26db4235daaaeccc699b9791bc8c3c65ccc063', 'b380dacb0bd36d9c1da493951c3543ad1ea94b08c8474f7e96f356ce84f87c1a', '32f488e1dd9a4cc5cd784af32040696bd210621730531c52fdd6d72200659da6', 'bbf3962f3a60da8fc26679fb4efe7463a181e34e37fdeab296fc98475aaad8e9', '1474045e3508b9b1b4986630cc462acf540aef4f057aecf4c034c8913680bd1b', 'd2623cec91540e81cd8dfa1fa4bd50f9c9ff7a10ecf58269ce0d0afd9a2bc856', '5f63996d17bd93a17cddeeeef1fb4d9f185c5df131c46e870754279989bbbeae', 'e79b241eb9dbcda10770a3445deca2cb88534e2d2bdce3daa4d619953a108c52', 'dc3cc898e7f2b923af2163f2aaecae092dda5f9b4e4806955b721c98a7d058a2', '1a16cbc1a948313438d99f791130e1a691d60a648a2a79b0543a0e23e2d3e1d4', 'b9ca86631c42fc662b12123290ea3b52c8bd0411643a4985bfdeb3f125511d49', 'ef5db599bfbcb3d1c9e70810d87249b700839bab1dcc83b7f26e8975359b3297', '5fcf234379293ab419566a5ddfdca33830c1340754039be9fe731bcc0623cd47', '6bebe62651cfd36684ae1b7fadd82a205e3637a6609c7d0313c6ae367fb09ffa', '6dcbc4975d5cf222786080687aa6401f1cf9b337b58d372b9d86e1e4b9fb689a', '10c0c79e4128206a1f05374aa29a83359fbc5aa664c333208fedca3e5313faee', '8a4dde19888105c2535f1951338f928a801c4b9339587a3f62873ccb9522cee5', '37fe1b8ed1e455fa8cb1b2a4ff19da6f5d8acab4b0348e0e51bb2bfd8da17939', '0b7e6d5b6cfb0e5ce78bade6d53db9cc6bc439c6bbc9bb3e01351345130b7afa', '1f26cfa3fdbb2e04d9c6a055e1ff6da328984fae86f6fa20a76ac3f0ef5a0dda', '29a3222834b1e7965c797078c132ea30e99302d6b7f0ac6c05c91669f9c14d32', 'bbec1e5487f67ff590890079ec8f3edc23556b7e9e3bd378456b1100bc4dfd70', '81e83a8f739d54a1d9a4c70767134f7d0ea0e7c2f757295fbd4816b306fa7c7c', '6fa4c52d63130eed2566a0b6458fc01fb252315742ade82a3126bf53290bbd64', '0f3781d15f3e9b56d7fed9ec74f0851f82e4de17427b06a08399987ee0195ebf']",1548782697710
105,ad62e4a877c0ece0762014425846d2b1ecaf800aaeded86ad126f8ad76c26c16,"[-0.10249882936477661, 0.02211836911737919, 0.3118746280670166, 0.2630349397659302, 0.04069114848971367, 0.05837276205420494, -0.04499426856637001, 0.03081241063773632, 0.14439207315444946, -0.04655768349766731, 0.11640045046806335, -0.032648857682943344, -0.028003953397274017, -0.04346329718828201, 0.03250010311603546, -0.009467769414186478, -0.015395375899970531, 0.015589835122227669, -0.01868588477373123, -0.0032084290869534016, -0.011785078793764114, -0.026617981493473053, -0.009679019451141357, 2.2251391783356667e-05, 0.06734617054462433, 0.005242072511464357, 0.03633550554513931, -0.020640896633267403, 0.02638133615255356, 0.022541124373674393, 0.05227207392454147, -0.006483395583927631, -0.0038064206019043922, 0.020620357245206833, -0.022126084193587303, 0.0419783890247345, -0.03574515879154205, -0.007252671290189028, 0.016662390902638435, -0.0046640364453196526, -0.0028397529385983944, 0.0026107323355972767, -0.01785830222070217, -0.01112273894250393, 0.01596255972981453, 0.03443240374326706, 0.015232132747769356, 0.01481824554502964, 0.01591460593044758, -0.0050589232705533504]",,,1548619489718
106,ad62e4a877c0ece0762014425846d2b1ecaf800aaeded86ad126f8ad76c26c16,"[0.12317651510238647, -0.21889345347881317, 0.018711086362600327, 0.13979406654834747, 0.27180910110473633, 0.031078513711690903, 0.09665975719690323, -0.12229840457439423, -0.024325942620635033, 0.1199188083410263, 0.03133676201105118, 0.043861452490091324, -0.04137249290943146, 0.06314359605312347, 0.029677288606762886, -0.00014662044122815132, 0.02880031429231167, 0.036766938865184784, 0.04588804766535759, -0.04793904721736908, -0.03401409089565277, 0.03794266656041145, 0.08180813491344452, -0.065971240401268, -0.04915350675582886, -0.003504999214783311, 0.05229032784700394, -0.09655766189098358, -0.029922205954790115, 0.04502548277378082, 0.05821250006556511, -0.0015969090163707733, -0.06559151411056519, 0.023598581552505493, 0.008074373006820679, 0.03236435353755951, -0.015813007950782776, 0.07913629710674286, 0.0872751772403717, -0.04834103584289551, -0.007427026517689228, 0.07588174939155579, 0.039988696575164795, -0.018326392397284508, -0.010185266844928265, -0.0009502137545496225, 0.026641231030225754, 0.016857080161571503, -0.03280593454837799, 0.01360257901251316]",,,1548619634336
107,0ca25e8788285ec1a5b7652ad2f279453e0d6deccdddcab6d6c0c98a26a795ea,"[-0.05171579122543335, -0.3234919309616089, 0.18061280250549316, -0.0005040457472205162, -0.03482033312320709, -0.05400357395410538, 0.0812760442495346, -0.020257966592907906, 0.03176259249448776, -0.012994213029742241, -0.04880952835083008, -0.057790569961071014, 0.11376069486141205, -0.0381460040807724, 0.029614796862006187, -0.02821393311023712, -0.0190201997756958, 0.03265133127570152, 0.05394835025072098, 0.03507237508893013, -0.08234338462352753, 0.07520531117916107, 0.05499007925391197, -0.01924717053771019, 0.037391118705272675, 0.044024884700775146, -0.005230734124779701, 0.010447988286614418, 0.045223407447338104, -0.037411171942949295, 0.028811849653720856, -0.006917642429471016, -0.022202149033546448, 0.04312773793935776, 0.02448679693043232, 0.06651392579078674, -0.0014154287055134773, -0.006502374075353146, -0.013772440142929554, -0.027369726449251175, 0.022686274722218513, -0.05529394745826721, 0.011718721129000187, -0.04021725431084633, -0.03027542307972908, 0.03670724481344223, 0.007825013250112534, 0.02965376153588295, -0.010369342751801014, 0.046347178518772125]",,"['2e95c060258830ace861297b86df3002ef9c6cb9a3e5ef2116bff8144f331d46', 'd716ff2ef7a7c54ef09ef058c87f1b6a4fdc07e09dfd2c6ca815c4124c5ce526', '7907e522b4ea35b9cb35b3713d3dcb4a815e4528afad3e53002c0499723a74ae', '518536360fd71a452dc880add2112f3dffac996674bab9606ce64776b87edcc4', 'd6b9ec17ed2b3e795e66c0d09f717c4cbf3ce3834f6c14d93553f0b7d93ac0df', '1477db5eeb6f12e9233cb039785107546864a2946e3572c4914511bf28cc0aa1', '04f714dd9a7b060ea57d175afeb36269ea5847d006153abd59a9d4513194bc6e', 'cea670a67cd02ae8edc5c8387d92d1bd126da66fc4a6b8584f4e345ccde127e5', '41b1ebf8c6f32634013de2fe534b8da3750c065b6514b13ff5354a2c3ffc4b30', 'cc0ae0d6f07b570d59d6b68f7928d20b2e3f0b49262cd4893c09cb37997f3865', 'c1035deb735761ce639f986c2852371a9a2693ce65fda26f28504b5203e5f244', '3f06616cc35990ea582e5b5b71c24996551ec2e55ee63634ad21e620f03a5ed6', '32536bd6bcaa19ea17810014deb62c93a8170cbbfed0f62ab1ffb2865d2ddb65', '4129ff0df7150930d1220fb19dcf6569dcb7edd800aef3c35df6d6294fc0c707', '595e05ecaea41ae53289297837c5d27c7ac8366e047492f96fbe509d6ff6f7cc', '192133fc0d868abbe50bb597dffd4fa02138af65dede95069a74aee870600bd2', '527468960c3c5bc9f831752c5846675fe7ce512c3051b8c58f6f243a60de28ca', '5a6151e6ca2450a8ac09ed0ae29bad7b1b5cff31a345ea0bfddcb520cec2749c', '644480ee7314427b5b3b80ea3ece1a26a5a019466cc4a4209d168f7ebafbd766', '761bade1b065274f5e96ecd5af898bb748d297a2486b785f6a9f084a7ab7bf83', 'f390648daf9afe02b76bf920b161ac93a5cc4118fe3bdf3a7cc7515b146bd860', '723da774f96cb9437558d0324ea04171497dacd7a0fc34ec547f90d799457ec5', '2fa34124fd2373718bd1d44a8ff05ed2f1214ea02a92f53a42e59fbc8c9b195c', '59a704266fe14796a39358d0a631ce3315858dca7cf801c19577d0b6554f782f', '9895f8cdcf5c7a8d2a3293b447c700b8d0d987a9b0bf4264e09d5f0666569cea']",1548619584410
108,06bed895d2a0719b854f0c4bcfdf3cc42f723ed030d792da3635aa925eb574bf,"[0.403371125459671, 0.07456105947494507, -0.02266274392604828, 0.050156667828559875, -0.045770011842250824, -0.04690854251384735, -0.023588869720697403, 0.05847225710749626, 0.007170052267611027, -0.016555123031139374, -0.010669000446796417, 0.01760849915444851, -0.026215367019176483, -0.015700839459896088, 0.006427346263080835, -0.07043059170246124, 0.004190104082226753, 0.04518532380461693, 0.05207178741693497, -0.003341738134622574, -0.02775048464536667, 0.006534445099532604, -0.00818252470344305, 0.025148797780275345, 0.026568405330181122, 0.016316965222358704, 0.04697258025407791, 0.013407484628260136, -0.007979435846209526, 0.0240786112844944, -0.014264708384871483, -0.11942895501852036, 0.048593051731586456, -0.030464133247733116, -0.026854559779167175, -0.0054290760308504105, -0.004147005267441273, 0.01088818721473217, 0.09021885693073273, 0.07641799002885818, 0.07706763595342636, -0.011621927842497826, -0.05183202400803566, -0.04919663444161415, 0.027702175080776215, -0.010596083477139473, -0.06434212625026703, -0.01964500918984413, -0.03020777553319931, -0.0537446066737175]",,"['1af276fd7837078978fee280beb91f082342f605598787dd8771e8d4e6ce7529', '47bcb76edb3e0cd196cf31ba6cf9683ed425364e7ca8502bd2088ee041e8b912', '6f0d1ba0aa3d68260c27ed0fba200718170b643adc8a4aa3fdf362478b508b2c', '1ecb248ebadd1d2573b0eab22ee4fd4ab3956d6db522deb0842733fea1c4f637', '8b354bf91aa9301f6b0892d2338a07d04f5260c9e7f64c5dcdfa2a4f47582975', '3cfc978cf6343d16b3ef51463b0cb79f47e5183dc0a767fd20194f1bae63d389', '24ec403ac51dcc037ab7c01ee252741e922854e05dc36815722adc4841544f8a', '229038c44bd076cffd155adb7aed5d70f69302c131638ff1c255cf535e517bbb', '1c2304168a4c76670ed3b4fc8cd0d1e51ab7a9c19dc6aba4e1a5fbbc42b43659', 'aa77973967064bb5bed0736b9388fe912f2403e918042bd0d680d5833a9f7694', '3d17a2547dd55947b76681b37fbb042abe71303a7bfa31b34b494b75c633c482', 'a29f70447c8ed633012df9104b8ce8f2a750610730152395ab07b1876d5170ee', 'c480227c99e8f73c028d4132e7ef059ac9c24b7942ab373f256ed1ab79d463a9', '60de170377c054d53c6e78358a1cce4f3a8f1ed1a99ed7050e3f68ecbe6dab50', '78d9660c926ab293ef14dc6c567cb4fa7c29a6572a15e7b2f121a0ee6549f98e']",1548530301916
109,27044eb5473d289b503392ba2219754cc579f36a1597761abebb210f81f3f98c,"[-0.015267493203282356, -0.20827046036720276, 0.03185856342315674, 0.16535606980323792, -0.10530081391334534, 0.12350514531135559, -0.055724356323480606, 0.043605104088783264, -0.03993983939290047, -0.16883844137191772, -0.19159318506717682, 0.04006344452500343, 0.003380386158823967, -0.1223750114440918, 0.07860291004180908, -0.07991039007902145, 0.00952187366783619, 0.009140726178884506, 0.0004646182060241699, -0.019554927945137024, -0.03678291290998459, 0.0539223738014698, -0.008512220345437527, 0.12793399393558502, -0.014934549108147621, 0.13474835455417633, -0.01393289677798748, -0.04271770268678665, 0.0963032990694046, -0.008904054760932922, -0.026389505714178085, -0.016887957230210304, -0.0064537543803453445, 0.003240952268242836, -0.03430629521608353, 0.005711649544537067, -0.008064692839980125, -0.04483310878276825, 0.05746723338961601, 0.056556057184934616, -0.013259300962090492, -0.08228243887424469, 0.05163498595356941, 0.08056169748306274, -0.05601264908909798, -0.003207583911716938, 0.11086125671863556, -0.036847203969955444, 0.06454973667860031, 0.004904510453343391]",,"['ef794ded235cd83e902014fba1b974bb8693237e52ab41ac1bad48052d07dfdd', 'f30e7cd6ce9a44c089163111501bb5b9dd6a22d25d2ea57d9a42370f02ee25e3', '33c1131dd959ba5bdd923b7f212c980b486329092da3a5a287153671f35bb76e', 'ebe56dbc96be03098637831d6d13914859c1257010d9488125c44d5bf3aaa94e', '0a9155d6dbc458f70c792c206818f2059daa97b526df84e7263750e221196786', 'b1d49ec8788a5f7608724fc54f91092df993687ce983e3eb74b86a3b607ded61', 'f91f71bd4d325ac9ceffc30bf76be4be5ad55d199692b84423ba6f554f17d915', 'adc2e4008f4a8ea7874a4400e3de16de6536406e77c5c56376f0e0733d00fd46', '336401e3c537e017a9b8a181b2c10c43b88750b01aa1468061092f57c9361db0', '01b51e4811f3fff47eb19a5fb9e91fedc647d034e8f48684eec2185614580d60', '52f06421b08e4e54ae28247e2b5fa8750580c80f4daf9e4a2e714c721df9a5a5', '633d6f60721c6f64f20dcd3cdad864917fed78a60e302d7800a09e94332c0617', '10a3dc4960c789790700b9e0639a0fcba99d21cf2578dcac450e92ad84bf3232', '1e3b904e760311dfea9fff5dca1305cec6338ddd9c6f858d8dff7a3b695f9c72', 'd78ee33f531cec0bb33a03fbed43a5c7c28c3d98081dd52a26de7e7ee63aa842', '1e095fea23a6f3c1f465ceea47a1061fab7818c5a6b434e0f545443077936c08', 'd95b49fe9d194f3817b6aa750d23fb3056188a36d1042ad25ca8a1cd667a43ff', '5d2cd0b4d825c42e1230cf5ec9a5de9961e7609ee2a43fd1ae35dd41b3e0f33b', '51eacee8ad52fce1a99717f854f0435f74d8c13fbf3cd34f261cb30b4245f669', '2dd3e13092039e9da196e83214f4c2594332ee046f4c43816c43268e6b3744dd', '2d4c91bce15fe3777a33630004191494c25e7204ac10222927788c934c73bf0c', 'cac2d682565476272f3e7b7d614b67344cf2a6173f8468522d641dfad3702f88', 'a78f6d3d945b771d3187cf7b168f17343526fc91a381bbd39c33691f8933bfef', 'dba64bdb861beaf46c33407927bb06497fe58cbbaeee17a9665fdd5ba4a6295b', 'eeed88d25e4d8225b7b06b153c3b0be5179cece763a908e45f639777bd3b6740']",1547835873863
110,27044eb5473d289b503392ba2219754cc579f36a1597761abebb210f81f3f98c,"[-0.015267493203282356, -0.20827046036720276, 0.03185856342315674, 0.16535606980323792, -0.10530081391334534, 0.12350514531135559, -0.055724356323480606, 0.043605104088783264, -0.03993983939290047, -0.16883844137191772, -0.19159318506717682, 0.04006344452500343, 0.003380386158823967, -0.1223750114440918, 0.07860291004180908, -0.07991039007902145, 0.00952187366783619, 0.009140726178884506, 0.0004646182060241699, -0.019554927945137024, -0.03678291290998459, 0.0539223738014698, -0.008512220345437527, 0.12793399393558502, -0.014934549108147621, 0.13474835455417633, -0.01393289677798748, -0.04271770268678665, 0.0963032990694046, -0.008904054760932922, -0.026389505714178085, -0.016887957230210304, -0.0064537543803453445, 0.003240952268242836, -0.03430629521608353, 0.005711649544537067, -0.008064692839980125, -0.04483310878276825, 0.05746723338961601, 0.056556057184934616, -0.013259300962090492, -0.08228243887424469, 0.05163498595356941, 0.08056169748306274, -0.05601264908909798, -0.003207583911716938, 0.11086125671863556, -0.036847203969955444, 0.06454973667860031, 0.004904510453343391]",,"['ef794ded235cd83e902014fba1b974bb8693237e52ab41ac1bad48052d07dfdd', 'f30e7cd6ce9a44c089163111501bb5b9dd6a22d25d2ea57d9a42370f02ee25e3', '33c1131dd959ba5bdd923b7f212c980b486329092da3a5a287153671f35bb76e', 'ebe56dbc96be03098637831d6d13914859c1257010d9488125c44d5bf3aaa94e', '0a9155d6dbc458f70c792c206818f2059daa97b526df84e7263750e221196786', 'b1d49ec8788a5f7608724fc54f91092df993687ce983e3eb74b86a3b607ded61', 'f91f71bd4d325ac9ceffc30bf76be4be5ad55d199692b84423ba6f554f17d915', 'adc2e4008f4a8ea7874a4400e3de16de6536406e77c5c56376f0e0733d00fd46', '336401e3c537e017a9b8a181b2c10c43b88750b01aa1468061092f57c9361db0', '01b51e4811f3fff47eb19a5fb9e91fedc647d034e8f48684eec2185614580d60', '52f06421b08e4e54ae28247e2b5fa8750580c80f4daf9e4a2e714c721df9a5a5', '633d6f60721c6f64f20dcd3cdad864917fed78a60e302d7800a09e94332c0617', '10a3dc4960c789790700b9e0639a0fcba99d21cf2578dcac450e92ad84bf3232', '1e3b904e760311dfea9fff5dca1305cec6338ddd9c6f858d8dff7a3b695f9c72', 'd78ee33f531cec0bb33a03fbed43a5c7c28c3d98081dd52a26de7e7ee63aa842', '1e095fea23a6f3c1f465ceea47a1061fab7818c5a6b434e0f545443077936c08', 'd95b49fe9d194f3817b6aa750d23fb3056188a36d1042ad25ca8a1cd667a43ff', '5d2cd0b4d825c42e1230cf5ec9a5de9961e7609ee2a43fd1ae35dd41b3e0f33b', '51eacee8ad52fce1a99717f854f0435f74d8c13fbf3cd34f261cb30b4245f669', '2dd3e13092039e9da196e83214f4c2594332ee046f4c43816c43268e6b3744dd', '2d4c91bce15fe3777a33630004191494c25e7204ac10222927788c934c73bf0c', 'cac2d682565476272f3e7b7d614b67344cf2a6173f8468522d641dfad3702f88', 'a78f6d3d945b771d3187cf7b168f17343526fc91a381bbd39c33691f8933bfef', 'dba64bdb861beaf46c33407927bb06497fe58cbbaeee17a9665fdd5ba4a6295b', 'eeed88d25e4d8225b7b06b153c3b0be5179cece763a908e45f639777bd3b6740']",1547835873863
111,27044eb5473d289b503392ba2219754cc579f36a1597761abebb210f81f3f98c,"[-0.015267493203282356, -0.20827046036720276, 0.03185856342315674, 0.16535606980323792, -0.10530081391334534, 0.12350514531135559, -0.055724356323480606, 0.043605104088783264, -0.03993983939290047, -0.16883844137191772, -0.19159318506717682, 0.04006344452500343, 0.003380386158823967, -0.1223750114440918, 0.07860291004180908, -0.07991039007902145, 0.00952187366783619, 0.009140726178884506, 0.0004646182060241699, -0.019554927945137024, -0.03678291290998459, 0.0539223738014698, -0.008512220345437527, 0.12793399393558502, -0.014934549108147621, 0.13474835455417633, -0.01393289677798748, -0.04271770268678665, 0.0963032990694046, -0.008904054760932922, -0.026389505714178085, -0.016887957230210304, -0.0064537543803453445, 0.003240952268242836, -0.03430629521608353, 0.005711649544537067, -0.008064692839980125, -0.04483310878276825, 0.05746723338961601, 0.056556057184934616, -0.013259300962090492, -0.08228243887424469, 0.05163498595356941, 0.08056169748306274, -0.05601264908909798, -0.003207583911716938, 0.11086125671863556, -0.036847203969955444, 0.06454973667860031, 0.004904510453343391]",,"['ef794ded235cd83e902014fba1b974bb8693237e52ab41ac1bad48052d07dfdd', 'f30e7cd6ce9a44c089163111501bb5b9dd6a22d25d2ea57d9a42370f02ee25e3', '33c1131dd959ba5bdd923b7f212c980b486329092da3a5a287153671f35bb76e', 'ebe56dbc96be03098637831d6d13914859c1257010d9488125c44d5bf3aaa94e', '0a9155d6dbc458f70c792c206818f2059daa97b526df84e7263750e221196786', 'b1d49ec8788a5f7608724fc54f91092df993687ce983e3eb74b86a3b607ded61', 'f91f71bd4d325ac9ceffc30bf76be4be5ad55d199692b84423ba6f554f17d915', 'adc2e4008f4a8ea7874a4400e3de16de6536406e77c5c56376f0e0733d00fd46', '336401e3c537e017a9b8a181b2c10c43b88750b01aa1468061092f57c9361db0', '01b51e4811f3fff47eb19a5fb9e91fedc647d034e8f48684eec2185614580d60', '52f06421b08e4e54ae28247e2b5fa8750580c80f4daf9e4a2e714c721df9a5a5', '633d6f60721c6f64f20dcd3cdad864917fed78a60e302d7800a09e94332c0617', '10a3dc4960c789790700b9e0639a0fcba99d21cf2578dcac450e92ad84bf3232', '1e3b904e760311dfea9fff5dca1305cec6338ddd9c6f858d8dff7a3b695f9c72', 'd78ee33f531cec0bb33a03fbed43a5c7c28c3d98081dd52a26de7e7ee63aa842', '1e095fea23a6f3c1f465ceea47a1061fab7818c5a6b434e0f545443077936c08', 'd95b49fe9d194f3817b6aa750d23fb3056188a36d1042ad25ca8a1cd667a43ff', '5d2cd0b4d825c42e1230cf5ec9a5de9961e7609ee2a43fd1ae35dd41b3e0f33b', '51eacee8ad52fce1a99717f854f0435f74d8c13fbf3cd34f261cb30b4245f669', '2dd3e13092039e9da196e83214f4c2594332ee046f4c43816c43268e6b3744dd', '2d4c91bce15fe3777a33630004191494c25e7204ac10222927788c934c73bf0c', 'cac2d682565476272f3e7b7d614b67344cf2a6173f8468522d641dfad3702f88', 'a78f6d3d945b771d3187cf7b168f17343526fc91a381bbd39c33691f8933bfef', 'dba64bdb861beaf46c33407927bb06497fe58cbbaeee17a9665fdd5ba4a6295b', 'eeed88d25e4d8225b7b06b153c3b0be5179cece763a908e45f639777bd3b6740']",1547835873863
112,27044eb5473d289b503392ba2219754cc579f36a1597761abebb210f81f3f98c,"[-0.015267493203282356, -0.20827046036720276, 0.03185856342315674, 0.16535606980323792, -0.10530081391334534, 0.12350514531135559, -0.055724356323480606, 0.043605104088783264, -0.03993983939290047, -0.16883844137191772, -0.19159318506717682, 0.04006344452500343, 0.003380386158823967, -0.1223750114440918, 0.07860291004180908, -0.07991039007902145, 0.00952187366783619, 0.009140726178884506, 0.0004646182060241699, -0.019554927945137024, -0.03678291290998459, 0.0539223738014698, -0.008512220345437527, 0.12793399393558502, -0.014934549108147621, 0.13474835455417633, -0.01393289677798748, -0.04271770268678665, 0.0963032990694046, -0.008904054760932922, -0.026389505714178085, -0.016887957230210304, -0.0064537543803453445, 0.003240952268242836, -0.03430629521608353, 0.005711649544537067, -0.008064692839980125, -0.04483310878276825, 0.05746723338961601, 0.056556057184934616, -0.013259300962090492, -0.08228243887424469, 0.05163498595356941, 0.08056169748306274, -0.05601264908909798, -0.003207583911716938, 0.11086125671863556, -0.036847203969955444, 0.06454973667860031, 0.004904510453343391]",,"['ef794ded235cd83e902014fba1b974bb8693237e52ab41ac1bad48052d07dfdd', 'f30e7cd6ce9a44c089163111501bb5b9dd6a22d25d2ea57d9a42370f02ee25e3', '33c1131dd959ba5bdd923b7f212c980b486329092da3a5a287153671f35bb76e', 'ebe56dbc96be03098637831d6d13914859c1257010d9488125c44d5bf3aaa94e', '0a9155d6dbc458f70c792c206818f2059daa97b526df84e7263750e221196786', 'b1d49ec8788a5f7608724fc54f91092df993687ce983e3eb74b86a3b607ded61', 'f91f71bd4d325ac9ceffc30bf76be4be5ad55d199692b84423ba6f554f17d915', 'adc2e4008f4a8ea7874a4400e3de16de6536406e77c5c56376f0e0733d00fd46', '336401e3c537e017a9b8a181b2c10c43b88750b01aa1468061092f57c9361db0', '01b51e4811f3fff47eb19a5fb9e91fedc647d034e8f48684eec2185614580d60', '52f06421b08e4e54ae28247e2b5fa8750580c80f4daf9e4a2e714c721df9a5a5', '633d6f60721c6f64f20dcd3cdad864917fed78a60e302d7800a09e94332c0617', '10a3dc4960c789790700b9e0639a0fcba99d21cf2578dcac450e92ad84bf3232', '1e3b904e760311dfea9fff5dca1305cec6338ddd9c6f858d8dff7a3b695f9c72', 'd78ee33f531cec0bb33a03fbed43a5c7c28c3d98081dd52a26de7e7ee63aa842', '1e095fea23a6f3c1f465ceea47a1061fab7818c5a6b434e0f545443077936c08', 'd95b49fe9d194f3817b6aa750d23fb3056188a36d1042ad25ca8a1cd667a43ff', '5d2cd0b4d825c42e1230cf5ec9a5de9961e7609ee2a43fd1ae35dd41b3e0f33b', '51eacee8ad52fce1a99717f854f0435f74d8c13fbf3cd34f261cb30b4245f669', '2dd3e13092039e9da196e83214f4c2594332ee046f4c43816c43268e6b3744dd', '2d4c91bce15fe3777a33630004191494c25e7204ac10222927788c934c73bf0c', 'cac2d682565476272f3e7b7d614b67344cf2a6173f8468522d641dfad3702f88', 'a78f6d3d945b771d3187cf7b168f17343526fc91a381bbd39c33691f8933bfef', 'dba64bdb861beaf46c33407927bb06497fe58cbbaeee17a9665fdd5ba4a6295b', 'eeed88d25e4d8225b7b06b153c3b0be5179cece763a908e45f639777bd3b6740']",1547835873863
113,27044eb5473d289b503392ba2219754cc579f36a1597761abebb210f81f3f98c,"[-0.015267493203282356, -0.20827046036720276, 0.03185856342315674, 0.16535606980323792, -0.10530081391334534, 0.12350514531135559, -0.055724356323480606, 0.043605104088783264, -0.03993983939290047, -0.16883844137191772, -0.19159318506717682, 0.04006344452500343, 0.003380386158823967, -0.1223750114440918, 0.07860291004180908, -0.07991039007902145, 0.00952187366783619, 0.009140726178884506, 0.0004646182060241699, -0.019554927945137024, -0.03678291290998459, 0.0539223738014698, -0.008512220345437527, 0.12793399393558502, -0.014934549108147621, 0.13474835455417633, -0.01393289677798748, -0.04271770268678665, 0.0963032990694046, -0.008904054760932922, -0.026389505714178085, -0.016887957230210304, -0.0064537543803453445, 0.003240952268242836, -0.03430629521608353, 0.005711649544537067, -0.008064692839980125, -0.04483310878276825, 0.05746723338961601, 0.056556057184934616, -0.013259300962090492, -0.08228243887424469, 0.05163498595356941, 0.08056169748306274, -0.05601264908909798, -0.003207583911716938, 0.11086125671863556, -0.036847203969955444, 0.06454973667860031, 0.004904510453343391]",,"['ef794ded235cd83e902014fba1b974bb8693237e52ab41ac1bad48052d07dfdd', 'f30e7cd6ce9a44c089163111501bb5b9dd6a22d25d2ea57d9a42370f02ee25e3', '33c1131dd959ba5bdd923b7f212c980b486329092da3a5a287153671f35bb76e', 'ebe56dbc96be03098637831d6d13914859c1257010d9488125c44d5bf3aaa94e', '0a9155d6dbc458f70c792c206818f2059daa97b526df84e7263750e221196786', 'b1d49ec8788a5f7608724fc54f91092df993687ce983e3eb74b86a3b607ded61', 'f91f71bd4d325ac9ceffc30bf76be4be5ad55d199692b84423ba6f554f17d915', 'adc2e4008f4a8ea7874a4400e3de16de6536406e77c5c56376f0e0733d00fd46', '336401e3c537e017a9b8a181b2c10c43b88750b01aa1468061092f57c9361db0', '01b51e4811f3fff47eb19a5fb9e91fedc647d034e8f48684eec2185614580d60', '52f06421b08e4e54ae28247e2b5fa8750580c80f4daf9e4a2e714c721df9a5a5', '633d6f60721c6f64f20dcd3cdad864917fed78a60e302d7800a09e94332c0617', '10a3dc4960c789790700b9e0639a0fcba99d21cf2578dcac450e92ad84bf3232', '1e3b904e760311dfea9fff5dca1305cec6338ddd9c6f858d8dff7a3b695f9c72', 'd78ee33f531cec0bb33a03fbed43a5c7c28c3d98081dd52a26de7e7ee63aa842', '1e095fea23a6f3c1f465ceea47a1061fab7818c5a6b434e0f545443077936c08', 'd95b49fe9d194f3817b6aa750d23fb3056188a36d1042ad25ca8a1cd667a43ff', '5d2cd0b4d825c42e1230cf5ec9a5de9961e7609ee2a43fd1ae35dd41b3e0f33b', '51eacee8ad52fce1a99717f854f0435f74d8c13fbf3cd34f261cb30b4245f669', '2dd3e13092039e9da196e83214f4c2594332ee046f4c43816c43268e6b3744dd', '2d4c91bce15fe3777a33630004191494c25e7204ac10222927788c934c73bf0c', 'cac2d682565476272f3e7b7d614b67344cf2a6173f8468522d641dfad3702f88', 'a78f6d3d945b771d3187cf7b168f17343526fc91a381bbd39c33691f8933bfef', 'dba64bdb861beaf46c33407927bb06497fe58cbbaeee17a9665fdd5ba4a6295b', 'eeed88d25e4d8225b7b06b153c3b0be5179cece763a908e45f639777bd3b6740']",1547835873863
114,27044eb5473d289b503392ba2219754cc579f36a1597761abebb210f81f3f98c,"[-0.16383272409439087, 0.03506274148821831, 0.06860063970088959, 0.0800858661532402, -0.13921305537223816, 0.09792321920394897, -0.0998084545135498, -0.02510361559689045, -0.11100651323795319, -0.13301017880439758, -0.1514577567577362, 0.013183622620999813, -0.0046117594465613365, -0.08982644975185394, 0.06796903908252716, -0.05126374214887619, 0.017529556527733803, 0.056661318987607956, -0.017111532390117645, -0.04435072839260101, -0.025073129683732986, 0.012406501919031143, -0.009407266974449158, 0.09489451348781586, -0.036109015345573425, 0.10167413204908371, -0.06685265153646469, -0.06795278191566467, 0.007837166078388691, -0.021021297201514244, -0.041495274752378464, 0.02273694984614849, 0.014934544451534748, -0.03217581659555435, -0.0019107069820165634, -0.030551593750715256, -0.024041486904025078, -0.04069710150361061, 0.05982978641986847, 0.04422953352332115, 0.011357391253113747, -0.039433062076568604, 0.002950455993413925, 0.050998393446207047, -0.045903731137514114, -0.012945946305990219, 0.07012025266885757, -0.02685101330280304, 0.02506384626030922, 0.007301439065486193]",,"['2dd3e13092039e9da196e83214f4c2594332ee046f4c43816c43268e6b3744dd', '2d4c91bce15fe3777a33630004191494c25e7204ac10222927788c934c73bf0c']",1547835931746
115,27044eb5473d289b503392ba2219754cc579f36a1597761abebb210f81f3f98c,"[-0.16383272409439087, 0.03506274148821831, 0.06860063970088959, 0.0800858661532402, -0.13921305537223816, 0.09792321920394897, -0.0998084545135498, -0.02510361559689045, -0.11100651323795319, -0.13301017880439758, -0.1514577567577362, 0.013183622620999813, -0.0046117594465613365, -0.08982644975185394, 0.06796903908252716, -0.05126374214887619, 0.017529556527733803, 0.056661318987607956, -0.017111532390117645, -0.04435072839260101, -0.025073129683732986, 0.012406501919031143, -0.009407266974449158, 0.09489451348781586, -0.036109015345573425, 0.10167413204908371, -0.06685265153646469, -0.06795278191566467, 0.007837166078388691, -0.021021297201514244, -0.041495274752378464, 0.02273694984614849, 0.014934544451534748, -0.03217581659555435, -0.0019107069820165634, -0.030551593750715256, -0.024041486904025078, -0.04069710150361061, 0.05982978641986847, 0.04422953352332115, 0.011357391253113747, -0.039433062076568604, 0.002950455993413925, 0.050998393446207047, -0.045903731137514114, -0.012945946305990219, 0.07012025266885757, -0.02685101330280304, 0.02506384626030922, 0.007301439065486193]",,"['2dd3e13092039e9da196e83214f4c2594332ee046f4c43816c43268e6b3744dd', '2d4c91bce15fe3777a33630004191494c25e7204ac10222927788c934c73bf0c']",1547835931746
116,27044eb5473d289b503392ba2219754cc579f36a1597761abebb210f81f3f98c,"[-0.16383272409439087, 0.03506274148821831, 0.06860063970088959, 0.0800858661532402, -0.13921305537223816, 0.09792321920394897, -0.0998084545135498, -0.02510361559689045, -0.11100651323795319, -0.13301017880439758, -0.1514577567577362, 0.013183622620999813, -0.0046117594465613365, -0.08982644975185394, 0.06796903908252716, -0.05126374214887619, 0.017529556527733803, 0.056661318987607956, -0.017111532390117645, -0.04435072839260101, -0.025073129683732986, 0.012406501919031143, -0.009407266974449158, 0.09489451348781586, -0.036109015345573425, 0.10167413204908371, -0.06685265153646469, -0.06795278191566467, 0.007837166078388691, -0.021021297201514244, -0.041495274752378464, 0.02273694984614849, 0.014934544451534748, -0.03217581659555435, -0.0019107069820165634, -0.030551593750715256, -0.024041486904025078, -0.04069710150361061, 0.05982978641986847, 0.04422953352332115, 0.011357391253113747, -0.039433062076568604, 0.002950455993413925, 0.050998393446207047, -0.045903731137514114, -0.012945946305990219, 0.07012025266885757, -0.02685101330280304, 0.02506384626030922, 0.007301439065486193]",,"['2dd3e13092039e9da196e83214f4c2594332ee046f4c43816c43268e6b3744dd', '2d4c91bce15fe3777a33630004191494c25e7204ac10222927788c934c73bf0c']",1547835931746
117,27044eb5473d289b503392ba2219754cc579f36a1597761abebb210f81f3f98c,"[-0.16383272409439087, 0.03506274148821831, 0.06860063970088959, 0.0800858661532402, -0.13921305537223816, 0.09792321920394897, -0.0998084545135498, -0.02510361559689045, -0.11100651323795319, -0.13301017880439758, -0.1514577567577362, 0.013183622620999813, -0.0046117594465613365, -0.08982644975185394, 0.06796903908252716, -0.05126374214887619, 0.017529556527733803, 0.056661318987607956, -0.017111532390117645, -0.04435072839260101, -0.025073129683732986, 0.012406501919031143, -0.009407266974449158, 0.09489451348781586, -0.036109015345573425, 0.10167413204908371, -0.06685265153646469, -0.06795278191566467, 0.007837166078388691, -0.021021297201514244, -0.041495274752378464, 0.02273694984614849, 0.014934544451534748, -0.03217581659555435, -0.0019107069820165634, -0.030551593750715256, -0.024041486904025078, -0.04069710150361061, 0.05982978641986847, 0.04422953352332115, 0.011357391253113747, -0.039433062076568604, 0.002950455993413925, 0.050998393446207047, -0.045903731137514114, -0.012945946305990219, 0.07012025266885757, -0.02685101330280304, 0.02506384626030922, 0.007301439065486193]",,"['2dd3e13092039e9da196e83214f4c2594332ee046f4c43816c43268e6b3744dd', '2d4c91bce15fe3777a33630004191494c25e7204ac10222927788c934c73bf0c']",1547835931746
118,27044eb5473d289b503392ba2219754cc579f36a1597761abebb210f81f3f98c,"[-0.16383272409439087, 0.03506274148821831, 0.06860063970088959, 0.0800858661532402, -0.13921305537223816, 0.09792321920394897, -0.0998084545135498, -0.02510361559689045, -0.11100651323795319, -0.13301017880439758, -0.1514577567577362, 0.013183622620999813, -0.0046117594465613365, -0.08982644975185394, 0.06796903908252716, -0.05126374214887619, 0.017529556527733803, 0.056661318987607956, -0.017111532390117645, -0.04435072839260101, -0.025073129683732986, 0.012406501919031143, -0.009407266974449158, 0.09489451348781586, -0.036109015345573425, 0.10167413204908371, -0.06685265153646469, -0.06795278191566467, 0.007837166078388691, -0.021021297201514244, -0.041495274752378464, 0.02273694984614849, 0.014934544451534748, -0.03217581659555435, -0.0019107069820165634, -0.030551593750715256, -0.024041486904025078, -0.04069710150361061, 0.05982978641986847, 0.04422953352332115, 0.011357391253113747, -0.039433062076568604, 0.002950455993413925, 0.050998393446207047, -0.045903731137514114, -0.012945946305990219, 0.07012025266885757, -0.02685101330280304, 0.02506384626030922, 0.007301439065486193]",,"['2dd3e13092039e9da196e83214f4c2594332ee046f4c43816c43268e6b3744dd', '2d4c91bce15fe3777a33630004191494c25e7204ac10222927788c934c73bf0c']",1547835931746
119,27044eb5473d289b503392ba2219754cc579f36a1597761abebb210f81f3f98c,"[-0.1680622100830078, -0.13806676864624023, 0.05505959689617157, 0.057208284735679626, -0.2693955898284912, 0.18374329805374146, 0.17302298545837402, 0.14821304380893707, -0.20681792497634888, -0.22376269102096558, -0.043245334178209305, 0.08325942605733871, 0.09249091148376465, 0.16405156254768372, 0.055563487112522125, 0.12699350714683533, -0.22805605828762054, -0.3145866394042969, 0.2627922594547272, 0.09182973206043243, 0.008916348218917847, 0.10258069634437561, -0.05593310669064522, 0.14897607266902924, -0.007119264453649521, -0.09555378556251526, -0.15048018097877502, 0.02340991236269474, 0.07684150338172913, 0.0533793643116951, 0.10963621735572815, -0.051657795906066895, 0.0013847723603248596, -0.0637618750333786, 0.024632753804326057, -0.0710027888417244, 0.025074319913983345, 0.024990761652588844, 0.12076625972986221, -0.007294762879610062, -0.048309076577425, 0.16835829615592957, -0.07438129186630249, -0.02442888543009758, 0.0471741184592247, 0.058356642723083496, -0.008442811667919159, 0.06134486943483353, 0.0439491793513298, -0.03594999387860298]",,"['5f137a0570cd4bad0380d350c29f0bfe08a6a483fc1f62047c40249c8d1a099c', '71e6585816da988cf0efeda0caaebde9779b8e2c91dc7c0d9295ad3dd226f473', '992c12a67468218fb5f088da9b165b523ade0b02833ffa89a5c772f558afeaaa', '08e4a2415bf31d4ea525fb23902914f32ead0623783f8bf2f0cd36edd7dc6ec8', '85ab15ea3c4ff50469e0a516ad5a1032f9cb5ffcfaad24f3e0dac8dac215dc21', 'd155bb4e8bcceff60f54ff0b1e10f656d681b4fbb9c794c8dd17bbbfe08546fa', 'f5cb03dd67da56c8aa5b5d6620ffc6d935b0e986217b4cd1f7c36e30f2685180', 'bb52d2c9ea1fca76176a34539e536bbeadce5929627cd8c8cfc061f2e6d311c2', 'd713851a8fa038be75af37bf594487f4ca3e0e4834977da2841b41fe6e4873cd']",1547835961816
120,27044eb5473d289b503392ba2219754cc579f36a1597761abebb210f81f3f98c,"[-0.1680622100830078, -0.13806676864624023, 0.05505959689617157, 0.057208284735679626, -0.2693955898284912, 0.18374329805374146, 0.17302298545837402, 0.14821304380893707, -0.20681792497634888, -0.22376269102096558, -0.043245334178209305, 0.08325942605733871, 0.09249091148376465, 0.16405156254768372, 0.055563487112522125, 0.12699350714683533, -0.22805605828762054, -0.3145866394042969, 0.2627922594547272, 0.09182973206043243, 0.008916348218917847, 0.10258069634437561, -0.05593310669064522, 0.14897607266902924, -0.007119264453649521, -0.09555378556251526, -0.15048018097877502, 0.02340991236269474, 0.07684150338172913, 0.0533793643116951, 0.10963621735572815, -0.051657795906066895, 0.0013847723603248596, -0.0637618750333786, 0.024632753804326057, -0.0710027888417244, 0.025074319913983345, 0.024990761652588844, 0.12076625972986221, -0.007294762879610062, -0.048309076577425, 0.16835829615592957, -0.07438129186630249, -0.02442888543009758, 0.0471741184592247, 0.058356642723083496, -0.008442811667919159, 0.06134486943483353, 0.0439491793513298, -0.03594999387860298]",,"['5f137a0570cd4bad0380d350c29f0bfe08a6a483fc1f62047c40249c8d1a099c', '71e6585816da988cf0efeda0caaebde9779b8e2c91dc7c0d9295ad3dd226f473', '992c12a67468218fb5f088da9b165b523ade0b02833ffa89a5c772f558afeaaa', '08e4a2415bf31d4ea525fb23902914f32ead0623783f8bf2f0cd36edd7dc6ec8', '85ab15ea3c4ff50469e0a516ad5a1032f9cb5ffcfaad24f3e0dac8dac215dc21', 'd155bb4e8bcceff60f54ff0b1e10f656d681b4fbb9c794c8dd17bbbfe08546fa', 'f5cb03dd67da56c8aa5b5d6620ffc6d935b0e986217b4cd1f7c36e30f2685180', 'bb52d2c9ea1fca76176a34539e536bbeadce5929627cd8c8cfc061f2e6d311c2', 'd713851a8fa038be75af37bf594487f4ca3e0e4834977da2841b41fe6e4873cd']",1547835961816
121,27044eb5473d289b503392ba2219754cc579f36a1597761abebb210f81f3f98c,"[-0.1680622100830078, -0.13806676864624023, 0.05505959689617157, 0.057208284735679626, -0.2693955898284912, 0.18374329805374146, 0.17302298545837402, 0.14821304380893707, -0.20681792497634888, -0.22376269102096558, -0.043245334178209305, 0.08325942605733871, 0.09249091148376465, 0.16405156254768372, 0.055563487112522125, 0.12699350714683533, -0.22805605828762054, -0.3145866394042969, 0.2627922594547272, 0.09182973206043243, 0.008916348218917847, 0.10258069634437561, -0.05593310669064522, 0.14897607266902924, -0.007119264453649521, -0.09555378556251526, -0.15048018097877502, 0.02340991236269474, 0.07684150338172913, 0.0533793643116951, 0.10963621735572815, -0.051657795906066895, 0.0013847723603248596, -0.0637618750333786, 0.024632753804326057, -0.0710027888417244, 0.025074319913983345, 0.024990761652588844, 0.12076625972986221, -0.007294762879610062, -0.048309076577425, 0.16835829615592957, -0.07438129186630249, -0.02442888543009758, 0.0471741184592247, 0.058356642723083496, -0.008442811667919159, 0.06134486943483353, 0.0439491793513298, -0.03594999387860298]",,"['5f137a0570cd4bad0380d350c29f0bfe08a6a483fc1f62047c40249c8d1a099c', '71e6585816da988cf0efeda0caaebde9779b8e2c91dc7c0d9295ad3dd226f473', '992c12a67468218fb5f088da9b165b523ade0b02833ffa89a5c772f558afeaaa', '08e4a2415bf31d4ea525fb23902914f32ead0623783f8bf2f0cd36edd7dc6ec8', '85ab15ea3c4ff50469e0a516ad5a1032f9cb5ffcfaad24f3e0dac8dac215dc21', 'd155bb4e8bcceff60f54ff0b1e10f656d681b4fbb9c794c8dd17bbbfe08546fa', 'f5cb03dd67da56c8aa5b5d6620ffc6d935b0e986217b4cd1f7c36e30f2685180', 'bb52d2c9ea1fca76176a34539e536bbeadce5929627cd8c8cfc061f2e6d311c2', 'd713851a8fa038be75af37bf594487f4ca3e0e4834977da2841b41fe6e4873cd']",1547835961816
122,27044eb5473d289b503392ba2219754cc579f36a1597761abebb210f81f3f98c,"[-0.1680622100830078, -0.13806676864624023, 0.05505959689617157, 0.057208284735679626, -0.2693955898284912, 0.18374329805374146, 0.17302298545837402, 0.14821304380893707, -0.20681792497634888, -0.22376269102096558, -0.043245334178209305, 0.08325942605733871, 0.09249091148376465, 0.16405156254768372, 0.055563487112522125, 0.12699350714683533, -0.22805605828762054, -0.3145866394042969, 0.2627922594547272, 0.09182973206043243, 0.008916348218917847, 0.10258069634437561, -0.05593310669064522, 0.14897607266902924, -0.007119264453649521, -0.09555378556251526, -0.15048018097877502, 0.02340991236269474, 0.07684150338172913, 0.0533793643116951, 0.10963621735572815, -0.051657795906066895, 0.0013847723603248596, -0.0637618750333786, 0.024632753804326057, -0.0710027888417244, 0.025074319913983345, 0.024990761652588844, 0.12076625972986221, -0.007294762879610062, -0.048309076577425, 0.16835829615592957, -0.07438129186630249, -0.02442888543009758, 0.0471741184592247, 0.058356642723083496, -0.008442811667919159, 0.06134486943483353, 0.0439491793513298, -0.03594999387860298]",,"['5f137a0570cd4bad0380d350c29f0bfe08a6a483fc1f62047c40249c8d1a099c', '71e6585816da988cf0efeda0caaebde9779b8e2c91dc7c0d9295ad3dd226f473', '992c12a67468218fb5f088da9b165b523ade0b02833ffa89a5c772f558afeaaa', '08e4a2415bf31d4ea525fb23902914f32ead0623783f8bf2f0cd36edd7dc6ec8', '85ab15ea3c4ff50469e0a516ad5a1032f9cb5ffcfaad24f3e0dac8dac215dc21', 'd155bb4e8bcceff60f54ff0b1e10f656d681b4fbb9c794c8dd17bbbfe08546fa', 'f5cb03dd67da56c8aa5b5d6620ffc6d935b0e986217b4cd1f7c36e30f2685180', 'bb52d2c9ea1fca76176a34539e536bbeadce5929627cd8c8cfc061f2e6d311c2', 'd713851a8fa038be75af37bf594487f4ca3e0e4834977da2841b41fe6e4873cd']",1547835961816
123,27044eb5473d289b503392ba2219754cc579f36a1597761abebb210f81f3f98c,"[-0.1680622100830078, -0.13806676864624023, 0.05505959689617157, 0.057208284735679626, -0.2693955898284912, 0.18374329805374146, 0.17302298545837402, 0.14821304380893707, -0.20681792497634888, -0.22376269102096558, -0.043245334178209305, 0.08325942605733871, 0.09249091148376465, 0.16405156254768372, 0.055563487112522125, 0.12699350714683533, -0.22805605828762054, -0.3145866394042969, 0.2627922594547272, 0.09182973206043243, 0.008916348218917847, 0.10258069634437561, -0.05593310669064522, 0.14897607266902924, -0.007119264453649521, -0.09555378556251526, -0.15048018097877502, 0.02340991236269474, 0.07684150338172913, 0.0533793643116951, 0.10963621735572815, -0.051657795906066895, 0.0013847723603248596, -0.0637618750333786, 0.024632753804326057, -0.0710027888417244, 0.025074319913983345, 0.024990761652588844, 0.12076625972986221, -0.007294762879610062, -0.048309076577425, 0.16835829615592957, -0.07438129186630249, -0.02442888543009758, 0.0471741184592247, 0.058356642723083496, -0.008442811667919159, 0.06134486943483353, 0.0439491793513298, -0.03594999387860298]",,"['5f137a0570cd4bad0380d350c29f0bfe08a6a483fc1f62047c40249c8d1a099c', '71e6585816da988cf0efeda0caaebde9779b8e2c91dc7c0d9295ad3dd226f473', '992c12a67468218fb5f088da9b165b523ade0b02833ffa89a5c772f558afeaaa', '08e4a2415bf31d4ea525fb23902914f32ead0623783f8bf2f0cd36edd7dc6ec8', '85ab15ea3c4ff50469e0a516ad5a1032f9cb5ffcfaad24f3e0dac8dac215dc21', 'd155bb4e8bcceff60f54ff0b1e10f656d681b4fbb9c794c8dd17bbbfe08546fa', 'f5cb03dd67da56c8aa5b5d6620ffc6d935b0e986217b4cd1f7c36e30f2685180', 'bb52d2c9ea1fca76176a34539e536bbeadce5929627cd8c8cfc061f2e6d311c2', 'd713851a8fa038be75af37bf594487f4ca3e0e4834977da2841b41fe6e4873cd']",1547835961816
124,b00a5faae07d0a478764201303a4877599e7cccf1548f27378b7f9467b847a89,"[-0.11397872865200043, -0.07653391361236572, -0.0829571932554245, 0.02328646183013916, -0.022106459364295006, 0.0803937315940857, -0.047956086695194244, -0.017729708924889565, -0.00015254050958901644, -0.05685269832611084, 0.01722022145986557, -0.01846275106072426, -0.009847451001405716, -0.07294511049985886, -0.05197657644748688, -0.038248732686042786, -0.00025109853595495224, -0.025946080684661865, -0.12801237404346466, -0.03466714918613434, -0.022463981062173843, 0.03870508447289467, 0.016730181872844696, -0.06567274779081345, -0.0660201907157898, -0.0072495355270802975, 0.05351303890347481, 0.055073752999305725, 0.01326667983084917, 0.05153176933526993, -0.013691229745745659, 0.017426155507564545, -0.0066984957084059715, -0.0432969406247139, 0.011071695014834404, -0.028488358482718468, 0.003660388756543398, 0.03318467363715172, 0.049535393714904785, 0.012657107785344124, 0.02619294449687004, 0.023640204221010208, -0.011081522330641747, -0.010833920910954475, -0.027714692056179047, -0.03232984617352486, -0.02226298302412033, 0.03154047578573227, 0.030359569936990738, -0.01563180796802044]",,"['c9f76d138a4cc7d7a5e4bbbced5490e5963858cf0f6490f747a32204fd8cf8e1', '68302f1959b5bd3cba120f7a8ab98084a66807ea749afb05a5fb432459863365', '3e3f6d2fcf7ceb13a9c9999e2b3f0acf9e0415cfe76e5c87b24841f7ddb80eb1', '560cc85eedc45f7fc9622e9089eef8359bea41d82a3567a1fd1aefe12f7d9c5a', '44914812c44217b523a66d8cba2700bbebe615b3e16a7317ce6665f81333f556', 'e5f93f71177f4ad82e289fb61fe6e4c6c5a43269c718715872d43dae78b03071', '02194b5d21059932db7afa0565568424aef0798731eaec38c60755c28c0e6258']",1547757811520
125,647777e1337c41534976b31e23b67c416fcdc1c42534d7f728b2fbab802cf135,"[-0.09130215644836426, -0.06669267266988754, 0.02354452572762966, 6.0277990996837616e-05, -0.022110100835561752, 0.011641912162303925, -0.20004519820213318, -0.04831515997648239, -0.01964651420712471, -0.12054480612277985, 0.0825868546962738, -0.09953556954860687, 0.03749489784240723, -0.056335125118494034, 0.056231334805488586, -0.02731829509139061, 0.04849689453840256, 0.02691982127726078, -0.04245750606060028, 0.04673217982053757, -0.03312480449676514, 0.014780204743146896, 0.056139200925827026, -0.0276800449937582, -0.02724609337747097, -0.06702617555856705, -0.14951282739639282, 0.00593168381601572, -0.04438457638025284, 0.029507212340831757, 0.02650616690516472, 0.01610971800982952, -0.061379943042993546, 0.07430057227611542, 0.056876227259635925, -0.0094725601375103, 0.05683758854866028, -0.028449026867747307, 0.06858016550540924, -0.010792097076773643, 0.02905021235346794, -0.021626580506563187, -0.01322212629020214, -0.06827697157859802, -0.0011349637061357498, 0.022782959043979645, 0.042610958218574524, 0.03422865644097328, 0.011841309256851673, 0.00804497767239809]",,,1547747040369
126,2a56e1b9e106d1652f96fc961d084ca73b6963145b3027279d9f63231d12bf0c,"[-0.12205557525157928, -0.11223233491182327, -0.010658773593604565, -0.09519149363040924, -0.017267871648073196, -0.04060450941324234, -0.011044489219784737, -0.04487132281064987, -0.032521724700927734, 0.011007648892700672, 0.019445208832621574, -0.06741876900196075, -0.005655855871737003, 0.007389264181256294, -0.1044003963470459, -0.017361905425786972, 0.0714498981833458, -0.018444949761033058, 0.05189690738916397, 0.06833236664533615, 0.09105132520198822, -0.030444586649537086, -0.030435629189014435, -0.12206009775400162, 0.05005539581179619, 0.014719318598508835, 0.0337330624461174, 0.03500528633594513, 0.012889424338936806, 0.0016957338666543365, 0.049185626208782196, 0.07603947818279266, -0.0894632637500763, -0.08200523257255554, -0.07846944034099579, 0.060651831328868866, 0.06595557928085327, -0.07234257459640503, 0.05180098116397858, 0.01751352660357952, -0.06633122265338898, -0.000624530017375946, 0.01881154626607895, 0.03222991153597832, -0.031892918050289154, -0.029998794198036194, 0.03534035012125969, -0.029823685064911842, -0.016882486641407013, -0.009323897771537304]",,"['2f5f1c34f8b1647c7afa1925534de203b03fe3e31a32f685bc62f47cd8775978', '2a6dc0ecf40dcd1ce83e7be189b6ec967e3f74f31423c6fa24929db8929b185b', '61c0842b49b006f82d24b80c1ec7e448e50ca45b3249258ba69bf309284c9e71', 'd86aa433bb7d4a428d5a42862eeabee81d2c31e97f818142b08e924a3155cf1b', '84e612d4d81e93af81f4e35ead4c4d3060ca841a9c142042f79cb7b7996ebcf0', 'e2d0875e72ebdf735c151935ff68af329e15494db4697e6449e68011282fa2e2', '361165136cc7c0fa267d89499b0fbe71ff72e5eb4736543618e1af82a76dcefe', '60650b3344d216ef27b4494a63d880c1c677219478ac694efb7e26a53016d7a6', '54c42914d8f9e16a52a53e59f7563669edcd169ab523dd4b117f9e409087ba72', 'cc71f1f4a988018cfa00d5490e42d124f7051aa2b8466557ec3513d3f76309d7', '228be4abfa565c29875ddbcf8463072fe8611408e194595934a383a3f8dd89cf', '5e8aeffddaa781bc13d4ffc0585987f12958a1fce46d6a09f47372e140b2f455', '62b81c6496729f1be38ae8d54ef0a6feba790e989952f11c1cc89214d8e95a94', 'b8862984831ee647c5b0b4994d86b579585988ba3fe10dfa98347dbb6a750837', '392667d653bd268132779f085e121d05248ed2dae9d1b49db7b1c1cb97587ab8', 'd072627284c0f3ab50a9037c80da8f275edeb01e8783cd262069d366659721b4', '00c3df30088b2c420e6c320cb1c364eb9562db6f5ae13d0c66785c5077ad1d9a', 'f6c2f7dd68ccc6aa584fe306ba67a2f96fa5121124313606bbb70609b4707b73', '7f96d5a47ab96bb837a69611a4212b608b3d7bf726f40968d3b74a2563bfb2e2', '1887498fab1cf9ca2edb75acea96008fe82e5eba5e4da447bbd3702f2bcd6e68', '52a64b4e1432e2257a5b4d448e8ad38be2585c93419b33bd43572fccac53264a', '8bc0653b2b837caac6c4069257ce241b0e650df1aa9a54e7f0dd8600a61c80b5', 'a551a6ebaec1c58f8af5610aabd420594a8300c7a091626feb476dd13e1a2647', '64c0aeb106f6b03497e7b26ba3336f8c61451344f7eb872ebdd9f94e71ba1e01', 'c4cfe8fa7b51dd05bb3e39ca57100a6f68bf287eab59aea0d7154ba26da429a7']",1548450130596
127,9f3632ae94f8158ef434acad6dc9e03111b4feaa064db8ebbca86e71df00ab09,"[-0.005738087929785252, -0.3360499143600464, 0.13464583456516266, 0.03713955730199814, 0.0036873319186270237, 0.007624935824424028, 0.00046725303400307894, -0.004618852864950895, -0.026335984468460083, 0.08585473895072937, -0.061274245381355286, -0.030492931604385376, 0.04313154146075249, -0.030244894325733185, -0.011692714877426624, -0.0018754489719867706, 0.03379594907164574, -0.025013517588377, -0.0019770388025790453, -0.014818604104220867, 0.014290808700025082, -0.07168440520763397, 0.004719325341284275, 0.025740940123796463, -0.049736179411411285, -0.026494383811950684, 0.04197075217962265, -0.03827787935733795, 0.09539848566055298, -0.04630282148718834, 0.002507808618247509, -0.04042333364486694, -0.077613465487957, -0.016161836683750153, -0.007899802178144455, 0.04941954463720322, -0.011775433085858822, -0.015103745274245739, -0.0204167440533638, -0.026764407753944397, -0.009999316185712814, 0.005989521741867065, 0.026319298893213272, -0.03217494860291481, 0.03236556053161621, 0.05018571391701698, 0.004627380985766649, 0.050985027104616165, -0.008682232350111008, -0.012750781141221523]",['df327a94384b824f95165c1600d12b1ffa1a5532b56cab6b25ab903fb971e83e'],"['bc8ac660a47f1873c273d49351f0435816dd6bb9d15d1f71b063d80797ebe4a7', '9ac9509fdd0c568bbf32c8566b438854700ae335276b66812f372070d5f9bc01', 'c40c9df2f75702912865840f2c0d21602c7d48d044c57a2449062c3f25dfb236', 'e67837296bbd312afcd360383f945065a85a0f2ef17d044a2a27f3dacaa25a4b', 'd06a68b2685fe35abf040badbe88a64d7feb1456c65851760f062ba299a67ae7', '3148ca9c02769e535a6a2fb13eeb0f7cd78db533b6d76c3c6942c3d6029161c7', 'b224578ca39fe09305a1eac75310a721c18fc944a6688e5af9b7d742ef45f089', '734c8452e0849a6003d3b532cfa2c1e25ceb06e623a3af061281c47e3d6a2253', 'afad25f71f218758fdbd035fde00d80165913a275c46bdec6628eaa5741a6297', 'e95a5fcffd3549101557477a061022f91e279c02c245d25f92cd818f2569fffc', 'cc5fc1a9105841616bc77e5e73cecd8d5da863ba562a78b75c03c47beb2b9b86', '3dbfc4053efe9bb2a4680de3094f67483c9e9916127ed1a3310e507ff68808ff', 'fe9d3c39d59cc5fd5ac78549863884857e21ecf5aceb7d75ae2e7fcd341917a3', '147f23713413df40096d1f4ffabdd73f86fbcac1a7dd21a5db54861d61bf9414', 'd8e3e84db7623090784b356eb5b573979647ea6e567678ac3035d2e57bc75310', '83d48737b597c8c8fe92ae716219ac798f3676edcda3f1d7f53d2889cdd6f59b', 'c368aa2a5976d1391af2bf48079e08b932668cc3112dbdedb7eedb9ce1914f51', '2fd022905c847bce6b0f903f654850bea26ac84351f16a973bfade1834452f1b', '1544594b36074f704ccc878774db10f884dfd729a7e7dbdb6342480aeda4c014', 'e3081da07c7b2294aa2fc41be04901248f6798e8afbc613b7409607c14a7a90b', '6341cb54bf5cccd30266a48ee07e1358ac384c2f8d821711136d1825b8256d7c', '8f1b1f5886adf7d7df30a6a6674bebd82cc4d3c5e1dc7e4d871b8df57f8ed272', 'df327a94384b824f95165c1600d12b1ffa1a5532b56cab6b25ab903fb971e83e', '8d9b24f39c54f8942dbb04ebe8a9f14d0e53d67dff8d7e1902295b8c9266d3db', '26be0665e8daba87ae02ad13129cd048bc7c51dae53e3ddde39336cf2e5c4e44']",1547951223777
128,e31655d94a2a07607afa8c434d7e252bc29a090af4b154e52b9af301e05d7514,"[-0.2221769243478775, 0.17930932343006134, 0.015811584889888763, -0.12426146119832993, 0.14174047112464905, -0.010387933813035488, -0.10585600137710571, 0.0944553017616272, 0.009700983762741089, 0.005236243829131126, -0.1910707652568817, 0.03706434369087219, -0.12260850518941879, 0.07695453613996506, -0.0308083388954401, -0.026802871376276016, -0.06281746178865433, 0.07909617573022842, 0.03302556276321411, -0.013778511434793472, -0.07191584259271622, 0.0001276959665119648, 0.025425931438803673, -0.060107942670583725, -0.02765394002199173, -0.015658516436815262, 0.030283357948064804, -0.0069038597866892815, 0.04962760582566261, 0.02570877969264984, 0.045445021241903305, -0.05504801124334335, -0.023618146777153015, 0.06047549098730087, -0.01715136505663395, 0.05168814957141876, 0.04094903916120529, 0.005608725361526012, 0.03582550957798958, -0.04792455583810806, 0.04995827376842499, -0.0005710292607545853, 0.01680789515376091, 0.021878568455576897, 0.03212350606918335, 0.022090669721364975, -0.008287237957119942, 0.026418471708893776, -0.04249470308423042, 0.02602398954331875]",,"['8b790052dcd362867942b9010a249cdf723605252d03ad312a1d1f116da56fc0', '2eb728e1893912dee8ae109664b5b186dfc5b0927da453992004db112151970b']",1549107781960
129,e31655d94a2a07607afa8c434d7e252bc29a090af4b154e52b9af301e05d7514,"[-0.2221769243478775, 0.17930932343006134, 0.015811584889888763, -0.12426146119832993, 0.14174047112464905, -0.010387933813035488, -0.10585600137710571, 0.0944553017616272, 0.009700983762741089, 0.005236243829131126, -0.1910707652568817, 0.03706434369087219, -0.12260850518941879, 0.07695453613996506, -0.0308083388954401, -0.026802871376276016, -0.06281746178865433, 0.07909617573022842, 0.03302556276321411, -0.013778511434793472, -0.07191584259271622, 0.0001276959665119648, 0.025425931438803673, -0.060107942670583725, -0.02765394002199173, -0.015658516436815262, 0.030283357948064804, -0.0069038597866892815, 0.04962760582566261, 0.02570877969264984, 0.045445021241903305, -0.05504801124334335, -0.023618146777153015, 0.06047549098730087, -0.01715136505663395, 0.05168814957141876, 0.04094903916120529, 0.005608725361526012, 0.03582550957798958, -0.04792455583810806, 0.04995827376842499, -0.0005710292607545853, 0.01680789515376091, 0.021878568455576897, 0.03212350606918335, 0.022090669721364975, -0.008287237957119942, 0.026418471708893776, -0.04249470308423042, 0.02602398954331875]",,"['8b790052dcd362867942b9010a249cdf723605252d03ad312a1d1f116da56fc0', '2eb728e1893912dee8ae109664b5b186dfc5b0927da453992004db112151970b']",1549107781960
130,8e8c66cc4b520228e2dee896ad31dff22619b1a9ed2b03108d8bae06269e2e64,"[-0.21395498514175415, 0.08928224444389343, 0.08858560770750046, -0.07251927256584167, 0.08763855695724487, -0.02890908718109131, -0.08200718462467194, -0.07366183400154114, 0.022899718955159187, -0.10035798698663712, -0.19048571586608887, 0.028039492666721344, -0.10245455801486969, 0.1433175802230835, -0.15069164335727692, -0.04424355551600456, -0.0315939337015152, 0.05580693483352661, 0.0072400933131575584, -0.0029424112290143967, -0.03398757427930832, -0.04764826223254204, -0.025840938091278076, -0.03528599441051483, -0.019678041338920593, -0.03721272200345993, -0.014616929925978184, 0.02224433422088623, 0.02000967413187027, 0.023721206933259964, 0.010987851768732071, -0.01884930580854416, 0.033052124083042145, 0.032659683376550674, -0.02350110560655594, -0.0033942670561373234, 0.010095438919961452, 0.030747195705771446, -0.02047871984541416, -0.017387133091688156, -0.004637653473764658, -0.026317819952964783, -0.025960927829146385, -0.016020145267248154, 0.0006081582978367805, 0.0022218506783246994, -0.02242935076355934, 0.006997725926339626, -0.0036638141609728336, 0.004577272571623325]","['3388422a54afd5a5f1e4a980e651fcecaa40a81e8b4fd5bd22cc0e07345c48ae', '3388422a54afd5a5f1e4a980e651fcecaa40a81e8b4fd5bd22cc0e07345c48ae', '3388422a54afd5a5f1e4a980e651fcecaa40a81e8b4fd5bd22cc0e07345c48ae']","['93e2c569e57fa73bc984b7afc42b40ca5fdadcf8ed165d8448a3cedaac1c6c50', '2dbe1e585443e8e73c67fea465f61ccf5d75c8987cd8a96592aa9c75fb979300', '8e9090353f3075e1c7dcb7de296bb6b178dd91331bd13216fcd578d03a564be1', '3388422a54afd5a5f1e4a980e651fcecaa40a81e8b4fd5bd22cc0e07345c48ae', '80488713b0b1e7576c3d459665422c62ddc2764c4a68bda580ffcc41dd418c3c', '17dac6985464a24cfb956829581427cfd0f65a4051415fe9eefe4323bb743c07', 'f38f02b27daf17aed4cde3eb3599baa5dd1ac76bb059c9696e8fd1f556e3d57f', 'a6040ccd537a3e337c5866e1f52a971825ac67a86bd338731ceb21c11724be90', '609bee0618d8c7e267418adfd20cbdcd80fa31755c905c1b587f543fcdf22402', '642306f7ba20b105131861e630929f4167f5bf3537203c4650dfc18bbf4e171f', 'eb8da0f56c05c4d5267f2587fe268896e6502ddbb3a23f8307b8ca4f91031ede', 'cef3f21b878d7c8bcafed6314cec794c50c3f06bd9e0cd09d4df5a9cee18e6b8', 'a44e7f70cfea75329ae86710da2333da4955c2ec90e3a0661c241c6aa10f3622', '69ec7b96df458dbc674c4afdea4f76e818341e99a146498ca9cb5acb0f660fd2', '17d204df9e061304edde89e2c2e9ceb53cba784bf1e8ede1c206930001802488', 'c463f746ccc499f98e6ec2db030c8da2f02ed8883c5be4d30918c67fb5a6991b', '8fb03dbde31a14343e12e00269f71ca215a7196ce3195e2c593dde700404b331', 'ca5fc120d617f75891c9be49770c84c4123d6d83333529d824e29d5965b3774f', '7aa6ecfa6de6a69199bb303571dee0a5c0771d9f094a3ce912fe0c1adf39a87a', 'e5a41552ebfc6916116e5535179eb111b1558ee75ec57817d91b1d7f64b66899', '8ea36b9be70e96438ffa1bbd7666f51da07bae997fc0beb683150eeaf0835b69', '4c0f227d4dc47ac98d014db646f1742f4fd2cfc5c2eeaad18bf89bb1aa92644d', '2d632d624c08aaa5347a2635581b9c7a261421407b95ef31b6b5e1a83a3871be', 'aa20e5aad968e7e14df56a9aba1e69db7bbbbc880e8a061d8ae6ddfbf65ddba1', 'c2f2e91884ecd90e124bf77533eb021bdf676ed8d9d3eeffde47e9b8a9509255']",1547777025817
131,8e8c66cc4b520228e2dee896ad31dff22619b1a9ed2b03108d8bae06269e2e64,"[-0.21395498514175415, 0.08928224444389343, 0.08858560770750046, -0.07251927256584167, 0.08763855695724487, -0.02890908718109131, -0.08200718462467194, -0.07366183400154114, 0.022899718955159187, -0.10035798698663712, -0.19048571586608887, 0.028039492666721344, -0.10245455801486969, 0.1433175802230835, -0.15069164335727692, -0.04424355551600456, -0.0315939337015152, 0.05580693483352661, 0.0072400933131575584, -0.0029424112290143967, -0.03398757427930832, -0.04764826223254204, -0.025840938091278076, -0.03528599441051483, -0.019678041338920593, -0.03721272200345993, -0.014616929925978184, 0.02224433422088623, 0.02000967413187027, 0.023721206933259964, 0.010987851768732071, -0.01884930580854416, 0.033052124083042145, 0.032659683376550674, -0.02350110560655594, -0.0033942670561373234, 0.010095438919961452, 0.030747195705771446, -0.02047871984541416, -0.017387133091688156, -0.004637653473764658, -0.026317819952964783, -0.025960927829146385, -0.016020145267248154, 0.0006081582978367805, 0.0022218506783246994, -0.02242935076355934, 0.006997725926339626, -0.0036638141609728336, 0.004577272571623325]","['3388422a54afd5a5f1e4a980e651fcecaa40a81e8b4fd5bd22cc0e07345c48ae', '3388422a54afd5a5f1e4a980e651fcecaa40a81e8b4fd5bd22cc0e07345c48ae', '3388422a54afd5a5f1e4a980e651fcecaa40a81e8b4fd5bd22cc0e07345c48ae']","['93e2c569e57fa73bc984b7afc42b40ca5fdadcf8ed165d8448a3cedaac1c6c50', '2dbe1e585443e8e73c67fea465f61ccf5d75c8987cd8a96592aa9c75fb979300', '8e9090353f3075e1c7dcb7de296bb6b178dd91331bd13216fcd578d03a564be1', '3388422a54afd5a5f1e4a980e651fcecaa40a81e8b4fd5bd22cc0e07345c48ae', '80488713b0b1e7576c3d459665422c62ddc2764c4a68bda580ffcc41dd418c3c', '17dac6985464a24cfb956829581427cfd0f65a4051415fe9eefe4323bb743c07', 'f38f02b27daf17aed4cde3eb3599baa5dd1ac76bb059c9696e8fd1f556e3d57f', 'a6040ccd537a3e337c5866e1f52a971825ac67a86bd338731ceb21c11724be90', '609bee0618d8c7e267418adfd20cbdcd80fa31755c905c1b587f543fcdf22402', '642306f7ba20b105131861e630929f4167f5bf3537203c4650dfc18bbf4e171f', 'eb8da0f56c05c4d5267f2587fe268896e6502ddbb3a23f8307b8ca4f91031ede', 'cef3f21b878d7c8bcafed6314cec794c50c3f06bd9e0cd09d4df5a9cee18e6b8', 'a44e7f70cfea75329ae86710da2333da4955c2ec90e3a0661c241c6aa10f3622', '69ec7b96df458dbc674c4afdea4f76e818341e99a146498ca9cb5acb0f660fd2', '17d204df9e061304edde89e2c2e9ceb53cba784bf1e8ede1c206930001802488', 'c463f746ccc499f98e6ec2db030c8da2f02ed8883c5be4d30918c67fb5a6991b', '8fb03dbde31a14343e12e00269f71ca215a7196ce3195e2c593dde700404b331', 'ca5fc120d617f75891c9be49770c84c4123d6d83333529d824e29d5965b3774f', '7aa6ecfa6de6a69199bb303571dee0a5c0771d9f094a3ce912fe0c1adf39a87a', 'e5a41552ebfc6916116e5535179eb111b1558ee75ec57817d91b1d7f64b66899', '8ea36b9be70e96438ffa1bbd7666f51da07bae997fc0beb683150eeaf0835b69', '4c0f227d4dc47ac98d014db646f1742f4fd2cfc5c2eeaad18bf89bb1aa92644d', '2d632d624c08aaa5347a2635581b9c7a261421407b95ef31b6b5e1a83a3871be', 'aa20e5aad968e7e14df56a9aba1e69db7bbbbc880e8a061d8ae6ddfbf65ddba1', 'c2f2e91884ecd90e124bf77533eb021bdf676ed8d9d3eeffde47e9b8a9509255']",1547777025817
132,8e8c66cc4b520228e2dee896ad31dff22619b1a9ed2b03108d8bae06269e2e64,"[-0.21395498514175415, 0.08928224444389343, 0.08858560770750046, -0.07251927256584167, 0.08763855695724487, -0.02890908718109131, -0.08200718462467194, -0.07366183400154114, 0.022899718955159187, -0.10035798698663712, -0.19048571586608887, 0.028039492666721344, -0.10245455801486969, 0.1433175802230835, -0.15069164335727692, -0.04424355551600456, -0.0315939337015152, 0.05580693483352661, 0.0072400933131575584, -0.0029424112290143967, -0.03398757427930832, -0.04764826223254204, -0.025840938091278076, -0.03528599441051483, -0.019678041338920593, -0.03721272200345993, -0.014616929925978184, 0.02224433422088623, 0.02000967413187027, 0.023721206933259964, 0.010987851768732071, -0.01884930580854416, 0.033052124083042145, 0.032659683376550674, -0.02350110560655594, -0.0033942670561373234, 0.010095438919961452, 0.030747195705771446, -0.02047871984541416, -0.017387133091688156, -0.004637653473764658, -0.026317819952964783, -0.025960927829146385, -0.016020145267248154, 0.0006081582978367805, 0.0022218506783246994, -0.02242935076355934, 0.006997725926339626, -0.0036638141609728336, 0.004577272571623325]","['3388422a54afd5a5f1e4a980e651fcecaa40a81e8b4fd5bd22cc0e07345c48ae', '3388422a54afd5a5f1e4a980e651fcecaa40a81e8b4fd5bd22cc0e07345c48ae', '3388422a54afd5a5f1e4a980e651fcecaa40a81e8b4fd5bd22cc0e07345c48ae']","['93e2c569e57fa73bc984b7afc42b40ca5fdadcf8ed165d8448a3cedaac1c6c50', '2dbe1e585443e8e73c67fea465f61ccf5d75c8987cd8a96592aa9c75fb979300', '8e9090353f3075e1c7dcb7de296bb6b178dd91331bd13216fcd578d03a564be1', '3388422a54afd5a5f1e4a980e651fcecaa40a81e8b4fd5bd22cc0e07345c48ae', '80488713b0b1e7576c3d459665422c62ddc2764c4a68bda580ffcc41dd418c3c', '17dac6985464a24cfb956829581427cfd0f65a4051415fe9eefe4323bb743c07', 'f38f02b27daf17aed4cde3eb3599baa5dd1ac76bb059c9696e8fd1f556e3d57f', 'a6040ccd537a3e337c5866e1f52a971825ac67a86bd338731ceb21c11724be90', '609bee0618d8c7e267418adfd20cbdcd80fa31755c905c1b587f543fcdf22402', '642306f7ba20b105131861e630929f4167f5bf3537203c4650dfc18bbf4e171f', 'eb8da0f56c05c4d5267f2587fe268896e6502ddbb3a23f8307b8ca4f91031ede', 'cef3f21b878d7c8bcafed6314cec794c50c3f06bd9e0cd09d4df5a9cee18e6b8', 'a44e7f70cfea75329ae86710da2333da4955c2ec90e3a0661c241c6aa10f3622', '69ec7b96df458dbc674c4afdea4f76e818341e99a146498ca9cb5acb0f660fd2', '17d204df9e061304edde89e2c2e9ceb53cba784bf1e8ede1c206930001802488', 'c463f746ccc499f98e6ec2db030c8da2f02ed8883c5be4d30918c67fb5a6991b', '8fb03dbde31a14343e12e00269f71ca215a7196ce3195e2c593dde700404b331', 'ca5fc120d617f75891c9be49770c84c4123d6d83333529d824e29d5965b3774f', '7aa6ecfa6de6a69199bb303571dee0a5c0771d9f094a3ce912fe0c1adf39a87a', 'e5a41552ebfc6916116e5535179eb111b1558ee75ec57817d91b1d7f64b66899', '8ea36b9be70e96438ffa1bbd7666f51da07bae997fc0beb683150eeaf0835b69', '4c0f227d4dc47ac98d014db646f1742f4fd2cfc5c2eeaad18bf89bb1aa92644d', '2d632d624c08aaa5347a2635581b9c7a261421407b95ef31b6b5e1a83a3871be', 'aa20e5aad968e7e14df56a9aba1e69db7bbbbc880e8a061d8ae6ddfbf65ddba1', 'c2f2e91884ecd90e124bf77533eb021bdf676ed8d9d3eeffde47e9b8a9509255']",1547777025817
133,8e8c66cc4b520228e2dee896ad31dff22619b1a9ed2b03108d8bae06269e2e64,"[-0.21395498514175415, 0.08928224444389343, 0.08858560770750046, -0.07251927256584167, 0.08763855695724487, -0.02890908718109131, -0.08200718462467194, -0.07366183400154114, 0.022899718955159187, -0.10035798698663712, -0.19048571586608887, 0.028039492666721344, -0.10245455801486969, 0.1433175802230835, -0.15069164335727692, -0.04424355551600456, -0.0315939337015152, 0.05580693483352661, 0.0072400933131575584, -0.0029424112290143967, -0.03398757427930832, -0.04764826223254204, -0.025840938091278076, -0.03528599441051483, -0.019678041338920593, -0.03721272200345993, -0.014616929925978184, 0.02224433422088623, 0.02000967413187027, 0.023721206933259964, 0.010987851768732071, -0.01884930580854416, 0.033052124083042145, 0.032659683376550674, -0.02350110560655594, -0.0033942670561373234, 0.010095438919961452, 0.030747195705771446, -0.02047871984541416, -0.017387133091688156, -0.004637653473764658, -0.026317819952964783, -0.025960927829146385, -0.016020145267248154, 0.0006081582978367805, 0.0022218506783246994, -0.02242935076355934, 0.006997725926339626, -0.0036638141609728336, 0.004577272571623325]","['3388422a54afd5a5f1e4a980e651fcecaa40a81e8b4fd5bd22cc0e07345c48ae', '3388422a54afd5a5f1e4a980e651fcecaa40a81e8b4fd5bd22cc0e07345c48ae', '3388422a54afd5a5f1e4a980e651fcecaa40a81e8b4fd5bd22cc0e07345c48ae']","['93e2c569e57fa73bc984b7afc42b40ca5fdadcf8ed165d8448a3cedaac1c6c50', '2dbe1e585443e8e73c67fea465f61ccf5d75c8987cd8a96592aa9c75fb979300', '8e9090353f3075e1c7dcb7de296bb6b178dd91331bd13216fcd578d03a564be1', '3388422a54afd5a5f1e4a980e651fcecaa40a81e8b4fd5bd22cc0e07345c48ae', '80488713b0b1e7576c3d459665422c62ddc2764c4a68bda580ffcc41dd418c3c', '17dac6985464a24cfb956829581427cfd0f65a4051415fe9eefe4323bb743c07', 'f38f02b27daf17aed4cde3eb3599baa5dd1ac76bb059c9696e8fd1f556e3d57f', 'a6040ccd537a3e337c5866e1f52a971825ac67a86bd338731ceb21c11724be90', '609bee0618d8c7e267418adfd20cbdcd80fa31755c905c1b587f543fcdf22402', '642306f7ba20b105131861e630929f4167f5bf3537203c4650dfc18bbf4e171f', 'eb8da0f56c05c4d5267f2587fe268896e6502ddbb3a23f8307b8ca4f91031ede', 'cef3f21b878d7c8bcafed6314cec794c50c3f06bd9e0cd09d4df5a9cee18e6b8', 'a44e7f70cfea75329ae86710da2333da4955c2ec90e3a0661c241c6aa10f3622', '69ec7b96df458dbc674c4afdea4f76e818341e99a146498ca9cb5acb0f660fd2', '17d204df9e061304edde89e2c2e9ceb53cba784bf1e8ede1c206930001802488', 'c463f746ccc499f98e6ec2db030c8da2f02ed8883c5be4d30918c67fb5a6991b', '8fb03dbde31a14343e12e00269f71ca215a7196ce3195e2c593dde700404b331', 'ca5fc120d617f75891c9be49770c84c4123d6d83333529d824e29d5965b3774f', '7aa6ecfa6de6a69199bb303571dee0a5c0771d9f094a3ce912fe0c1adf39a87a', 'e5a41552ebfc6916116e5535179eb111b1558ee75ec57817d91b1d7f64b66899', '8ea36b9be70e96438ffa1bbd7666f51da07bae997fc0beb683150eeaf0835b69', '4c0f227d4dc47ac98d014db646f1742f4fd2cfc5c2eeaad18bf89bb1aa92644d', '2d632d624c08aaa5347a2635581b9c7a261421407b95ef31b6b5e1a83a3871be', 'aa20e5aad968e7e14df56a9aba1e69db7bbbbc880e8a061d8ae6ddfbf65ddba1', 'c2f2e91884ecd90e124bf77533eb021bdf676ed8d9d3eeffde47e9b8a9509255']",1547777025817
134,8e8c66cc4b520228e2dee896ad31dff22619b1a9ed2b03108d8bae06269e2e64,"[-0.21395498514175415, 0.08928224444389343, 0.08858560770750046, -0.07251927256584167, 0.08763855695724487, -0.02890908718109131, -0.08200718462467194, -0.07366183400154114, 0.022899718955159187, -0.10035798698663712, -0.19048571586608887, 0.028039492666721344, -0.10245455801486969, 0.1433175802230835, -0.15069164335727692, -0.04424355551600456, -0.0315939337015152, 0.05580693483352661, 0.0072400933131575584, -0.0029424112290143967, -0.03398757427930832, -0.04764826223254204, -0.025840938091278076, -0.03528599441051483, -0.019678041338920593, -0.03721272200345993, -0.014616929925978184, 0.02224433422088623, 0.02000967413187027, 0.023721206933259964, 0.010987851768732071, -0.01884930580854416, 0.033052124083042145, 0.032659683376550674, -0.02350110560655594, -0.0033942670561373234, 0.010095438919961452, 0.030747195705771446, -0.02047871984541416, -0.017387133091688156, -0.004637653473764658, -0.026317819952964783, -0.025960927829146385, -0.016020145267248154, 0.0006081582978367805, 0.0022218506783246994, -0.02242935076355934, 0.006997725926339626, -0.0036638141609728336, 0.004577272571623325]","['3388422a54afd5a5f1e4a980e651fcecaa40a81e8b4fd5bd22cc0e07345c48ae', '3388422a54afd5a5f1e4a980e651fcecaa40a81e8b4fd5bd22cc0e07345c48ae', '3388422a54afd5a5f1e4a980e651fcecaa40a81e8b4fd5bd22cc0e07345c48ae']","['93e2c569e57fa73bc984b7afc42b40ca5fdadcf8ed165d8448a3cedaac1c6c50', '2dbe1e585443e8e73c67fea465f61ccf5d75c8987cd8a96592aa9c75fb979300', '8e9090353f3075e1c7dcb7de296bb6b178dd91331bd13216fcd578d03a564be1', '3388422a54afd5a5f1e4a980e651fcecaa40a81e8b4fd5bd22cc0e07345c48ae', '80488713b0b1e7576c3d459665422c62ddc2764c4a68bda580ffcc41dd418c3c', '17dac6985464a24cfb956829581427cfd0f65a4051415fe9eefe4323bb743c07', 'f38f02b27daf17aed4cde3eb3599baa5dd1ac76bb059c9696e8fd1f556e3d57f', 'a6040ccd537a3e337c5866e1f52a971825ac67a86bd338731ceb21c11724be90', '609bee0618d8c7e267418adfd20cbdcd80fa31755c905c1b587f543fcdf22402', '642306f7ba20b105131861e630929f4167f5bf3537203c4650dfc18bbf4e171f', 'eb8da0f56c05c4d5267f2587fe268896e6502ddbb3a23f8307b8ca4f91031ede', 'cef3f21b878d7c8bcafed6314cec794c50c3f06bd9e0cd09d4df5a9cee18e6b8', 'a44e7f70cfea75329ae86710da2333da4955c2ec90e3a0661c241c6aa10f3622', '69ec7b96df458dbc674c4afdea4f76e818341e99a146498ca9cb5acb0f660fd2', '17d204df9e061304edde89e2c2e9ceb53cba784bf1e8ede1c206930001802488', 'c463f746ccc499f98e6ec2db030c8da2f02ed8883c5be4d30918c67fb5a6991b', '8fb03dbde31a14343e12e00269f71ca215a7196ce3195e2c593dde700404b331', 'ca5fc120d617f75891c9be49770c84c4123d6d83333529d824e29d5965b3774f', '7aa6ecfa6de6a69199bb303571dee0a5c0771d9f094a3ce912fe0c1adf39a87a', 'e5a41552ebfc6916116e5535179eb111b1558ee75ec57817d91b1d7f64b66899', '8ea36b9be70e96438ffa1bbd7666f51da07bae997fc0beb683150eeaf0835b69', '4c0f227d4dc47ac98d014db646f1742f4fd2cfc5c2eeaad18bf89bb1aa92644d', '2d632d624c08aaa5347a2635581b9c7a261421407b95ef31b6b5e1a83a3871be', 'aa20e5aad968e7e14df56a9aba1e69db7bbbbc880e8a061d8ae6ddfbf65ddba1', 'c2f2e91884ecd90e124bf77533eb021bdf676ed8d9d3eeffde47e9b8a9509255']",1547777025817
135,8e8c66cc4b520228e2dee896ad31dff22619b1a9ed2b03108d8bae06269e2e64,"[-0.21395498514175415, 0.08928224444389343, 0.08858560770750046, -0.07251927256584167, 0.08763855695724487, -0.02890908718109131, -0.08200718462467194, -0.07366183400154114, 0.022899718955159187, -0.10035798698663712, -0.19048571586608887, 0.028039492666721344, -0.10245455801486969, 0.1433175802230835, -0.15069164335727692, -0.04424355551600456, -0.0315939337015152, 0.05580693483352661, 0.0072400933131575584, -0.0029424112290143967, -0.03398757427930832, -0.04764826223254204, -0.025840938091278076, -0.03528599441051483, -0.019678041338920593, -0.03721272200345993, -0.014616929925978184, 0.02224433422088623, 0.02000967413187027, 0.023721206933259964, 0.010987851768732071, -0.01884930580854416, 0.033052124083042145, 0.032659683376550674, -0.02350110560655594, -0.0033942670561373234, 0.010095438919961452, 0.030747195705771446, -0.02047871984541416, -0.017387133091688156, -0.004637653473764658, -0.026317819952964783, -0.025960927829146385, -0.016020145267248154, 0.0006081582978367805, 0.0022218506783246994, -0.02242935076355934, 0.006997725926339626, -0.0036638141609728336, 0.004577272571623325]","['3388422a54afd5a5f1e4a980e651fcecaa40a81e8b4fd5bd22cc0e07345c48ae', '3388422a54afd5a5f1e4a980e651fcecaa40a81e8b4fd5bd22cc0e07345c48ae', '3388422a54afd5a5f1e4a980e651fcecaa40a81e8b4fd5bd22cc0e07345c48ae']","['93e2c569e57fa73bc984b7afc42b40ca5fdadcf8ed165d8448a3cedaac1c6c50', '2dbe1e585443e8e73c67fea465f61ccf5d75c8987cd8a96592aa9c75fb979300', '8e9090353f3075e1c7dcb7de296bb6b178dd91331bd13216fcd578d03a564be1', '3388422a54afd5a5f1e4a980e651fcecaa40a81e8b4fd5bd22cc0e07345c48ae', '80488713b0b1e7576c3d459665422c62ddc2764c4a68bda580ffcc41dd418c3c', '17dac6985464a24cfb956829581427cfd0f65a4051415fe9eefe4323bb743c07', 'f38f02b27daf17aed4cde3eb3599baa5dd1ac76bb059c9696e8fd1f556e3d57f', 'a6040ccd537a3e337c5866e1f52a971825ac67a86bd338731ceb21c11724be90', '609bee0618d8c7e267418adfd20cbdcd80fa31755c905c1b587f543fcdf22402', '642306f7ba20b105131861e630929f4167f5bf3537203c4650dfc18bbf4e171f', 'eb8da0f56c05c4d5267f2587fe268896e6502ddbb3a23f8307b8ca4f91031ede', 'cef3f21b878d7c8bcafed6314cec794c50c3f06bd9e0cd09d4df5a9cee18e6b8', 'a44e7f70cfea75329ae86710da2333da4955c2ec90e3a0661c241c6aa10f3622', '69ec7b96df458dbc674c4afdea4f76e818341e99a146498ca9cb5acb0f660fd2', '17d204df9e061304edde89e2c2e9ceb53cba784bf1e8ede1c206930001802488', 'c463f746ccc499f98e6ec2db030c8da2f02ed8883c5be4d30918c67fb5a6991b', '8fb03dbde31a14343e12e00269f71ca215a7196ce3195e2c593dde700404b331', 'ca5fc120d617f75891c9be49770c84c4123d6d83333529d824e29d5965b3774f', '7aa6ecfa6de6a69199bb303571dee0a5c0771d9f094a3ce912fe0c1adf39a87a', 'e5a41552ebfc6916116e5535179eb111b1558ee75ec57817d91b1d7f64b66899', '8ea36b9be70e96438ffa1bbd7666f51da07bae997fc0beb683150eeaf0835b69', '4c0f227d4dc47ac98d014db646f1742f4fd2cfc5c2eeaad18bf89bb1aa92644d', '2d632d624c08aaa5347a2635581b9c7a261421407b95ef31b6b5e1a83a3871be', 'aa20e5aad968e7e14df56a9aba1e69db7bbbbc880e8a061d8ae6ddfbf65ddba1', 'c2f2e91884ecd90e124bf77533eb021bdf676ed8d9d3eeffde47e9b8a9509255']",1547777025817
136,8e8c66cc4b520228e2dee896ad31dff22619b1a9ed2b03108d8bae06269e2e64,"[-0.21395498514175415, 0.08928224444389343, 0.08858560770750046, -0.07251927256584167, 0.08763855695724487, -0.02890908718109131, -0.08200718462467194, -0.07366183400154114, 0.022899718955159187, -0.10035798698663712, -0.19048571586608887, 0.028039492666721344, -0.10245455801486969, 0.1433175802230835, -0.15069164335727692, -0.04424355551600456, -0.0315939337015152, 0.05580693483352661, 0.0072400933131575584, -0.0029424112290143967, -0.03398757427930832, -0.04764826223254204, -0.025840938091278076, -0.03528599441051483, -0.019678041338920593, -0.03721272200345993, -0.014616929925978184, 0.02224433422088623, 0.02000967413187027, 0.023721206933259964, 0.010987851768732071, -0.01884930580854416, 0.033052124083042145, 0.032659683376550674, -0.02350110560655594, -0.0033942670561373234, 0.010095438919961452, 0.030747195705771446, -0.02047871984541416, -0.017387133091688156, -0.004637653473764658, -0.026317819952964783, -0.025960927829146385, -0.016020145267248154, 0.0006081582978367805, 0.0022218506783246994, -0.02242935076355934, 0.006997725926339626, -0.0036638141609728336, 0.004577272571623325]","['3388422a54afd5a5f1e4a980e651fcecaa40a81e8b4fd5bd22cc0e07345c48ae', '3388422a54afd5a5f1e4a980e651fcecaa40a81e8b4fd5bd22cc0e07345c48ae', '3388422a54afd5a5f1e4a980e651fcecaa40a81e8b4fd5bd22cc0e07345c48ae']","['93e2c569e57fa73bc984b7afc42b40ca5fdadcf8ed165d8448a3cedaac1c6c50', '2dbe1e585443e8e73c67fea465f61ccf5d75c8987cd8a96592aa9c75fb979300', '8e9090353f3075e1c7dcb7de296bb6b178dd91331bd13216fcd578d03a564be1', '3388422a54afd5a5f1e4a980e651fcecaa40a81e8b4fd5bd22cc0e07345c48ae', '80488713b0b1e7576c3d459665422c62ddc2764c4a68bda580ffcc41dd418c3c', '17dac6985464a24cfb956829581427cfd0f65a4051415fe9eefe4323bb743c07', 'f38f02b27daf17aed4cde3eb3599baa5dd1ac76bb059c9696e8fd1f556e3d57f', 'a6040ccd537a3e337c5866e1f52a971825ac67a86bd338731ceb21c11724be90', '609bee0618d8c7e267418adfd20cbdcd80fa31755c905c1b587f543fcdf22402', '642306f7ba20b105131861e630929f4167f5bf3537203c4650dfc18bbf4e171f', 'eb8da0f56c05c4d5267f2587fe268896e6502ddbb3a23f8307b8ca4f91031ede', 'cef3f21b878d7c8bcafed6314cec794c50c3f06bd9e0cd09d4df5a9cee18e6b8', 'a44e7f70cfea75329ae86710da2333da4955c2ec90e3a0661c241c6aa10f3622', '69ec7b96df458dbc674c4afdea4f76e818341e99a146498ca9cb5acb0f660fd2', '17d204df9e061304edde89e2c2e9ceb53cba784bf1e8ede1c206930001802488', 'c463f746ccc499f98e6ec2db030c8da2f02ed8883c5be4d30918c67fb5a6991b', '8fb03dbde31a14343e12e00269f71ca215a7196ce3195e2c593dde700404b331', 'ca5fc120d617f75891c9be49770c84c4123d6d83333529d824e29d5965b3774f', '7aa6ecfa6de6a69199bb303571dee0a5c0771d9f094a3ce912fe0c1adf39a87a', 'e5a41552ebfc6916116e5535179eb111b1558ee75ec57817d91b1d7f64b66899', '8ea36b9be70e96438ffa1bbd7666f51da07bae997fc0beb683150eeaf0835b69', '4c0f227d4dc47ac98d014db646f1742f4fd2cfc5c2eeaad18bf89bb1aa92644d', '2d632d624c08aaa5347a2635581b9c7a261421407b95ef31b6b5e1a83a3871be', 'aa20e5aad968e7e14df56a9aba1e69db7bbbbc880e8a061d8ae6ddfbf65ddba1', 'c2f2e91884ecd90e124bf77533eb021bdf676ed8d9d3eeffde47e9b8a9509255']",1547777025817
137,8e8c66cc4b520228e2dee896ad31dff22619b1a9ed2b03108d8bae06269e2e64,"[-0.2536447048187256, 0.12302622199058533, 0.06684549152851105, -0.1641729772090912, 0.004936506971716881, -0.13059213757514954, 0.06550689786672592, -0.14317035675048828, 0.15425094962120056, 0.025226101279258728, -0.006896695587784052, 0.06627769023180008, 0.09346278011798859, -0.09314607083797455, 0.07733698934316635, -0.037898097187280655, -0.04049833491444588, 0.012372534722089767, 0.024521270766854286, 0.03312711417675018, -0.13855120539665222, -0.029188647866249084, -0.03140298277139664, 0.01186840794980526, -0.04727964103221893, -0.011129144579172134, -0.021538542583584785, 0.006842418573796749, 0.06220562756061554, 0.01756986416876316, 0.0018107469659298658, -0.043917905539274216, 0.024971432983875275, -0.004368049092590809, -0.04165496677160263, -0.0065337540581822395, 0.03654742240905762, 0.017017241567373276, 0.005372361280024052, -0.010116924531757832, 0.004969474859535694, -0.0019399533048272133, 0.04362878203392029, 0.010828152298927307, -0.024661492556333542, -0.007844602689146996, 0.016516752541065216, -0.029266085475683212, -0.014655163511633873, -0.0014170208014547825]",,"['85c5305514f7f152093d8d2ff1c59a971dc33ddf82bb1c85c839c7547914304c', '20e53d978d98eb38055c1866bf6ac4fa6645c681ce6389c2e095a86a1facaf68', '067dad797eed5f1db8a031331d439fa0c29385c7558a9a135c78640e27030daa', '42f37928612ae83b319e8208c24a0bcfdc7ce92b436de762276aec32c28a407b', '3d305515e14116d0d5d10646dae92d358435e9b90a1be5492d3ad95931e71c1d', 'aaa29bd05f1ed9eaa85ba57ad98042e4182a368a03378a515e0a9c95c257742f', '917ca392a46897d4401c4e3c3099639a91d74ed3e894e450ebd84c25cc47115b', 'bcbb1ee90e2f8a22a47d75171cadd969f257c52cfb21f46493d9cd34920625e5', '58e2af00c07e447703aba58d709c790292005ec4c43f3b362aa42ca0f88f6813', '285066a4a1ccb62bb9d7f9f52c602609c7f60c8d00a538ce5281c312b2235112', '99a3e4ae7a8685559771f0b6e7405ea6e9e487bcc144076e875620fdc69cfc17', 'aa7f0d406ccc4c688b187ee529361d91e5f633e67ce7407d9094b64eea0ab45e', '37961dbdd9ed08592def8c931bdcf377e662c326cd257031fd862ffb0c8120ac', '4082dbe36cf5379310b8f8f3659a8013a09232ce83c5bff471955f81f82c1348', 'd98d1fbe3692c9a07a5efc4887102a9a0bad2efd1859fd420cdee3f227ca5f5e', 'd42101da1bd000959934151ce197c8d0cdb6c02ba1c9954aaec30ec61cee11a5', 'd13bfd5fe85270b1ccbef4e36ff1c93eeb461fec8569bd219c2546fe6676fe2b', 'e999dfcc8590c8ad8db552f75af7eb6eb2185b6edd0aa692ce7c48f86512919b', 'cc0d576d4d89d086e17fd7d86945cfcaa3c5b4a670014eedf12dc6362eca4c6b', 'eb710fc3670b2a5600d22c42b630d47bfa50fe3b40590ca9d6deb8dc524d15c2', '5d3264cd936700c61717f6d5e117c88fa82760d6655c7686a63c57a9c4995c9a', 'd5dad0f19a4769172d697f661c83d681f160c3b673c96d1021ea3c2cb33b128e', 'c9a4f6d131cc022a8c1bb0992a7827d3ff8894e01e93092008ce9e87e92b4d4b', 'ccad423e3253b22083909f6764d0998fecac61ad2e6ae9c6728e5c5f32eb2a26', '57aebdf833a547e39d1ae3a710e98b9b75dde36688035ec9c22a0d3fdfc18230']",1547777122001
138,8e8c66cc4b520228e2dee896ad31dff22619b1a9ed2b03108d8bae06269e2e64,"[-0.2536447048187256, 0.12302622199058533, 0.06684549152851105, -0.1641729772090912, 0.004936506971716881, -0.13059213757514954, 0.06550689786672592, -0.14317035675048828, 0.15425094962120056, 0.025226101279258728, -0.006896695587784052, 0.06627769023180008, 0.09346278011798859, -0.09314607083797455, 0.07733698934316635, -0.037898097187280655, -0.04049833491444588, 0.012372534722089767, 0.024521270766854286, 0.03312711417675018, -0.13855120539665222, -0.029188647866249084, -0.03140298277139664, 0.01186840794980526, -0.04727964103221893, -0.011129144579172134, -0.021538542583584785, 0.006842418573796749, 0.06220562756061554, 0.01756986416876316, 0.0018107469659298658, -0.043917905539274216, 0.024971432983875275, -0.004368049092590809, -0.04165496677160263, -0.0065337540581822395, 0.03654742240905762, 0.017017241567373276, 0.005372361280024052, -0.010116924531757832, 0.004969474859535694, -0.0019399533048272133, 0.04362878203392029, 0.010828152298927307, -0.024661492556333542, -0.007844602689146996, 0.016516752541065216, -0.029266085475683212, -0.014655163511633873, -0.0014170208014547825]",,"['85c5305514f7f152093d8d2ff1c59a971dc33ddf82bb1c85c839c7547914304c', '20e53d978d98eb38055c1866bf6ac4fa6645c681ce6389c2e095a86a1facaf68', '067dad797eed5f1db8a031331d439fa0c29385c7558a9a135c78640e27030daa', '42f37928612ae83b319e8208c24a0bcfdc7ce92b436de762276aec32c28a407b', '3d305515e14116d0d5d10646dae92d358435e9b90a1be5492d3ad95931e71c1d', 'aaa29bd05f1ed9eaa85ba57ad98042e4182a368a03378a515e0a9c95c257742f', '917ca392a46897d4401c4e3c3099639a91d74ed3e894e450ebd84c25cc47115b', 'bcbb1ee90e2f8a22a47d75171cadd969f257c52cfb21f46493d9cd34920625e5', '58e2af00c07e447703aba58d709c790292005ec4c43f3b362aa42ca0f88f6813', '285066a4a1ccb62bb9d7f9f52c602609c7f60c8d00a538ce5281c312b2235112', '99a3e4ae7a8685559771f0b6e7405ea6e9e487bcc144076e875620fdc69cfc17', 'aa7f0d406ccc4c688b187ee529361d91e5f633e67ce7407d9094b64eea0ab45e', '37961dbdd9ed08592def8c931bdcf377e662c326cd257031fd862ffb0c8120ac', '4082dbe36cf5379310b8f8f3659a8013a09232ce83c5bff471955f81f82c1348', 'd98d1fbe3692c9a07a5efc4887102a9a0bad2efd1859fd420cdee3f227ca5f5e', 'd42101da1bd000959934151ce197c8d0cdb6c02ba1c9954aaec30ec61cee11a5', 'd13bfd5fe85270b1ccbef4e36ff1c93eeb461fec8569bd219c2546fe6676fe2b', 'e999dfcc8590c8ad8db552f75af7eb6eb2185b6edd0aa692ce7c48f86512919b', 'cc0d576d4d89d086e17fd7d86945cfcaa3c5b4a670014eedf12dc6362eca4c6b', 'eb710fc3670b2a5600d22c42b630d47bfa50fe3b40590ca9d6deb8dc524d15c2', '5d3264cd936700c61717f6d5e117c88fa82760d6655c7686a63c57a9c4995c9a', 'd5dad0f19a4769172d697f661c83d681f160c3b673c96d1021ea3c2cb33b128e', 'c9a4f6d131cc022a8c1bb0992a7827d3ff8894e01e93092008ce9e87e92b4d4b', 'ccad423e3253b22083909f6764d0998fecac61ad2e6ae9c6728e5c5f32eb2a26', '57aebdf833a547e39d1ae3a710e98b9b75dde36688035ec9c22a0d3fdfc18230']",1547777122001
139,8e8c66cc4b520228e2dee896ad31dff22619b1a9ed2b03108d8bae06269e2e64,"[-0.2536447048187256, 0.12302622199058533, 0.06684549152851105, -0.1641729772090912, 0.004936506971716881, -0.13059213757514954, 0.06550689786672592, -0.14317035675048828, 0.15425094962120056, 0.025226101279258728, -0.006896695587784052, 0.06627769023180008, 0.09346278011798859, -0.09314607083797455, 0.07733698934316635, -0.037898097187280655, -0.04049833491444588, 0.012372534722089767, 0.024521270766854286, 0.03312711417675018, -0.13855120539665222, -0.029188647866249084, -0.03140298277139664, 0.01186840794980526, -0.04727964103221893, -0.011129144579172134, -0.021538542583584785, 0.006842418573796749, 0.06220562756061554, 0.01756986416876316, 0.0018107469659298658, -0.043917905539274216, 0.024971432983875275, -0.004368049092590809, -0.04165496677160263, -0.0065337540581822395, 0.03654742240905762, 0.017017241567373276, 0.005372361280024052, -0.010116924531757832, 0.004969474859535694, -0.0019399533048272133, 0.04362878203392029, 0.010828152298927307, -0.024661492556333542, -0.007844602689146996, 0.016516752541065216, -0.029266085475683212, -0.014655163511633873, -0.0014170208014547825]",,"['85c5305514f7f152093d8d2ff1c59a971dc33ddf82bb1c85c839c7547914304c', '20e53d978d98eb38055c1866bf6ac4fa6645c681ce6389c2e095a86a1facaf68', '067dad797eed5f1db8a031331d439fa0c29385c7558a9a135c78640e27030daa', '42f37928612ae83b319e8208c24a0bcfdc7ce92b436de762276aec32c28a407b', '3d305515e14116d0d5d10646dae92d358435e9b90a1be5492d3ad95931e71c1d', 'aaa29bd05f1ed9eaa85ba57ad98042e4182a368a03378a515e0a9c95c257742f', '917ca392a46897d4401c4e3c3099639a91d74ed3e894e450ebd84c25cc47115b', 'bcbb1ee90e2f8a22a47d75171cadd969f257c52cfb21f46493d9cd34920625e5', '58e2af00c07e447703aba58d709c790292005ec4c43f3b362aa42ca0f88f6813', '285066a4a1ccb62bb9d7f9f52c602609c7f60c8d00a538ce5281c312b2235112', '99a3e4ae7a8685559771f0b6e7405ea6e9e487bcc144076e875620fdc69cfc17', 'aa7f0d406ccc4c688b187ee529361d91e5f633e67ce7407d9094b64eea0ab45e', '37961dbdd9ed08592def8c931bdcf377e662c326cd257031fd862ffb0c8120ac', '4082dbe36cf5379310b8f8f3659a8013a09232ce83c5bff471955f81f82c1348', 'd98d1fbe3692c9a07a5efc4887102a9a0bad2efd1859fd420cdee3f227ca5f5e', 'd42101da1bd000959934151ce197c8d0cdb6c02ba1c9954aaec30ec61cee11a5', 'd13bfd5fe85270b1ccbef4e36ff1c93eeb461fec8569bd219c2546fe6676fe2b', 'e999dfcc8590c8ad8db552f75af7eb6eb2185b6edd0aa692ce7c48f86512919b', 'cc0d576d4d89d086e17fd7d86945cfcaa3c5b4a670014eedf12dc6362eca4c6b', 'eb710fc3670b2a5600d22c42b630d47bfa50fe3b40590ca9d6deb8dc524d15c2', '5d3264cd936700c61717f6d5e117c88fa82760d6655c7686a63c57a9c4995c9a', 'd5dad0f19a4769172d697f661c83d681f160c3b673c96d1021ea3c2cb33b128e', 'c9a4f6d131cc022a8c1bb0992a7827d3ff8894e01e93092008ce9e87e92b4d4b', 'ccad423e3253b22083909f6764d0998fecac61ad2e6ae9c6728e5c5f32eb2a26', '57aebdf833a547e39d1ae3a710e98b9b75dde36688035ec9c22a0d3fdfc18230']",1547777122001
140,8e8c66cc4b520228e2dee896ad31dff22619b1a9ed2b03108d8bae06269e2e64,"[-0.2536447048187256, 0.12302622199058533, 0.06684549152851105, -0.1641729772090912, 0.004936506971716881, -0.13059213757514954, 0.06550689786672592, -0.14317035675048828, 0.15425094962120056, 0.025226101279258728, -0.006896695587784052, 0.06627769023180008, 0.09346278011798859, -0.09314607083797455, 0.07733698934316635, -0.037898097187280655, -0.04049833491444588, 0.012372534722089767, 0.024521270766854286, 0.03312711417675018, -0.13855120539665222, -0.029188647866249084, -0.03140298277139664, 0.01186840794980526, -0.04727964103221893, -0.011129144579172134, -0.021538542583584785, 0.006842418573796749, 0.06220562756061554, 0.01756986416876316, 0.0018107469659298658, -0.043917905539274216, 0.024971432983875275, -0.004368049092590809, -0.04165496677160263, -0.0065337540581822395, 0.03654742240905762, 0.017017241567373276, 0.005372361280024052, -0.010116924531757832, 0.004969474859535694, -0.0019399533048272133, 0.04362878203392029, 0.010828152298927307, -0.024661492556333542, -0.007844602689146996, 0.016516752541065216, -0.029266085475683212, -0.014655163511633873, -0.0014170208014547825]",,"['85c5305514f7f152093d8d2ff1c59a971dc33ddf82bb1c85c839c7547914304c', '20e53d978d98eb38055c1866bf6ac4fa6645c681ce6389c2e095a86a1facaf68', '067dad797eed5f1db8a031331d439fa0c29385c7558a9a135c78640e27030daa', '42f37928612ae83b319e8208c24a0bcfdc7ce92b436de762276aec32c28a407b', '3d305515e14116d0d5d10646dae92d358435e9b90a1be5492d3ad95931e71c1d', 'aaa29bd05f1ed9eaa85ba57ad98042e4182a368a03378a515e0a9c95c257742f', '917ca392a46897d4401c4e3c3099639a91d74ed3e894e450ebd84c25cc47115b', 'bcbb1ee90e2f8a22a47d75171cadd969f257c52cfb21f46493d9cd34920625e5', '58e2af00c07e447703aba58d709c790292005ec4c43f3b362aa42ca0f88f6813', '285066a4a1ccb62bb9d7f9f52c602609c7f60c8d00a538ce5281c312b2235112', '99a3e4ae7a8685559771f0b6e7405ea6e9e487bcc144076e875620fdc69cfc17', 'aa7f0d406ccc4c688b187ee529361d91e5f633e67ce7407d9094b64eea0ab45e', '37961dbdd9ed08592def8c931bdcf377e662c326cd257031fd862ffb0c8120ac', '4082dbe36cf5379310b8f8f3659a8013a09232ce83c5bff471955f81f82c1348', 'd98d1fbe3692c9a07a5efc4887102a9a0bad2efd1859fd420cdee3f227ca5f5e', 'd42101da1bd000959934151ce197c8d0cdb6c02ba1c9954aaec30ec61cee11a5', 'd13bfd5fe85270b1ccbef4e36ff1c93eeb461fec8569bd219c2546fe6676fe2b', 'e999dfcc8590c8ad8db552f75af7eb6eb2185b6edd0aa692ce7c48f86512919b', 'cc0d576d4d89d086e17fd7d86945cfcaa3c5b4a670014eedf12dc6362eca4c6b', 'eb710fc3670b2a5600d22c42b630d47bfa50fe3b40590ca9d6deb8dc524d15c2', '5d3264cd936700c61717f6d5e117c88fa82760d6655c7686a63c57a9c4995c9a', 'd5dad0f19a4769172d697f661c83d681f160c3b673c96d1021ea3c2cb33b128e', 'c9a4f6d131cc022a8c1bb0992a7827d3ff8894e01e93092008ce9e87e92b4d4b', 'ccad423e3253b22083909f6764d0998fecac61ad2e6ae9c6728e5c5f32eb2a26', '57aebdf833a547e39d1ae3a710e98b9b75dde36688035ec9c22a0d3fdfc18230']",1547777122001
141,8e8c66cc4b520228e2dee896ad31dff22619b1a9ed2b03108d8bae06269e2e64,"[-0.2536447048187256, 0.12302622199058533, 0.06684549152851105, -0.1641729772090912, 0.004936506971716881, -0.13059213757514954, 0.06550689786672592, -0.14317035675048828, 0.15425094962120056, 0.025226101279258728, -0.006896695587784052, 0.06627769023180008, 0.09346278011798859, -0.09314607083797455, 0.07733698934316635, -0.037898097187280655, -0.04049833491444588, 0.012372534722089767, 0.024521270766854286, 0.03312711417675018, -0.13855120539665222, -0.029188647866249084, -0.03140298277139664, 0.01186840794980526, -0.04727964103221893, -0.011129144579172134, -0.021538542583584785, 0.006842418573796749, 0.06220562756061554, 0.01756986416876316, 0.0018107469659298658, -0.043917905539274216, 0.024971432983875275, -0.004368049092590809, -0.04165496677160263, -0.0065337540581822395, 0.03654742240905762, 0.017017241567373276, 0.005372361280024052, -0.010116924531757832, 0.004969474859535694, -0.0019399533048272133, 0.04362878203392029, 0.010828152298927307, -0.024661492556333542, -0.007844602689146996, 0.016516752541065216, -0.029266085475683212, -0.014655163511633873, -0.0014170208014547825]",,"['85c5305514f7f152093d8d2ff1c59a971dc33ddf82bb1c85c839c7547914304c', '20e53d978d98eb38055c1866bf6ac4fa6645c681ce6389c2e095a86a1facaf68', '067dad797eed5f1db8a031331d439fa0c29385c7558a9a135c78640e27030daa', '42f37928612ae83b319e8208c24a0bcfdc7ce92b436de762276aec32c28a407b', '3d305515e14116d0d5d10646dae92d358435e9b90a1be5492d3ad95931e71c1d', 'aaa29bd05f1ed9eaa85ba57ad98042e4182a368a03378a515e0a9c95c257742f', '917ca392a46897d4401c4e3c3099639a91d74ed3e894e450ebd84c25cc47115b', 'bcbb1ee90e2f8a22a47d75171cadd969f257c52cfb21f46493d9cd34920625e5', '58e2af00c07e447703aba58d709c790292005ec4c43f3b362aa42ca0f88f6813', '285066a4a1ccb62bb9d7f9f52c602609c7f60c8d00a538ce5281c312b2235112', '99a3e4ae7a8685559771f0b6e7405ea6e9e487bcc144076e875620fdc69cfc17', 'aa7f0d406ccc4c688b187ee529361d91e5f633e67ce7407d9094b64eea0ab45e', '37961dbdd9ed08592def8c931bdcf377e662c326cd257031fd862ffb0c8120ac', '4082dbe36cf5379310b8f8f3659a8013a09232ce83c5bff471955f81f82c1348', 'd98d1fbe3692c9a07a5efc4887102a9a0bad2efd1859fd420cdee3f227ca5f5e', 'd42101da1bd000959934151ce197c8d0cdb6c02ba1c9954aaec30ec61cee11a5', 'd13bfd5fe85270b1ccbef4e36ff1c93eeb461fec8569bd219c2546fe6676fe2b', 'e999dfcc8590c8ad8db552f75af7eb6eb2185b6edd0aa692ce7c48f86512919b', 'cc0d576d4d89d086e17fd7d86945cfcaa3c5b4a670014eedf12dc6362eca4c6b', 'eb710fc3670b2a5600d22c42b630d47bfa50fe3b40590ca9d6deb8dc524d15c2', '5d3264cd936700c61717f6d5e117c88fa82760d6655c7686a63c57a9c4995c9a', 'd5dad0f19a4769172d697f661c83d681f160c3b673c96d1021ea3c2cb33b128e', 'c9a4f6d131cc022a8c1bb0992a7827d3ff8894e01e93092008ce9e87e92b4d4b', 'ccad423e3253b22083909f6764d0998fecac61ad2e6ae9c6728e5c5f32eb2a26', '57aebdf833a547e39d1ae3a710e98b9b75dde36688035ec9c22a0d3fdfc18230']",1547777122001
142,8e8c66cc4b520228e2dee896ad31dff22619b1a9ed2b03108d8bae06269e2e64,"[-0.2536447048187256, 0.12302622199058533, 0.06684549152851105, -0.1641729772090912, 0.004936506971716881, -0.13059213757514954, 0.06550689786672592, -0.14317035675048828, 0.15425094962120056, 0.025226101279258728, -0.006896695587784052, 0.06627769023180008, 0.09346278011798859, -0.09314607083797455, 0.07733698934316635, -0.037898097187280655, -0.04049833491444588, 0.012372534722089767, 0.024521270766854286, 0.03312711417675018, -0.13855120539665222, -0.029188647866249084, -0.03140298277139664, 0.01186840794980526, -0.04727964103221893, -0.011129144579172134, -0.021538542583584785, 0.006842418573796749, 0.06220562756061554, 0.01756986416876316, 0.0018107469659298658, -0.043917905539274216, 0.024971432983875275, -0.004368049092590809, -0.04165496677160263, -0.0065337540581822395, 0.03654742240905762, 0.017017241567373276, 0.005372361280024052, -0.010116924531757832, 0.004969474859535694, -0.0019399533048272133, 0.04362878203392029, 0.010828152298927307, -0.024661492556333542, -0.007844602689146996, 0.016516752541065216, -0.029266085475683212, -0.014655163511633873, -0.0014170208014547825]",,"['85c5305514f7f152093d8d2ff1c59a971dc33ddf82bb1c85c839c7547914304c', '20e53d978d98eb38055c1866bf6ac4fa6645c681ce6389c2e095a86a1facaf68', '067dad797eed5f1db8a031331d439fa0c29385c7558a9a135c78640e27030daa', '42f37928612ae83b319e8208c24a0bcfdc7ce92b436de762276aec32c28a407b', '3d305515e14116d0d5d10646dae92d358435e9b90a1be5492d3ad95931e71c1d', 'aaa29bd05f1ed9eaa85ba57ad98042e4182a368a03378a515e0a9c95c257742f', '917ca392a46897d4401c4e3c3099639a91d74ed3e894e450ebd84c25cc47115b', 'bcbb1ee90e2f8a22a47d75171cadd969f257c52cfb21f46493d9cd34920625e5', '58e2af00c07e447703aba58d709c790292005ec4c43f3b362aa42ca0f88f6813', '285066a4a1ccb62bb9d7f9f52c602609c7f60c8d00a538ce5281c312b2235112', '99a3e4ae7a8685559771f0b6e7405ea6e9e487bcc144076e875620fdc69cfc17', 'aa7f0d406ccc4c688b187ee529361d91e5f633e67ce7407d9094b64eea0ab45e', '37961dbdd9ed08592def8c931bdcf377e662c326cd257031fd862ffb0c8120ac', '4082dbe36cf5379310b8f8f3659a8013a09232ce83c5bff471955f81f82c1348', 'd98d1fbe3692c9a07a5efc4887102a9a0bad2efd1859fd420cdee3f227ca5f5e', 'd42101da1bd000959934151ce197c8d0cdb6c02ba1c9954aaec30ec61cee11a5', 'd13bfd5fe85270b1ccbef4e36ff1c93eeb461fec8569bd219c2546fe6676fe2b', 'e999dfcc8590c8ad8db552f75af7eb6eb2185b6edd0aa692ce7c48f86512919b', 'cc0d576d4d89d086e17fd7d86945cfcaa3c5b4a670014eedf12dc6362eca4c6b', 'eb710fc3670b2a5600d22c42b630d47bfa50fe3b40590ca9d6deb8dc524d15c2', '5d3264cd936700c61717f6d5e117c88fa82760d6655c7686a63c57a9c4995c9a', 'd5dad0f19a4769172d697f661c83d681f160c3b673c96d1021ea3c2cb33b128e', 'c9a4f6d131cc022a8c1bb0992a7827d3ff8894e01e93092008ce9e87e92b4d4b', 'ccad423e3253b22083909f6764d0998fecac61ad2e6ae9c6728e5c5f32eb2a26', '57aebdf833a547e39d1ae3a710e98b9b75dde36688035ec9c22a0d3fdfc18230']",1547777122001
143,8e8c66cc4b520228e2dee896ad31dff22619b1a9ed2b03108d8bae06269e2e64,"[-0.2536447048187256, 0.12302622199058533, 0.06684549152851105, -0.1641729772090912, 0.004936506971716881, -0.13059213757514954, 0.06550689786672592, -0.14317035675048828, 0.15425094962120056, 0.025226101279258728, -0.006896695587784052, 0.06627769023180008, 0.09346278011798859, -0.09314607083797455, 0.07733698934316635, -0.037898097187280655, -0.04049833491444588, 0.012372534722089767, 0.024521270766854286, 0.03312711417675018, -0.13855120539665222, -0.029188647866249084, -0.03140298277139664, 0.01186840794980526, -0.04727964103221893, -0.011129144579172134, -0.021538542583584785, 0.006842418573796749, 0.06220562756061554, 0.01756986416876316, 0.0018107469659298658, -0.043917905539274216, 0.024971432983875275, -0.004368049092590809, -0.04165496677160263, -0.0065337540581822395, 0.03654742240905762, 0.017017241567373276, 0.005372361280024052, -0.010116924531757832, 0.004969474859535694, -0.0019399533048272133, 0.04362878203392029, 0.010828152298927307, -0.024661492556333542, -0.007844602689146996, 0.016516752541065216, -0.029266085475683212, -0.014655163511633873, -0.0014170208014547825]",,"['85c5305514f7f152093d8d2ff1c59a971dc33ddf82bb1c85c839c7547914304c', '20e53d978d98eb38055c1866bf6ac4fa6645c681ce6389c2e095a86a1facaf68', '067dad797eed5f1db8a031331d439fa0c29385c7558a9a135c78640e27030daa', '42f37928612ae83b319e8208c24a0bcfdc7ce92b436de762276aec32c28a407b', '3d305515e14116d0d5d10646dae92d358435e9b90a1be5492d3ad95931e71c1d', 'aaa29bd05f1ed9eaa85ba57ad98042e4182a368a03378a515e0a9c95c257742f', '917ca392a46897d4401c4e3c3099639a91d74ed3e894e450ebd84c25cc47115b', 'bcbb1ee90e2f8a22a47d75171cadd969f257c52cfb21f46493d9cd34920625e5', '58e2af00c07e447703aba58d709c790292005ec4c43f3b362aa42ca0f88f6813', '285066a4a1ccb62bb9d7f9f52c602609c7f60c8d00a538ce5281c312b2235112', '99a3e4ae7a8685559771f0b6e7405ea6e9e487bcc144076e875620fdc69cfc17', 'aa7f0d406ccc4c688b187ee529361d91e5f633e67ce7407d9094b64eea0ab45e', '37961dbdd9ed08592def8c931bdcf377e662c326cd257031fd862ffb0c8120ac', '4082dbe36cf5379310b8f8f3659a8013a09232ce83c5bff471955f81f82c1348', 'd98d1fbe3692c9a07a5efc4887102a9a0bad2efd1859fd420cdee3f227ca5f5e', 'd42101da1bd000959934151ce197c8d0cdb6c02ba1c9954aaec30ec61cee11a5', 'd13bfd5fe85270b1ccbef4e36ff1c93eeb461fec8569bd219c2546fe6676fe2b', 'e999dfcc8590c8ad8db552f75af7eb6eb2185b6edd0aa692ce7c48f86512919b', 'cc0d576d4d89d086e17fd7d86945cfcaa3c5b4a670014eedf12dc6362eca4c6b', 'eb710fc3670b2a5600d22c42b630d47bfa50fe3b40590ca9d6deb8dc524d15c2', '5d3264cd936700c61717f6d5e117c88fa82760d6655c7686a63c57a9c4995c9a', 'd5dad0f19a4769172d697f661c83d681f160c3b673c96d1021ea3c2cb33b128e', 'c9a4f6d131cc022a8c1bb0992a7827d3ff8894e01e93092008ce9e87e92b4d4b', 'ccad423e3253b22083909f6764d0998fecac61ad2e6ae9c6728e5c5f32eb2a26', '57aebdf833a547e39d1ae3a710e98b9b75dde36688035ec9c22a0d3fdfc18230']",1547777122001
144,8e8c66cc4b520228e2dee896ad31dff22619b1a9ed2b03108d8bae06269e2e64,"[-0.19868068397045135, 0.056639254093170166, -0.02723534032702446, -0.14223501086235046, 0.038604736328125, -0.04249280318617821, 0.034660644829273224, -0.14542050659656525, -0.0037550199776887894, -0.015525953844189644, -0.01680970937013626, 0.057494357228279114, 0.0632990226149559, -0.07995054125785828, 0.0500311553478241, 0.009300099685788155, -0.00905173271894455, 0.003948204685002565, 0.017703557386994362, -0.008892957121133804, -0.0628904402256012, -0.016955889761447906, -0.02494446188211441, -0.006462879478931427, 0.013686859980225563, -0.018574489280581474, -0.001039929105900228, -0.008281574584543705, 0.038202300667762756, -0.008603386580944061, -0.010716157034039497, 0.0008123703300952911, 0.025085825473070145, 0.018076378852128983, -0.04101192206144333, 0.006363522261381149, 0.027298951521515846, -0.010682126507163048, -0.0016199257224798203, -0.006698464974761009, 0.008333100005984306, -0.005574955604970455, -0.0009378523100167513, 0.00045392289757728577, -0.010342041030526161, 0.0315026119351387, -0.016324078664183617, -0.019342198967933655, -0.02195131778717041, -0.024565033614635468]","['41947d448a462a76b9934ee34b8fde4d4608da01300d3d7f7f18fde59bc9c1e9', '41947d448a462a76b9934ee34b8fde4d4608da01300d3d7f7f18fde59bc9c1e9']","['aa7f0d406ccc4c688b187ee529361d91e5f633e67ce7407d9094b64eea0ab45e', '41947d448a462a76b9934ee34b8fde4d4608da01300d3d7f7f18fde59bc9c1e9', '88fda03ab825a29cd85d988718f3bed45d8efa129cce22deb938331652a17954', '2bdcc0267fe3b18ee4e79c341eea80fcdc4f50cfcf20d351eab44b1be78f2f6c', 'd12e8a932218c8ef4db4e794de32ea7deaadf097e684ee7fb171aa2cb4e030c7', '431a4e154c6f5ee29f4b6b5e2b1c4d3b3841da052b98dfc2b69f988bcbac46be', '99a3e4ae7a8685559771f0b6e7405ea6e9e487bcc144076e875620fdc69cfc17', 'e999dfcc8590c8ad8db552f75af7eb6eb2185b6edd0aa692ce7c48f86512919b', 'cc0d576d4d89d086e17fd7d86945cfcaa3c5b4a670014eedf12dc6362eca4c6b', 'eb710fc3670b2a5600d22c42b630d47bfa50fe3b40590ca9d6deb8dc524d15c2', 'c4bfcc4cc5253c0edc9af7ffc4c7a4f8f7e509475f31dc7ba6365ee75baa2c3d', '51236dcf820bb7fb839d65f20d90f805eef5ff80dd08bc438b9fa83dd0014f73', 'ee2b51e75f116935f64d23a10e42d5ec5d01baa02eaecfee892f7323f8be46e9', 'c9a4f6d131cc022a8c1bb0992a7827d3ff8894e01e93092008ce9e87e92b4d4b', 'ccad423e3253b22083909f6764d0998fecac61ad2e6ae9c6728e5c5f32eb2a26', '57aebdf833a547e39d1ae3a710e98b9b75dde36688035ec9c22a0d3fdfc18230', '6dcbae09a6aca06bf1e018e733e31f829622e0083a2e1b6280ac067a9d235c79', '7d12fc8cd23eab751bcb98afa2f0002d3903da516bf882320fcd64dfa6a6027f', 'd328796515934fee83034135e1fe5a73fceb22b8bebacb28ae51a4dc48b8611a', 'e41519fc44ef32f704321cd9c2c4c1aa8e44224c00dfac6d5c400e7be3356289', 'be11ccae8b3a9dc38eb1e81962ce8a556c9ef294c6c561924edde53df907d904', '9ba97f0625f95badb99ca4cc43897ed89701bf8c2e5e08dbd53a5358791d06b1', 'a544a632ecb67acbb3b909eaa312fedbe728d9ff62b9b86dc1438ee21e217782', '844c5e7facc17aa7fb8325d37b77a74d5464812d030fecaf0d0f1a0f99a7e32a', '37b745d6ab98dc3b680ab0d79189aff94f4d194d635ff377a251bc09bedeac2b']",1547777151099
145,8e8c66cc4b520228e2dee896ad31dff22619b1a9ed2b03108d8bae06269e2e64,"[-0.19868068397045135, 0.056639254093170166, -0.02723534032702446, -0.14223501086235046, 0.038604736328125, -0.04249280318617821, 0.034660644829273224, -0.14542050659656525, -0.0037550199776887894, -0.015525953844189644, -0.01680970937013626, 0.057494357228279114, 0.0632990226149559, -0.07995054125785828, 0.0500311553478241, 0.009300099685788155, -0.00905173271894455, 0.003948204685002565, 0.017703557386994362, -0.008892957121133804, -0.0628904402256012, -0.016955889761447906, -0.02494446188211441, -0.006462879478931427, 0.013686859980225563, -0.018574489280581474, -0.001039929105900228, -0.008281574584543705, 0.038202300667762756, -0.008603386580944061, -0.010716157034039497, 0.0008123703300952911, 0.025085825473070145, 0.018076378852128983, -0.04101192206144333, 0.006363522261381149, 0.027298951521515846, -0.010682126507163048, -0.0016199257224798203, -0.006698464974761009, 0.008333100005984306, -0.005574955604970455, -0.0009378523100167513, 0.00045392289757728577, -0.010342041030526161, 0.0315026119351387, -0.016324078664183617, -0.019342198967933655, -0.02195131778717041, -0.024565033614635468]","['41947d448a462a76b9934ee34b8fde4d4608da01300d3d7f7f18fde59bc9c1e9', '41947d448a462a76b9934ee34b8fde4d4608da01300d3d7f7f18fde59bc9c1e9']","['aa7f0d406ccc4c688b187ee529361d91e5f633e67ce7407d9094b64eea0ab45e', '41947d448a462a76b9934ee34b8fde4d4608da01300d3d7f7f18fde59bc9c1e9', '88fda03ab825a29cd85d988718f3bed45d8efa129cce22deb938331652a17954', '2bdcc0267fe3b18ee4e79c341eea80fcdc4f50cfcf20d351eab44b1be78f2f6c', 'd12e8a932218c8ef4db4e794de32ea7deaadf097e684ee7fb171aa2cb4e030c7', '431a4e154c6f5ee29f4b6b5e2b1c4d3b3841da052b98dfc2b69f988bcbac46be', '99a3e4ae7a8685559771f0b6e7405ea6e9e487bcc144076e875620fdc69cfc17', 'e999dfcc8590c8ad8db552f75af7eb6eb2185b6edd0aa692ce7c48f86512919b', 'cc0d576d4d89d086e17fd7d86945cfcaa3c5b4a670014eedf12dc6362eca4c6b', 'eb710fc3670b2a5600d22c42b630d47bfa50fe3b40590ca9d6deb8dc524d15c2', 'c4bfcc4cc5253c0edc9af7ffc4c7a4f8f7e509475f31dc7ba6365ee75baa2c3d', '51236dcf820bb7fb839d65f20d90f805eef5ff80dd08bc438b9fa83dd0014f73', 'ee2b51e75f116935f64d23a10e42d5ec5d01baa02eaecfee892f7323f8be46e9', 'c9a4f6d131cc022a8c1bb0992a7827d3ff8894e01e93092008ce9e87e92b4d4b', 'ccad423e3253b22083909f6764d0998fecac61ad2e6ae9c6728e5c5f32eb2a26', '57aebdf833a547e39d1ae3a710e98b9b75dde36688035ec9c22a0d3fdfc18230', '6dcbae09a6aca06bf1e018e733e31f829622e0083a2e1b6280ac067a9d235c79', '7d12fc8cd23eab751bcb98afa2f0002d3903da516bf882320fcd64dfa6a6027f', 'd328796515934fee83034135e1fe5a73fceb22b8bebacb28ae51a4dc48b8611a', 'e41519fc44ef32f704321cd9c2c4c1aa8e44224c00dfac6d5c400e7be3356289', 'be11ccae8b3a9dc38eb1e81962ce8a556c9ef294c6c561924edde53df907d904', '9ba97f0625f95badb99ca4cc43897ed89701bf8c2e5e08dbd53a5358791d06b1', 'a544a632ecb67acbb3b909eaa312fedbe728d9ff62b9b86dc1438ee21e217782', '844c5e7facc17aa7fb8325d37b77a74d5464812d030fecaf0d0f1a0f99a7e32a', '37b745d6ab98dc3b680ab0d79189aff94f4d194d635ff377a251bc09bedeac2b']",1547777151099
146,8e8c66cc4b520228e2dee896ad31dff22619b1a9ed2b03108d8bae06269e2e64,"[-0.19868068397045135, 0.056639254093170166, -0.02723534032702446, -0.14223501086235046, 0.038604736328125, -0.04249280318617821, 0.034660644829273224, -0.14542050659656525, -0.0037550199776887894, -0.015525953844189644, -0.01680970937013626, 0.057494357228279114, 0.0632990226149559, -0.07995054125785828, 0.0500311553478241, 0.009300099685788155, -0.00905173271894455, 0.003948204685002565, 0.017703557386994362, -0.008892957121133804, -0.0628904402256012, -0.016955889761447906, -0.02494446188211441, -0.006462879478931427, 0.013686859980225563, -0.018574489280581474, -0.001039929105900228, -0.008281574584543705, 0.038202300667762756, -0.008603386580944061, -0.010716157034039497, 0.0008123703300952911, 0.025085825473070145, 0.018076378852128983, -0.04101192206144333, 0.006363522261381149, 0.027298951521515846, -0.010682126507163048, -0.0016199257224798203, -0.006698464974761009, 0.008333100005984306, -0.005574955604970455, -0.0009378523100167513, 0.00045392289757728577, -0.010342041030526161, 0.0315026119351387, -0.016324078664183617, -0.019342198967933655, -0.02195131778717041, -0.024565033614635468]","['41947d448a462a76b9934ee34b8fde4d4608da01300d3d7f7f18fde59bc9c1e9', '41947d448a462a76b9934ee34b8fde4d4608da01300d3d7f7f18fde59bc9c1e9']","['aa7f0d406ccc4c688b187ee529361d91e5f633e67ce7407d9094b64eea0ab45e', '41947d448a462a76b9934ee34b8fde4d4608da01300d3d7f7f18fde59bc9c1e9', '88fda03ab825a29cd85d988718f3bed45d8efa129cce22deb938331652a17954', '2bdcc0267fe3b18ee4e79c341eea80fcdc4f50cfcf20d351eab44b1be78f2f6c', 'd12e8a932218c8ef4db4e794de32ea7deaadf097e684ee7fb171aa2cb4e030c7', '431a4e154c6f5ee29f4b6b5e2b1c4d3b3841da052b98dfc2b69f988bcbac46be', '99a3e4ae7a8685559771f0b6e7405ea6e9e487bcc144076e875620fdc69cfc17', 'e999dfcc8590c8ad8db552f75af7eb6eb2185b6edd0aa692ce7c48f86512919b', 'cc0d576d4d89d086e17fd7d86945cfcaa3c5b4a670014eedf12dc6362eca4c6b', 'eb710fc3670b2a5600d22c42b630d47bfa50fe3b40590ca9d6deb8dc524d15c2', 'c4bfcc4cc5253c0edc9af7ffc4c7a4f8f7e509475f31dc7ba6365ee75baa2c3d', '51236dcf820bb7fb839d65f20d90f805eef5ff80dd08bc438b9fa83dd0014f73', 'ee2b51e75f116935f64d23a10e42d5ec5d01baa02eaecfee892f7323f8be46e9', 'c9a4f6d131cc022a8c1bb0992a7827d3ff8894e01e93092008ce9e87e92b4d4b', 'ccad423e3253b22083909f6764d0998fecac61ad2e6ae9c6728e5c5f32eb2a26', '57aebdf833a547e39d1ae3a710e98b9b75dde36688035ec9c22a0d3fdfc18230', '6dcbae09a6aca06bf1e018e733e31f829622e0083a2e1b6280ac067a9d235c79', '7d12fc8cd23eab751bcb98afa2f0002d3903da516bf882320fcd64dfa6a6027f', 'd328796515934fee83034135e1fe5a73fceb22b8bebacb28ae51a4dc48b8611a', 'e41519fc44ef32f704321cd9c2c4c1aa8e44224c00dfac6d5c400e7be3356289', 'be11ccae8b3a9dc38eb1e81962ce8a556c9ef294c6c561924edde53df907d904', '9ba97f0625f95badb99ca4cc43897ed89701bf8c2e5e08dbd53a5358791d06b1', 'a544a632ecb67acbb3b909eaa312fedbe728d9ff62b9b86dc1438ee21e217782', '844c5e7facc17aa7fb8325d37b77a74d5464812d030fecaf0d0f1a0f99a7e32a', '37b745d6ab98dc3b680ab0d79189aff94f4d194d635ff377a251bc09bedeac2b']",1547777151099
147,8e8c66cc4b520228e2dee896ad31dff22619b1a9ed2b03108d8bae06269e2e64,"[-0.19868068397045135, 0.056639254093170166, -0.02723534032702446, -0.14223501086235046, 0.038604736328125, -0.04249280318617821, 0.034660644829273224, -0.14542050659656525, -0.0037550199776887894, -0.015525953844189644, -0.01680970937013626, 0.057494357228279114, 0.0632990226149559, -0.07995054125785828, 0.0500311553478241, 0.009300099685788155, -0.00905173271894455, 0.003948204685002565, 0.017703557386994362, -0.008892957121133804, -0.0628904402256012, -0.016955889761447906, -0.02494446188211441, -0.006462879478931427, 0.013686859980225563, -0.018574489280581474, -0.001039929105900228, -0.008281574584543705, 0.038202300667762756, -0.008603386580944061, -0.010716157034039497, 0.0008123703300952911, 0.025085825473070145, 0.018076378852128983, -0.04101192206144333, 0.006363522261381149, 0.027298951521515846, -0.010682126507163048, -0.0016199257224798203, -0.006698464974761009, 0.008333100005984306, -0.005574955604970455, -0.0009378523100167513, 0.00045392289757728577, -0.010342041030526161, 0.0315026119351387, -0.016324078664183617, -0.019342198967933655, -0.02195131778717041, -0.024565033614635468]","['41947d448a462a76b9934ee34b8fde4d4608da01300d3d7f7f18fde59bc9c1e9', '41947d448a462a76b9934ee34b8fde4d4608da01300d3d7f7f18fde59bc9c1e9']","['aa7f0d406ccc4c688b187ee529361d91e5f633e67ce7407d9094b64eea0ab45e', '41947d448a462a76b9934ee34b8fde4d4608da01300d3d7f7f18fde59bc9c1e9', '88fda03ab825a29cd85d988718f3bed45d8efa129cce22deb938331652a17954', '2bdcc0267fe3b18ee4e79c341eea80fcdc4f50cfcf20d351eab44b1be78f2f6c', 'd12e8a932218c8ef4db4e794de32ea7deaadf097e684ee7fb171aa2cb4e030c7', '431a4e154c6f5ee29f4b6b5e2b1c4d3b3841da052b98dfc2b69f988bcbac46be', '99a3e4ae7a8685559771f0b6e7405ea6e9e487bcc144076e875620fdc69cfc17', 'e999dfcc8590c8ad8db552f75af7eb6eb2185b6edd0aa692ce7c48f86512919b', 'cc0d576d4d89d086e17fd7d86945cfcaa3c5b4a670014eedf12dc6362eca4c6b', 'eb710fc3670b2a5600d22c42b630d47bfa50fe3b40590ca9d6deb8dc524d15c2', 'c4bfcc4cc5253c0edc9af7ffc4c7a4f8f7e509475f31dc7ba6365ee75baa2c3d', '51236dcf820bb7fb839d65f20d90f805eef5ff80dd08bc438b9fa83dd0014f73', 'ee2b51e75f116935f64d23a10e42d5ec5d01baa02eaecfee892f7323f8be46e9', 'c9a4f6d131cc022a8c1bb0992a7827d3ff8894e01e93092008ce9e87e92b4d4b', 'ccad423e3253b22083909f6764d0998fecac61ad2e6ae9c6728e5c5f32eb2a26', '57aebdf833a547e39d1ae3a710e98b9b75dde36688035ec9c22a0d3fdfc18230', '6dcbae09a6aca06bf1e018e733e31f829622e0083a2e1b6280ac067a9d235c79', '7d12fc8cd23eab751bcb98afa2f0002d3903da516bf882320fcd64dfa6a6027f', 'd328796515934fee83034135e1fe5a73fceb22b8bebacb28ae51a4dc48b8611a', 'e41519fc44ef32f704321cd9c2c4c1aa8e44224c00dfac6d5c400e7be3356289', 'be11ccae8b3a9dc38eb1e81962ce8a556c9ef294c6c561924edde53df907d904', '9ba97f0625f95badb99ca4cc43897ed89701bf8c2e5e08dbd53a5358791d06b1', 'a544a632ecb67acbb3b909eaa312fedbe728d9ff62b9b86dc1438ee21e217782', '844c5e7facc17aa7fb8325d37b77a74d5464812d030fecaf0d0f1a0f99a7e32a', '37b745d6ab98dc3b680ab0d79189aff94f4d194d635ff377a251bc09bedeac2b']",1547777151099
148,8e8c66cc4b520228e2dee896ad31dff22619b1a9ed2b03108d8bae06269e2e64,"[-0.19868068397045135, 0.056639254093170166, -0.02723534032702446, -0.14223501086235046, 0.038604736328125, -0.04249280318617821, 0.034660644829273224, -0.14542050659656525, -0.0037550199776887894, -0.015525953844189644, -0.01680970937013626, 0.057494357228279114, 0.0632990226149559, -0.07995054125785828, 0.0500311553478241, 0.009300099685788155, -0.00905173271894455, 0.003948204685002565, 0.017703557386994362, -0.008892957121133804, -0.0628904402256012, -0.016955889761447906, -0.02494446188211441, -0.006462879478931427, 0.013686859980225563, -0.018574489280581474, -0.001039929105900228, -0.008281574584543705, 0.038202300667762756, -0.008603386580944061, -0.010716157034039497, 0.0008123703300952911, 0.025085825473070145, 0.018076378852128983, -0.04101192206144333, 0.006363522261381149, 0.027298951521515846, -0.010682126507163048, -0.0016199257224798203, -0.006698464974761009, 0.008333100005984306, -0.005574955604970455, -0.0009378523100167513, 0.00045392289757728577, -0.010342041030526161, 0.0315026119351387, -0.016324078664183617, -0.019342198967933655, -0.02195131778717041, -0.024565033614635468]","['41947d448a462a76b9934ee34b8fde4d4608da01300d3d7f7f18fde59bc9c1e9', '41947d448a462a76b9934ee34b8fde4d4608da01300d3d7f7f18fde59bc9c1e9']","['aa7f0d406ccc4c688b187ee529361d91e5f633e67ce7407d9094b64eea0ab45e', '41947d448a462a76b9934ee34b8fde4d4608da01300d3d7f7f18fde59bc9c1e9', '88fda03ab825a29cd85d988718f3bed45d8efa129cce22deb938331652a17954', '2bdcc0267fe3b18ee4e79c341eea80fcdc4f50cfcf20d351eab44b1be78f2f6c', 'd12e8a932218c8ef4db4e794de32ea7deaadf097e684ee7fb171aa2cb4e030c7', '431a4e154c6f5ee29f4b6b5e2b1c4d3b3841da052b98dfc2b69f988bcbac46be', '99a3e4ae7a8685559771f0b6e7405ea6e9e487bcc144076e875620fdc69cfc17', 'e999dfcc8590c8ad8db552f75af7eb6eb2185b6edd0aa692ce7c48f86512919b', 'cc0d576d4d89d086e17fd7d86945cfcaa3c5b4a670014eedf12dc6362eca4c6b', 'eb710fc3670b2a5600d22c42b630d47bfa50fe3b40590ca9d6deb8dc524d15c2', 'c4bfcc4cc5253c0edc9af7ffc4c7a4f8f7e509475f31dc7ba6365ee75baa2c3d', '51236dcf820bb7fb839d65f20d90f805eef5ff80dd08bc438b9fa83dd0014f73', 'ee2b51e75f116935f64d23a10e42d5ec5d01baa02eaecfee892f7323f8be46e9', 'c9a4f6d131cc022a8c1bb0992a7827d3ff8894e01e93092008ce9e87e92b4d4b', 'ccad423e3253b22083909f6764d0998fecac61ad2e6ae9c6728e5c5f32eb2a26', '57aebdf833a547e39d1ae3a710e98b9b75dde36688035ec9c22a0d3fdfc18230', '6dcbae09a6aca06bf1e018e733e31f829622e0083a2e1b6280ac067a9d235c79', '7d12fc8cd23eab751bcb98afa2f0002d3903da516bf882320fcd64dfa6a6027f', 'd328796515934fee83034135e1fe5a73fceb22b8bebacb28ae51a4dc48b8611a', 'e41519fc44ef32f704321cd9c2c4c1aa8e44224c00dfac6d5c400e7be3356289', 'be11ccae8b3a9dc38eb1e81962ce8a556c9ef294c6c561924edde53df907d904', '9ba97f0625f95badb99ca4cc43897ed89701bf8c2e5e08dbd53a5358791d06b1', 'a544a632ecb67acbb3b909eaa312fedbe728d9ff62b9b86dc1438ee21e217782', '844c5e7facc17aa7fb8325d37b77a74d5464812d030fecaf0d0f1a0f99a7e32a', '37b745d6ab98dc3b680ab0d79189aff94f4d194d635ff377a251bc09bedeac2b']",1547777151099
149,8e8c66cc4b520228e2dee896ad31dff22619b1a9ed2b03108d8bae06269e2e64,"[-0.19868068397045135, 0.056639254093170166, -0.02723534032702446, -0.14223501086235046, 0.038604736328125, -0.04249280318617821, 0.034660644829273224, -0.14542050659656525, -0.0037550199776887894, -0.015525953844189644, -0.01680970937013626, 0.057494357228279114, 0.0632990226149559, -0.07995054125785828, 0.0500311553478241, 0.009300099685788155, -0.00905173271894455, 0.003948204685002565, 0.017703557386994362, -0.008892957121133804, -0.0628904402256012, -0.016955889761447906, -0.02494446188211441, -0.006462879478931427, 0.013686859980225563, -0.018574489280581474, -0.001039929105900228, -0.008281574584543705, 0.038202300667762756, -0.008603386580944061, -0.010716157034039497, 0.0008123703300952911, 0.025085825473070145, 0.018076378852128983, -0.04101192206144333, 0.006363522261381149, 0.027298951521515846, -0.010682126507163048, -0.0016199257224798203, -0.006698464974761009, 0.008333100005984306, -0.005574955604970455, -0.0009378523100167513, 0.00045392289757728577, -0.010342041030526161, 0.0315026119351387, -0.016324078664183617, -0.019342198967933655, -0.02195131778717041, -0.024565033614635468]","['41947d448a462a76b9934ee34b8fde4d4608da01300d3d7f7f18fde59bc9c1e9', '41947d448a462a76b9934ee34b8fde4d4608da01300d3d7f7f18fde59bc9c1e9']","['aa7f0d406ccc4c688b187ee529361d91e5f633e67ce7407d9094b64eea0ab45e', '41947d448a462a76b9934ee34b8fde4d4608da01300d3d7f7f18fde59bc9c1e9', '88fda03ab825a29cd85d988718f3bed45d8efa129cce22deb938331652a17954', '2bdcc0267fe3b18ee4e79c341eea80fcdc4f50cfcf20d351eab44b1be78f2f6c', 'd12e8a932218c8ef4db4e794de32ea7deaadf097e684ee7fb171aa2cb4e030c7', '431a4e154c6f5ee29f4b6b5e2b1c4d3b3841da052b98dfc2b69f988bcbac46be', '99a3e4ae7a8685559771f0b6e7405ea6e9e487bcc144076e875620fdc69cfc17', 'e999dfcc8590c8ad8db552f75af7eb6eb2185b6edd0aa692ce7c48f86512919b', 'cc0d576d4d89d086e17fd7d86945cfcaa3c5b4a670014eedf12dc6362eca4c6b', 'eb710fc3670b2a5600d22c42b630d47bfa50fe3b40590ca9d6deb8dc524d15c2', 'c4bfcc4cc5253c0edc9af7ffc4c7a4f8f7e509475f31dc7ba6365ee75baa2c3d', '51236dcf820bb7fb839d65f20d90f805eef5ff80dd08bc438b9fa83dd0014f73', 'ee2b51e75f116935f64d23a10e42d5ec5d01baa02eaecfee892f7323f8be46e9', 'c9a4f6d131cc022a8c1bb0992a7827d3ff8894e01e93092008ce9e87e92b4d4b', 'ccad423e3253b22083909f6764d0998fecac61ad2e6ae9c6728e5c5f32eb2a26', '57aebdf833a547e39d1ae3a710e98b9b75dde36688035ec9c22a0d3fdfc18230', '6dcbae09a6aca06bf1e018e733e31f829622e0083a2e1b6280ac067a9d235c79', '7d12fc8cd23eab751bcb98afa2f0002d3903da516bf882320fcd64dfa6a6027f', 'd328796515934fee83034135e1fe5a73fceb22b8bebacb28ae51a4dc48b8611a', 'e41519fc44ef32f704321cd9c2c4c1aa8e44224c00dfac6d5c400e7be3356289', 'be11ccae8b3a9dc38eb1e81962ce8a556c9ef294c6c561924edde53df907d904', '9ba97f0625f95badb99ca4cc43897ed89701bf8c2e5e08dbd53a5358791d06b1', 'a544a632ecb67acbb3b909eaa312fedbe728d9ff62b9b86dc1438ee21e217782', '844c5e7facc17aa7fb8325d37b77a74d5464812d030fecaf0d0f1a0f99a7e32a', '37b745d6ab98dc3b680ab0d79189aff94f4d194d635ff377a251bc09bedeac2b']",1547777151099
150,8e8c66cc4b520228e2dee896ad31dff22619b1a9ed2b03108d8bae06269e2e64,"[-0.19868068397045135, 0.056639254093170166, -0.02723534032702446, -0.14223501086235046, 0.038604736328125, -0.04249280318617821, 0.034660644829273224, -0.14542050659656525, -0.0037550199776887894, -0.015525953844189644, -0.01680970937013626, 0.057494357228279114, 0.0632990226149559, -0.07995054125785828, 0.0500311553478241, 0.009300099685788155, -0.00905173271894455, 0.003948204685002565, 0.017703557386994362, -0.008892957121133804, -0.0628904402256012, -0.016955889761447906, -0.02494446188211441, -0.006462879478931427, 0.013686859980225563, -0.018574489280581474, -0.001039929105900228, -0.008281574584543705, 0.038202300667762756, -0.008603386580944061, -0.010716157034039497, 0.0008123703300952911, 0.025085825473070145, 0.018076378852128983, -0.04101192206144333, 0.006363522261381149, 0.027298951521515846, -0.010682126507163048, -0.0016199257224798203, -0.006698464974761009, 0.008333100005984306, -0.005574955604970455, -0.0009378523100167513, 0.00045392289757728577, -0.010342041030526161, 0.0315026119351387, -0.016324078664183617, -0.019342198967933655, -0.02195131778717041, -0.024565033614635468]","['41947d448a462a76b9934ee34b8fde4d4608da01300d3d7f7f18fde59bc9c1e9', '41947d448a462a76b9934ee34b8fde4d4608da01300d3d7f7f18fde59bc9c1e9']","['aa7f0d406ccc4c688b187ee529361d91e5f633e67ce7407d9094b64eea0ab45e', '41947d448a462a76b9934ee34b8fde4d4608da01300d3d7f7f18fde59bc9c1e9', '88fda03ab825a29cd85d988718f3bed45d8efa129cce22deb938331652a17954', '2bdcc0267fe3b18ee4e79c341eea80fcdc4f50cfcf20d351eab44b1be78f2f6c', 'd12e8a932218c8ef4db4e794de32ea7deaadf097e684ee7fb171aa2cb4e030c7', '431a4e154c6f5ee29f4b6b5e2b1c4d3b3841da052b98dfc2b69f988bcbac46be', '99a3e4ae7a8685559771f0b6e7405ea6e9e487bcc144076e875620fdc69cfc17', 'e999dfcc8590c8ad8db552f75af7eb6eb2185b6edd0aa692ce7c48f86512919b', 'cc0d576d4d89d086e17fd7d86945cfcaa3c5b4a670014eedf12dc6362eca4c6b', 'eb710fc3670b2a5600d22c42b630d47bfa50fe3b40590ca9d6deb8dc524d15c2', 'c4bfcc4cc5253c0edc9af7ffc4c7a4f8f7e509475f31dc7ba6365ee75baa2c3d', '51236dcf820bb7fb839d65f20d90f805eef5ff80dd08bc438b9fa83dd0014f73', 'ee2b51e75f116935f64d23a10e42d5ec5d01baa02eaecfee892f7323f8be46e9', 'c9a4f6d131cc022a8c1bb0992a7827d3ff8894e01e93092008ce9e87e92b4d4b', 'ccad423e3253b22083909f6764d0998fecac61ad2e6ae9c6728e5c5f32eb2a26', '57aebdf833a547e39d1ae3a710e98b9b75dde36688035ec9c22a0d3fdfc18230', '6dcbae09a6aca06bf1e018e733e31f829622e0083a2e1b6280ac067a9d235c79', '7d12fc8cd23eab751bcb98afa2f0002d3903da516bf882320fcd64dfa6a6027f', 'd328796515934fee83034135e1fe5a73fceb22b8bebacb28ae51a4dc48b8611a', 'e41519fc44ef32f704321cd9c2c4c1aa8e44224c00dfac6d5c400e7be3356289', 'be11ccae8b3a9dc38eb1e81962ce8a556c9ef294c6c561924edde53df907d904', '9ba97f0625f95badb99ca4cc43897ed89701bf8c2e5e08dbd53a5358791d06b1', 'a544a632ecb67acbb3b909eaa312fedbe728d9ff62b9b86dc1438ee21e217782', '844c5e7facc17aa7fb8325d37b77a74d5464812d030fecaf0d0f1a0f99a7e32a', '37b745d6ab98dc3b680ab0d79189aff94f4d194d635ff377a251bc09bedeac2b']",1547777151099
151,8e8c66cc4b520228e2dee896ad31dff22619b1a9ed2b03108d8bae06269e2e64,"[-0.114923395216465, -0.10926656424999237, -0.03259787708520889, -0.024188410490751266, 0.043007247149944305, 0.062060751020908356, 0.004208771977573633, -0.05286239832639694, -0.07648810744285583, -0.12459003925323486, 0.006263955496251583, -0.00453503243625164, -0.005413202568888664, 0.012949959374964237, 0.030536135658621788, 0.0022503361105918884, -0.02978709153831005, -0.005289762280881405, -0.06076022982597351, 0.04486396163702011, 0.015290342271327972, 0.009103369899094105, -0.036627668887376785, -0.000351964496076107, 0.02014363557100296, -0.008296776562929153, -0.03703012689948082, -0.002792646875604987, -0.006162500940263271, -0.01650112494826317, -0.005025148391723633, 0.0064618345350027084, 0.0021881540305912495, 0.0008594449609518051, -0.008291127160191536, -0.03699331358075142, -0.011406592093408108, 0.007504024542868137, 0.002290545729920268, 0.012010814622044563, 0.008572746999561787, -0.019242526963353157, -0.011994365602731705, -0.0007655485533177853, -0.005388201214373112, -0.020467808470129967, -0.028487399220466614, -0.008305257186293602, -0.0029638749547302723, -0.014225373044610023]",,"['88fda03ab825a29cd85d988718f3bed45d8efa129cce22deb938331652a17954', 'd12e8a932218c8ef4db4e794de32ea7deaadf097e684ee7fb171aa2cb4e030c7', '41947d448a462a76b9934ee34b8fde4d4608da01300d3d7f7f18fde59bc9c1e9', 'aa7f0d406ccc4c688b187ee529361d91e5f633e67ce7407d9094b64eea0ab45e', '431a4e154c6f5ee29f4b6b5e2b1c4d3b3841da052b98dfc2b69f988bcbac46be', '2bdcc0267fe3b18ee4e79c341eea80fcdc4f50cfcf20d351eab44b1be78f2f6c']",1547777204343
152,8e8c66cc4b520228e2dee896ad31dff22619b1a9ed2b03108d8bae06269e2e64,"[-0.114923395216465, -0.10926656424999237, -0.03259787708520889, -0.024188410490751266, 0.043007247149944305, 0.062060751020908356, 0.004208771977573633, -0.05286239832639694, -0.07648810744285583, -0.12459003925323486, 0.006263955496251583, -0.00453503243625164, -0.005413202568888664, 0.012949959374964237, 0.030536135658621788, 0.0022503361105918884, -0.02978709153831005, -0.005289762280881405, -0.06076022982597351, 0.04486396163702011, 0.015290342271327972, 0.009103369899094105, -0.036627668887376785, -0.000351964496076107, 0.02014363557100296, -0.008296776562929153, -0.03703012689948082, -0.002792646875604987, -0.006162500940263271, -0.01650112494826317, -0.005025148391723633, 0.0064618345350027084, 0.0021881540305912495, 0.0008594449609518051, -0.008291127160191536, -0.03699331358075142, -0.011406592093408108, 0.007504024542868137, 0.002290545729920268, 0.012010814622044563, 0.008572746999561787, -0.019242526963353157, -0.011994365602731705, -0.0007655485533177853, -0.005388201214373112, -0.020467808470129967, -0.028487399220466614, -0.008305257186293602, -0.0029638749547302723, -0.014225373044610023]",,"['88fda03ab825a29cd85d988718f3bed45d8efa129cce22deb938331652a17954', 'd12e8a932218c8ef4db4e794de32ea7deaadf097e684ee7fb171aa2cb4e030c7', '41947d448a462a76b9934ee34b8fde4d4608da01300d3d7f7f18fde59bc9c1e9', 'aa7f0d406ccc4c688b187ee529361d91e5f633e67ce7407d9094b64eea0ab45e', '431a4e154c6f5ee29f4b6b5e2b1c4d3b3841da052b98dfc2b69f988bcbac46be', '2bdcc0267fe3b18ee4e79c341eea80fcdc4f50cfcf20d351eab44b1be78f2f6c']",1547777204343
153,8e8c66cc4b520228e2dee896ad31dff22619b1a9ed2b03108d8bae06269e2e64,"[-0.114923395216465, -0.10926656424999237, -0.03259787708520889, -0.024188410490751266, 0.043007247149944305, 0.062060751020908356, 0.004208771977573633, -0.05286239832639694, -0.07648810744285583, -0.12459003925323486, 0.006263955496251583, -0.00453503243625164, -0.005413202568888664, 0.012949959374964237, 0.030536135658621788, 0.0022503361105918884, -0.02978709153831005, -0.005289762280881405, -0.06076022982597351, 0.04486396163702011, 0.015290342271327972, 0.009103369899094105, -0.036627668887376785, -0.000351964496076107, 0.02014363557100296, -0.008296776562929153, -0.03703012689948082, -0.002792646875604987, -0.006162500940263271, -0.01650112494826317, -0.005025148391723633, 0.0064618345350027084, 0.0021881540305912495, 0.0008594449609518051, -0.008291127160191536, -0.03699331358075142, -0.011406592093408108, 0.007504024542868137, 0.002290545729920268, 0.012010814622044563, 0.008572746999561787, -0.019242526963353157, -0.011994365602731705, -0.0007655485533177853, -0.005388201214373112, -0.020467808470129967, -0.028487399220466614, -0.008305257186293602, -0.0029638749547302723, -0.014225373044610023]",,"['88fda03ab825a29cd85d988718f3bed45d8efa129cce22deb938331652a17954', 'd12e8a932218c8ef4db4e794de32ea7deaadf097e684ee7fb171aa2cb4e030c7', '41947d448a462a76b9934ee34b8fde4d4608da01300d3d7f7f18fde59bc9c1e9', 'aa7f0d406ccc4c688b187ee529361d91e5f633e67ce7407d9094b64eea0ab45e', '431a4e154c6f5ee29f4b6b5e2b1c4d3b3841da052b98dfc2b69f988bcbac46be', '2bdcc0267fe3b18ee4e79c341eea80fcdc4f50cfcf20d351eab44b1be78f2f6c']",1547777204343
154,8e8c66cc4b520228e2dee896ad31dff22619b1a9ed2b03108d8bae06269e2e64,"[-0.114923395216465, -0.10926656424999237, -0.03259787708520889, -0.024188410490751266, 0.043007247149944305, 0.062060751020908356, 0.004208771977573633, -0.05286239832639694, -0.07648810744285583, -0.12459003925323486, 0.006263955496251583, -0.00453503243625164, -0.005413202568888664, 0.012949959374964237, 0.030536135658621788, 0.0022503361105918884, -0.02978709153831005, -0.005289762280881405, -0.06076022982597351, 0.04486396163702011, 0.015290342271327972, 0.009103369899094105, -0.036627668887376785, -0.000351964496076107, 0.02014363557100296, -0.008296776562929153, -0.03703012689948082, -0.002792646875604987, -0.006162500940263271, -0.01650112494826317, -0.005025148391723633, 0.0064618345350027084, 0.0021881540305912495, 0.0008594449609518051, -0.008291127160191536, -0.03699331358075142, -0.011406592093408108, 0.007504024542868137, 0.002290545729920268, 0.012010814622044563, 0.008572746999561787, -0.019242526963353157, -0.011994365602731705, -0.0007655485533177853, -0.005388201214373112, -0.020467808470129967, -0.028487399220466614, -0.008305257186293602, -0.0029638749547302723, -0.014225373044610023]",,"['88fda03ab825a29cd85d988718f3bed45d8efa129cce22deb938331652a17954', 'd12e8a932218c8ef4db4e794de32ea7deaadf097e684ee7fb171aa2cb4e030c7', '41947d448a462a76b9934ee34b8fde4d4608da01300d3d7f7f18fde59bc9c1e9', 'aa7f0d406ccc4c688b187ee529361d91e5f633e67ce7407d9094b64eea0ab45e', '431a4e154c6f5ee29f4b6b5e2b1c4d3b3841da052b98dfc2b69f988bcbac46be', '2bdcc0267fe3b18ee4e79c341eea80fcdc4f50cfcf20d351eab44b1be78f2f6c']",1547777204343
155,8e8c66cc4b520228e2dee896ad31dff22619b1a9ed2b03108d8bae06269e2e64,"[-0.114923395216465, -0.10926656424999237, -0.03259787708520889, -0.024188410490751266, 0.043007247149944305, 0.062060751020908356, 0.004208771977573633, -0.05286239832639694, -0.07648810744285583, -0.12459003925323486, 0.006263955496251583, -0.00453503243625164, -0.005413202568888664, 0.012949959374964237, 0.030536135658621788, 0.0022503361105918884, -0.02978709153831005, -0.005289762280881405, -0.06076022982597351, 0.04486396163702011, 0.015290342271327972, 0.009103369899094105, -0.036627668887376785, -0.000351964496076107, 0.02014363557100296, -0.008296776562929153, -0.03703012689948082, -0.002792646875604987, -0.006162500940263271, -0.01650112494826317, -0.005025148391723633, 0.0064618345350027084, 0.0021881540305912495, 0.0008594449609518051, -0.008291127160191536, -0.03699331358075142, -0.011406592093408108, 0.007504024542868137, 0.002290545729920268, 0.012010814622044563, 0.008572746999561787, -0.019242526963353157, -0.011994365602731705, -0.0007655485533177853, -0.005388201214373112, -0.020467808470129967, -0.028487399220466614, -0.008305257186293602, -0.0029638749547302723, -0.014225373044610023]",,"['88fda03ab825a29cd85d988718f3bed45d8efa129cce22deb938331652a17954', 'd12e8a932218c8ef4db4e794de32ea7deaadf097e684ee7fb171aa2cb4e030c7', '41947d448a462a76b9934ee34b8fde4d4608da01300d3d7f7f18fde59bc9c1e9', 'aa7f0d406ccc4c688b187ee529361d91e5f633e67ce7407d9094b64eea0ab45e', '431a4e154c6f5ee29f4b6b5e2b1c4d3b3841da052b98dfc2b69f988bcbac46be', '2bdcc0267fe3b18ee4e79c341eea80fcdc4f50cfcf20d351eab44b1be78f2f6c']",1547777204343
156,8e8c66cc4b520228e2dee896ad31dff22619b1a9ed2b03108d8bae06269e2e64,"[-0.114923395216465, -0.10926656424999237, -0.03259787708520889, -0.024188410490751266, 0.043007247149944305, 0.062060751020908356, 0.004208771977573633, -0.05286239832639694, -0.07648810744285583, -0.12459003925323486, 0.006263955496251583, -0.00453503243625164, -0.005413202568888664, 0.012949959374964237, 0.030536135658621788, 0.0022503361105918884, -0.02978709153831005, -0.005289762280881405, -0.06076022982597351, 0.04486396163702011, 0.015290342271327972, 0.009103369899094105, -0.036627668887376785, -0.000351964496076107, 0.02014363557100296, -0.008296776562929153, -0.03703012689948082, -0.002792646875604987, -0.006162500940263271, -0.01650112494826317, -0.005025148391723633, 0.0064618345350027084, 0.0021881540305912495, 0.0008594449609518051, -0.008291127160191536, -0.03699331358075142, -0.011406592093408108, 0.007504024542868137, 0.002290545729920268, 0.012010814622044563, 0.008572746999561787, -0.019242526963353157, -0.011994365602731705, -0.0007655485533177853, -0.005388201214373112, -0.020467808470129967, -0.028487399220466614, -0.008305257186293602, -0.0029638749547302723, -0.014225373044610023]",,"['88fda03ab825a29cd85d988718f3bed45d8efa129cce22deb938331652a17954', 'd12e8a932218c8ef4db4e794de32ea7deaadf097e684ee7fb171aa2cb4e030c7', '41947d448a462a76b9934ee34b8fde4d4608da01300d3d7f7f18fde59bc9c1e9', 'aa7f0d406ccc4c688b187ee529361d91e5f633e67ce7407d9094b64eea0ab45e', '431a4e154c6f5ee29f4b6b5e2b1c4d3b3841da052b98dfc2b69f988bcbac46be', '2bdcc0267fe3b18ee4e79c341eea80fcdc4f50cfcf20d351eab44b1be78f2f6c']",1547777204343
157,8e8c66cc4b520228e2dee896ad31dff22619b1a9ed2b03108d8bae06269e2e64,"[-0.114923395216465, -0.10926656424999237, -0.03259787708520889, -0.024188410490751266, 0.043007247149944305, 0.062060751020908356, 0.004208771977573633, -0.05286239832639694, -0.07648810744285583, -0.12459003925323486, 0.006263955496251583, -0.00453503243625164, -0.005413202568888664, 0.012949959374964237, 0.030536135658621788, 0.0022503361105918884, -0.02978709153831005, -0.005289762280881405, -0.06076022982597351, 0.04486396163702011, 0.015290342271327972, 0.009103369899094105, -0.036627668887376785, -0.000351964496076107, 0.02014363557100296, -0.008296776562929153, -0.03703012689948082, -0.002792646875604987, -0.006162500940263271, -0.01650112494826317, -0.005025148391723633, 0.0064618345350027084, 0.0021881540305912495, 0.0008594449609518051, -0.008291127160191536, -0.03699331358075142, -0.011406592093408108, 0.007504024542868137, 0.002290545729920268, 0.012010814622044563, 0.008572746999561787, -0.019242526963353157, -0.011994365602731705, -0.0007655485533177853, -0.005388201214373112, -0.020467808470129967, -0.028487399220466614, -0.008305257186293602, -0.0029638749547302723, -0.014225373044610023]",,"['88fda03ab825a29cd85d988718f3bed45d8efa129cce22deb938331652a17954', 'd12e8a932218c8ef4db4e794de32ea7deaadf097e684ee7fb171aa2cb4e030c7', '41947d448a462a76b9934ee34b8fde4d4608da01300d3d7f7f18fde59bc9c1e9', 'aa7f0d406ccc4c688b187ee529361d91e5f633e67ce7407d9094b64eea0ab45e', '431a4e154c6f5ee29f4b6b5e2b1c4d3b3841da052b98dfc2b69f988bcbac46be', '2bdcc0267fe3b18ee4e79c341eea80fcdc4f50cfcf20d351eab44b1be78f2f6c']",1547777204343
158,8e8c66cc4b520228e2dee896ad31dff22619b1a9ed2b03108d8bae06269e2e64,"[-0.1401330530643463, -0.057188138365745544, 0.03241761028766632, -0.06092701107263565, -0.010930643416941166, -0.05932551622390747, -0.043766893446445465, -0.04878758266568184, 0.06619291752576828, -0.04716256260871887, 0.006822080817073584, -0.008981546387076378, -0.00678169634193182, 0.007155630737543106, 0.055965304374694824, 0.01555175706744194, -0.03214838728308678, -0.0023645563051104546, -0.047769945114851, -0.011958097107708454, -0.032173700630664825, -0.0021668514236807823, 0.010253209620714188, 0.030870292335748672, -0.007790273055434227, -0.0516141839325428, -0.01525038667023182, 0.006094490643590689, -0.030527453869581223, -0.01696094498038292, -0.00020723656052723527, -0.022166632115840912, -0.0279422327876091, 0.003465093206614256, 0.023052893579006195, -0.03646807745099068, 0.01635286957025528, -0.029762376099824905, 0.009632475674152374, -0.020755182951688766, 0.017215406522154808, 0.01934981532394886, 0.02633086033165455, 0.015779372304677963, 0.01750306598842144, -0.0019468343816697598, -0.0049582780338823795, -0.003027859143912792, -0.00880499929189682, 0.002014274476096034]","['fd38fd78f3d81132d7ecef4099960fc3a7ab1d76ecd87a6135ffaa834376ad5a', '2ac4d3c493e369e5a88addae22b9f2fb4a0733eed770a7ffd406f267c4ea66e0']","['1810d5f33d5aebc11810f58bb3511124814fd688b1d87ebb9c8cd2d56254d59c', '1eb5fdde72604dba6aa9d021f6e1bae6737353d41c5ee35674ad96c980981670', 'fd38fd78f3d81132d7ecef4099960fc3a7ab1d76ecd87a6135ffaa834376ad5a', 'dd87dfcd12e3643eacac4a5dac93e0319cb5399f8830c145bcf8ee2930806bd0', '2ac4d3c493e369e5a88addae22b9f2fb4a0733eed770a7ffd406f267c4ea66e0', '1aa166e6aafba04ee8a5a52722075404676a7c0c1828b71fe4d8412760b45ead', 'a148192a9bf8e8451ace0c2b28937076f9d2974001830d4dbbaac8968764b8a1', 'cd09373cece48bff5b8122ad5f5a65bedb03d7a6c0b405859af29aca6316d944', 'f498db52173d10de92d8e526447689bb1b7b7819ff789c9760a3daff1ca22506', 'dd5b84de72b0b3041e223f5ab4c6c88c5366e9964fce2eb324f41fc4d7c653f8', '8c442ebfd8644805a59306da681ec01ff904f2a4a1fe90deca2108d529a20e91', 'd6c4bdb1bc8460ce200e156731c22cc6883ce7cffaac2ad3b6fbd63195c4ab22']",1547777571538
159,8e8c66cc4b520228e2dee896ad31dff22619b1a9ed2b03108d8bae06269e2e64,"[-0.1401330530643463, -0.057188138365745544, 0.03241761028766632, -0.06092701107263565, -0.010930643416941166, -0.05932551622390747, -0.043766893446445465, -0.04878758266568184, 0.06619291752576828, -0.04716256260871887, 0.006822080817073584, -0.008981546387076378, -0.00678169634193182, 0.007155630737543106, 0.055965304374694824, 0.01555175706744194, -0.03214838728308678, -0.0023645563051104546, -0.047769945114851, -0.011958097107708454, -0.032173700630664825, -0.0021668514236807823, 0.010253209620714188, 0.030870292335748672, -0.007790273055434227, -0.0516141839325428, -0.01525038667023182, 0.006094490643590689, -0.030527453869581223, -0.01696094498038292, -0.00020723656052723527, -0.022166632115840912, -0.0279422327876091, 0.003465093206614256, 0.023052893579006195, -0.03646807745099068, 0.01635286957025528, -0.029762376099824905, 0.009632475674152374, -0.020755182951688766, 0.017215406522154808, 0.01934981532394886, 0.02633086033165455, 0.015779372304677963, 0.01750306598842144, -0.0019468343816697598, -0.0049582780338823795, -0.003027859143912792, -0.00880499929189682, 0.002014274476096034]","['fd38fd78f3d81132d7ecef4099960fc3a7ab1d76ecd87a6135ffaa834376ad5a', '2ac4d3c493e369e5a88addae22b9f2fb4a0733eed770a7ffd406f267c4ea66e0']","['1810d5f33d5aebc11810f58bb3511124814fd688b1d87ebb9c8cd2d56254d59c', '1eb5fdde72604dba6aa9d021f6e1bae6737353d41c5ee35674ad96c980981670', 'fd38fd78f3d81132d7ecef4099960fc3a7ab1d76ecd87a6135ffaa834376ad5a', 'dd87dfcd12e3643eacac4a5dac93e0319cb5399f8830c145bcf8ee2930806bd0', '2ac4d3c493e369e5a88addae22b9f2fb4a0733eed770a7ffd406f267c4ea66e0', '1aa166e6aafba04ee8a5a52722075404676a7c0c1828b71fe4d8412760b45ead', 'a148192a9bf8e8451ace0c2b28937076f9d2974001830d4dbbaac8968764b8a1', 'cd09373cece48bff5b8122ad5f5a65bedb03d7a6c0b405859af29aca6316d944', 'f498db52173d10de92d8e526447689bb1b7b7819ff789c9760a3daff1ca22506', 'dd5b84de72b0b3041e223f5ab4c6c88c5366e9964fce2eb324f41fc4d7c653f8', '8c442ebfd8644805a59306da681ec01ff904f2a4a1fe90deca2108d529a20e91', 'd6c4bdb1bc8460ce200e156731c22cc6883ce7cffaac2ad3b6fbd63195c4ab22']",1547777571538
160,8e8c66cc4b520228e2dee896ad31dff22619b1a9ed2b03108d8bae06269e2e64,"[-0.1401330530643463, -0.057188138365745544, 0.03241761028766632, -0.06092701107263565, -0.010930643416941166, -0.05932551622390747, -0.043766893446445465, -0.04878758266568184, 0.06619291752576828, -0.04716256260871887, 0.006822080817073584, -0.008981546387076378, -0.00678169634193182, 0.007155630737543106, 0.055965304374694824, 0.01555175706744194, -0.03214838728308678, -0.0023645563051104546, -0.047769945114851, -0.011958097107708454, -0.032173700630664825, -0.0021668514236807823, 0.010253209620714188, 0.030870292335748672, -0.007790273055434227, -0.0516141839325428, -0.01525038667023182, 0.006094490643590689, -0.030527453869581223, -0.01696094498038292, -0.00020723656052723527, -0.022166632115840912, -0.0279422327876091, 0.003465093206614256, 0.023052893579006195, -0.03646807745099068, 0.01635286957025528, -0.029762376099824905, 0.009632475674152374, -0.020755182951688766, 0.017215406522154808, 0.01934981532394886, 0.02633086033165455, 0.015779372304677963, 0.01750306598842144, -0.0019468343816697598, -0.0049582780338823795, -0.003027859143912792, -0.00880499929189682, 0.002014274476096034]","['fd38fd78f3d81132d7ecef4099960fc3a7ab1d76ecd87a6135ffaa834376ad5a', '2ac4d3c493e369e5a88addae22b9f2fb4a0733eed770a7ffd406f267c4ea66e0']","['1810d5f33d5aebc11810f58bb3511124814fd688b1d87ebb9c8cd2d56254d59c', '1eb5fdde72604dba6aa9d021f6e1bae6737353d41c5ee35674ad96c980981670', 'fd38fd78f3d81132d7ecef4099960fc3a7ab1d76ecd87a6135ffaa834376ad5a', 'dd87dfcd12e3643eacac4a5dac93e0319cb5399f8830c145bcf8ee2930806bd0', '2ac4d3c493e369e5a88addae22b9f2fb4a0733eed770a7ffd406f267c4ea66e0', '1aa166e6aafba04ee8a5a52722075404676a7c0c1828b71fe4d8412760b45ead', 'a148192a9bf8e8451ace0c2b28937076f9d2974001830d4dbbaac8968764b8a1', 'cd09373cece48bff5b8122ad5f5a65bedb03d7a6c0b405859af29aca6316d944', 'f498db52173d10de92d8e526447689bb1b7b7819ff789c9760a3daff1ca22506', 'dd5b84de72b0b3041e223f5ab4c6c88c5366e9964fce2eb324f41fc4d7c653f8', '8c442ebfd8644805a59306da681ec01ff904f2a4a1fe90deca2108d529a20e91', 'd6c4bdb1bc8460ce200e156731c22cc6883ce7cffaac2ad3b6fbd63195c4ab22']",1547777571538
161,8e8c66cc4b520228e2dee896ad31dff22619b1a9ed2b03108d8bae06269e2e64,"[-0.1401330530643463, -0.057188138365745544, 0.03241761028766632, -0.06092701107263565, -0.010930643416941166, -0.05932551622390747, -0.043766893446445465, -0.04878758266568184, 0.06619291752576828, -0.04716256260871887, 0.006822080817073584, -0.008981546387076378, -0.00678169634193182, 0.007155630737543106, 0.055965304374694824, 0.01555175706744194, -0.03214838728308678, -0.0023645563051104546, -0.047769945114851, -0.011958097107708454, -0.032173700630664825, -0.0021668514236807823, 0.010253209620714188, 0.030870292335748672, -0.007790273055434227, -0.0516141839325428, -0.01525038667023182, 0.006094490643590689, -0.030527453869581223, -0.01696094498038292, -0.00020723656052723527, -0.022166632115840912, -0.0279422327876091, 0.003465093206614256, 0.023052893579006195, -0.03646807745099068, 0.01635286957025528, -0.029762376099824905, 0.009632475674152374, -0.020755182951688766, 0.017215406522154808, 0.01934981532394886, 0.02633086033165455, 0.015779372304677963, 0.01750306598842144, -0.0019468343816697598, -0.0049582780338823795, -0.003027859143912792, -0.00880499929189682, 0.002014274476096034]","['fd38fd78f3d81132d7ecef4099960fc3a7ab1d76ecd87a6135ffaa834376ad5a', '2ac4d3c493e369e5a88addae22b9f2fb4a0733eed770a7ffd406f267c4ea66e0']","['1810d5f33d5aebc11810f58bb3511124814fd688b1d87ebb9c8cd2d56254d59c', '1eb5fdde72604dba6aa9d021f6e1bae6737353d41c5ee35674ad96c980981670', 'fd38fd78f3d81132d7ecef4099960fc3a7ab1d76ecd87a6135ffaa834376ad5a', 'dd87dfcd12e3643eacac4a5dac93e0319cb5399f8830c145bcf8ee2930806bd0', '2ac4d3c493e369e5a88addae22b9f2fb4a0733eed770a7ffd406f267c4ea66e0', '1aa166e6aafba04ee8a5a52722075404676a7c0c1828b71fe4d8412760b45ead', 'a148192a9bf8e8451ace0c2b28937076f9d2974001830d4dbbaac8968764b8a1', 'cd09373cece48bff5b8122ad5f5a65bedb03d7a6c0b405859af29aca6316d944', 'f498db52173d10de92d8e526447689bb1b7b7819ff789c9760a3daff1ca22506', 'dd5b84de72b0b3041e223f5ab4c6c88c5366e9964fce2eb324f41fc4d7c653f8', '8c442ebfd8644805a59306da681ec01ff904f2a4a1fe90deca2108d529a20e91', 'd6c4bdb1bc8460ce200e156731c22cc6883ce7cffaac2ad3b6fbd63195c4ab22']",1547777571538
162,8e8c66cc4b520228e2dee896ad31dff22619b1a9ed2b03108d8bae06269e2e64,"[-0.1401330530643463, -0.057188138365745544, 0.03241761028766632, -0.06092701107263565, -0.010930643416941166, -0.05932551622390747, -0.043766893446445465, -0.04878758266568184, 0.06619291752576828, -0.04716256260871887, 0.006822080817073584, -0.008981546387076378, -0.00678169634193182, 0.007155630737543106, 0.055965304374694824, 0.01555175706744194, -0.03214838728308678, -0.0023645563051104546, -0.047769945114851, -0.011958097107708454, -0.032173700630664825, -0.0021668514236807823, 0.010253209620714188, 0.030870292335748672, -0.007790273055434227, -0.0516141839325428, -0.01525038667023182, 0.006094490643590689, -0.030527453869581223, -0.01696094498038292, -0.00020723656052723527, -0.022166632115840912, -0.0279422327876091, 0.003465093206614256, 0.023052893579006195, -0.03646807745099068, 0.01635286957025528, -0.029762376099824905, 0.009632475674152374, -0.020755182951688766, 0.017215406522154808, 0.01934981532394886, 0.02633086033165455, 0.015779372304677963, 0.01750306598842144, -0.0019468343816697598, -0.0049582780338823795, -0.003027859143912792, -0.00880499929189682, 0.002014274476096034]","['fd38fd78f3d81132d7ecef4099960fc3a7ab1d76ecd87a6135ffaa834376ad5a', '2ac4d3c493e369e5a88addae22b9f2fb4a0733eed770a7ffd406f267c4ea66e0']","['1810d5f33d5aebc11810f58bb3511124814fd688b1d87ebb9c8cd2d56254d59c', '1eb5fdde72604dba6aa9d021f6e1bae6737353d41c5ee35674ad96c980981670', 'fd38fd78f3d81132d7ecef4099960fc3a7ab1d76ecd87a6135ffaa834376ad5a', 'dd87dfcd12e3643eacac4a5dac93e0319cb5399f8830c145bcf8ee2930806bd0', '2ac4d3c493e369e5a88addae22b9f2fb4a0733eed770a7ffd406f267c4ea66e0', '1aa166e6aafba04ee8a5a52722075404676a7c0c1828b71fe4d8412760b45ead', 'a148192a9bf8e8451ace0c2b28937076f9d2974001830d4dbbaac8968764b8a1', 'cd09373cece48bff5b8122ad5f5a65bedb03d7a6c0b405859af29aca6316d944', 'f498db52173d10de92d8e526447689bb1b7b7819ff789c9760a3daff1ca22506', 'dd5b84de72b0b3041e223f5ab4c6c88c5366e9964fce2eb324f41fc4d7c653f8', '8c442ebfd8644805a59306da681ec01ff904f2a4a1fe90deca2108d529a20e91', 'd6c4bdb1bc8460ce200e156731c22cc6883ce7cffaac2ad3b6fbd63195c4ab22']",1547777571538
163,8e8c66cc4b520228e2dee896ad31dff22619b1a9ed2b03108d8bae06269e2e64,"[-0.1401330530643463, -0.057188138365745544, 0.03241761028766632, -0.06092701107263565, -0.010930643416941166, -0.05932551622390747, -0.043766893446445465, -0.04878758266568184, 0.06619291752576828, -0.04716256260871887, 0.006822080817073584, -0.008981546387076378, -0.00678169634193182, 0.007155630737543106, 0.055965304374694824, 0.01555175706744194, -0.03214838728308678, -0.0023645563051104546, -0.047769945114851, -0.011958097107708454, -0.032173700630664825, -0.0021668514236807823, 0.010253209620714188, 0.030870292335748672, -0.007790273055434227, -0.0516141839325428, -0.01525038667023182, 0.006094490643590689, -0.030527453869581223, -0.01696094498038292, -0.00020723656052723527, -0.022166632115840912, -0.0279422327876091, 0.003465093206614256, 0.023052893579006195, -0.03646807745099068, 0.01635286957025528, -0.029762376099824905, 0.009632475674152374, -0.020755182951688766, 0.017215406522154808, 0.01934981532394886, 0.02633086033165455, 0.015779372304677963, 0.01750306598842144, -0.0019468343816697598, -0.0049582780338823795, -0.003027859143912792, -0.00880499929189682, 0.002014274476096034]","['fd38fd78f3d81132d7ecef4099960fc3a7ab1d76ecd87a6135ffaa834376ad5a', '2ac4d3c493e369e5a88addae22b9f2fb4a0733eed770a7ffd406f267c4ea66e0']","['1810d5f33d5aebc11810f58bb3511124814fd688b1d87ebb9c8cd2d56254d59c', '1eb5fdde72604dba6aa9d021f6e1bae6737353d41c5ee35674ad96c980981670', 'fd38fd78f3d81132d7ecef4099960fc3a7ab1d76ecd87a6135ffaa834376ad5a', 'dd87dfcd12e3643eacac4a5dac93e0319cb5399f8830c145bcf8ee2930806bd0', '2ac4d3c493e369e5a88addae22b9f2fb4a0733eed770a7ffd406f267c4ea66e0', '1aa166e6aafba04ee8a5a52722075404676a7c0c1828b71fe4d8412760b45ead', 'a148192a9bf8e8451ace0c2b28937076f9d2974001830d4dbbaac8968764b8a1', 'cd09373cece48bff5b8122ad5f5a65bedb03d7a6c0b405859af29aca6316d944', 'f498db52173d10de92d8e526447689bb1b7b7819ff789c9760a3daff1ca22506', 'dd5b84de72b0b3041e223f5ab4c6c88c5366e9964fce2eb324f41fc4d7c653f8', '8c442ebfd8644805a59306da681ec01ff904f2a4a1fe90deca2108d529a20e91', 'd6c4bdb1bc8460ce200e156731c22cc6883ce7cffaac2ad3b6fbd63195c4ab22']",1547777571538
164,8e8c66cc4b520228e2dee896ad31dff22619b1a9ed2b03108d8bae06269e2e64,"[-0.1401330530643463, -0.057188138365745544, 0.03241761028766632, -0.06092701107263565, -0.010930643416941166, -0.05932551622390747, -0.043766893446445465, -0.04878758266568184, 0.06619291752576828, -0.04716256260871887, 0.006822080817073584, -0.008981546387076378, -0.00678169634193182, 0.007155630737543106, 0.055965304374694824, 0.01555175706744194, -0.03214838728308678, -0.0023645563051104546, -0.047769945114851, -0.011958097107708454, -0.032173700630664825, -0.0021668514236807823, 0.010253209620714188, 0.030870292335748672, -0.007790273055434227, -0.0516141839325428, -0.01525038667023182, 0.006094490643590689, -0.030527453869581223, -0.01696094498038292, -0.00020723656052723527, -0.022166632115840912, -0.0279422327876091, 0.003465093206614256, 0.023052893579006195, -0.03646807745099068, 0.01635286957025528, -0.029762376099824905, 0.009632475674152374, -0.020755182951688766, 0.017215406522154808, 0.01934981532394886, 0.02633086033165455, 0.015779372304677963, 0.01750306598842144, -0.0019468343816697598, -0.0049582780338823795, -0.003027859143912792, -0.00880499929189682, 0.002014274476096034]","['fd38fd78f3d81132d7ecef4099960fc3a7ab1d76ecd87a6135ffaa834376ad5a', '2ac4d3c493e369e5a88addae22b9f2fb4a0733eed770a7ffd406f267c4ea66e0']","['1810d5f33d5aebc11810f58bb3511124814fd688b1d87ebb9c8cd2d56254d59c', '1eb5fdde72604dba6aa9d021f6e1bae6737353d41c5ee35674ad96c980981670', 'fd38fd78f3d81132d7ecef4099960fc3a7ab1d76ecd87a6135ffaa834376ad5a', 'dd87dfcd12e3643eacac4a5dac93e0319cb5399f8830c145bcf8ee2930806bd0', '2ac4d3c493e369e5a88addae22b9f2fb4a0733eed770a7ffd406f267c4ea66e0', '1aa166e6aafba04ee8a5a52722075404676a7c0c1828b71fe4d8412760b45ead', 'a148192a9bf8e8451ace0c2b28937076f9d2974001830d4dbbaac8968764b8a1', 'cd09373cece48bff5b8122ad5f5a65bedb03d7a6c0b405859af29aca6316d944', 'f498db52173d10de92d8e526447689bb1b7b7819ff789c9760a3daff1ca22506', 'dd5b84de72b0b3041e223f5ab4c6c88c5366e9964fce2eb324f41fc4d7c653f8', '8c442ebfd8644805a59306da681ec01ff904f2a4a1fe90deca2108d529a20e91', 'd6c4bdb1bc8460ce200e156731c22cc6883ce7cffaac2ad3b6fbd63195c4ab22']",1547777571538
165,8e8c66cc4b520228e2dee896ad31dff22619b1a9ed2b03108d8bae06269e2e64,"[-0.11868866533041, -0.07259058207273483, 0.2352849692106247, 0.02014254406094551, 0.10006825625896454, -0.06020396202802658, -0.04333147034049034, 0.015800954774022102, 0.07356701791286469, -0.06774788349866867, -0.22876223921775818, -0.02195601910352707, -0.10403518378734589, 0.16742520034313202, -0.1856134533882141, -0.03578098490834236, 0.014625749550759792, 0.0670824944972992, 0.03907483443617821, -0.039885081350803375, -0.024486947804689407, -0.015381217934191227, 0.007257159799337387, -0.06698538362979889, -0.043681804090738297, -0.028164010494947433, 0.0087045356631279, 0.028028219938278198, 0.025970645248889923, 0.04084286093711853, 0.002974958159029484, -0.022914940491318703, 0.023745564743876457, 0.06564869731664658, -0.037093475461006165, 0.00347146182321012, 0.005005664192140102, 0.04148830100893974, -0.03161849454045296, -0.011793330311775208, 0.0022723122965544462, -0.027011822909116745, -0.013816972263157368, -0.02918308414518833, -0.007158623542636633, 0.016890384256839752, -0.01772015169262886, 0.017899544909596443, 0.007468881085515022, -0.002118610078468919]",,"['dada6991251d556e803e3588906f0328735c27de53390780b51b20382c77c5f8', '6a30a0f91a41be83bf8884fdbcebad67e74774dbc0708e4640b3aa0fecf343a8', '27fcfdf4e753508dcab27157bea1ef9ca24e9f776a8a1f636c8f89964d086ffb', 'bd53fd9950a5a3b25758b2cd5d4be303a92ad09488d7b3cfedde0abd968fd69f', 'f822b7fb48b6e579eff16411c04bf4f59fe592c867904113bf167a67047eeab4', '3e10a66b177a912b0573de1e36335c3c851bcf209af47ef299dfa8b664e755ed', 'd6ea463a5b135a5f2ab5291c0b0377c805c05467cd7b662c84a045ecdefbccb5', '0ec8c49f89c5adaf6ccdd8a8c3809a64d558c601a9588df42667318f6208a952', '26768c96cf7250ab5c8ebddaccc61ff237c438632b691d22ad3ffd5fabf030a2', '8cc261c031d520b81c4c23149c5046e3c00910b58e45bb1569f2646cd956f617', '5b831b1501bad98bb84ae7857544043143cfc9cbfaddc5a6401fd3585367865c', 'de3434ca0364a8008155e82c7a9a87e93bdf8c459db482d8b3e3a8351e9fb395', '9ef92cd506915075b882df3857633bdf792c708d7559935f7e61cc5883938e10', '463a481d295bc21290ee2958a17959622f2345f88f104266c1cd9b8790b8cc80', 'fe53e5fd912286ef6f2931b1b5f6af925d6ba8612b52cf4612f735340f6bdd03', '7e9e9981d235d4a09b8b46708c0215576395d34c90ff4a4c28551b9f203cc6a1', 'b7eb97a4abb20e73fd97333956832e0d122e92cb811775e2a802f8dfb1d2f646', 'd30b70e1deecb9f3a2375560f8706927d3b7302afe1d0437f32485ee817ae047', '1ebb246d38156ec01b0d022a0dfbeb319197ff02a4f337025082ee18a6ba8d1d', '3d6e73ec70b1826b105fc7763da0c551925e91a10b188e124a2e7a24e4459efd', 'ad7d51f9c0aa2a8a3f26629b7a172cc6f81145bee28c1110de555b96e081f702', '6ec94a0e1b3fb55feed0b9377ebf8b6bcac10904dc1eaeee465b534027784bdd', 'c85fecd608790b17abcae243d95bd7548a4a7448681992ef1f4d05ed5da10806', '452434d52ec7cd6fa36866196cd072183c8e27803bb81d68110f5c850619131c', '7aff07f4597d5a0837c513625ff08ae665420d402fd5f6a990fb4aff84d22531']",1547777854391
166,8e8c66cc4b520228e2dee896ad31dff22619b1a9ed2b03108d8bae06269e2e64,"[-0.11868866533041, -0.07259058207273483, 0.2352849692106247, 0.02014254406094551, 0.10006825625896454, -0.06020396202802658, -0.04333147034049034, 0.015800954774022102, 0.07356701791286469, -0.06774788349866867, -0.22876223921775818, -0.02195601910352707, -0.10403518378734589, 0.16742520034313202, -0.1856134533882141, -0.03578098490834236, 0.014625749550759792, 0.0670824944972992, 0.03907483443617821, -0.039885081350803375, -0.024486947804689407, -0.015381217934191227, 0.007257159799337387, -0.06698538362979889, -0.043681804090738297, -0.028164010494947433, 0.0087045356631279, 0.028028219938278198, 0.025970645248889923, 0.04084286093711853, 0.002974958159029484, -0.022914940491318703, 0.023745564743876457, 0.06564869731664658, -0.037093475461006165, 0.00347146182321012, 0.005005664192140102, 0.04148830100893974, -0.03161849454045296, -0.011793330311775208, 0.0022723122965544462, -0.027011822909116745, -0.013816972263157368, -0.02918308414518833, -0.007158623542636633, 0.016890384256839752, -0.01772015169262886, 0.017899544909596443, 0.007468881085515022, -0.002118610078468919]",,"['dada6991251d556e803e3588906f0328735c27de53390780b51b20382c77c5f8', '6a30a0f91a41be83bf8884fdbcebad67e74774dbc0708e4640b3aa0fecf343a8', '27fcfdf4e753508dcab27157bea1ef9ca24e9f776a8a1f636c8f89964d086ffb', 'bd53fd9950a5a3b25758b2cd5d4be303a92ad09488d7b3cfedde0abd968fd69f', 'f822b7fb48b6e579eff16411c04bf4f59fe592c867904113bf167a67047eeab4', '3e10a66b177a912b0573de1e36335c3c851bcf209af47ef299dfa8b664e755ed', 'd6ea463a5b135a5f2ab5291c0b0377c805c05467cd7b662c84a045ecdefbccb5', '0ec8c49f89c5adaf6ccdd8a8c3809a64d558c601a9588df42667318f6208a952', '26768c96cf7250ab5c8ebddaccc61ff237c438632b691d22ad3ffd5fabf030a2', '8cc261c031d520b81c4c23149c5046e3c00910b58e45bb1569f2646cd956f617', '5b831b1501bad98bb84ae7857544043143cfc9cbfaddc5a6401fd3585367865c', 'de3434ca0364a8008155e82c7a9a87e93bdf8c459db482d8b3e3a8351e9fb395', '9ef92cd506915075b882df3857633bdf792c708d7559935f7e61cc5883938e10', '463a481d295bc21290ee2958a17959622f2345f88f104266c1cd9b8790b8cc80', 'fe53e5fd912286ef6f2931b1b5f6af925d6ba8612b52cf4612f735340f6bdd03', '7e9e9981d235d4a09b8b46708c0215576395d34c90ff4a4c28551b9f203cc6a1', 'b7eb97a4abb20e73fd97333956832e0d122e92cb811775e2a802f8dfb1d2f646', 'd30b70e1deecb9f3a2375560f8706927d3b7302afe1d0437f32485ee817ae047', '1ebb246d38156ec01b0d022a0dfbeb319197ff02a4f337025082ee18a6ba8d1d', '3d6e73ec70b1826b105fc7763da0c551925e91a10b188e124a2e7a24e4459efd', 'ad7d51f9c0aa2a8a3f26629b7a172cc6f81145bee28c1110de555b96e081f702', '6ec94a0e1b3fb55feed0b9377ebf8b6bcac10904dc1eaeee465b534027784bdd', 'c85fecd608790b17abcae243d95bd7548a4a7448681992ef1f4d05ed5da10806', '452434d52ec7cd6fa36866196cd072183c8e27803bb81d68110f5c850619131c', '7aff07f4597d5a0837c513625ff08ae665420d402fd5f6a990fb4aff84d22531']",1547777854391
167,8e8c66cc4b520228e2dee896ad31dff22619b1a9ed2b03108d8bae06269e2e64,"[-0.11868866533041, -0.07259058207273483, 0.2352849692106247, 0.02014254406094551, 0.10006825625896454, -0.06020396202802658, -0.04333147034049034, 0.015800954774022102, 0.07356701791286469, -0.06774788349866867, -0.22876223921775818, -0.02195601910352707, -0.10403518378734589, 0.16742520034313202, -0.1856134533882141, -0.03578098490834236, 0.014625749550759792, 0.0670824944972992, 0.03907483443617821, -0.039885081350803375, -0.024486947804689407, -0.015381217934191227, 0.007257159799337387, -0.06698538362979889, -0.043681804090738297, -0.028164010494947433, 0.0087045356631279, 0.028028219938278198, 0.025970645248889923, 0.04084286093711853, 0.002974958159029484, -0.022914940491318703, 0.023745564743876457, 0.06564869731664658, -0.037093475461006165, 0.00347146182321012, 0.005005664192140102, 0.04148830100893974, -0.03161849454045296, -0.011793330311775208, 0.0022723122965544462, -0.027011822909116745, -0.013816972263157368, -0.02918308414518833, -0.007158623542636633, 0.016890384256839752, -0.01772015169262886, 0.017899544909596443, 0.007468881085515022, -0.002118610078468919]",,"['dada6991251d556e803e3588906f0328735c27de53390780b51b20382c77c5f8', '6a30a0f91a41be83bf8884fdbcebad67e74774dbc0708e4640b3aa0fecf343a8', '27fcfdf4e753508dcab27157bea1ef9ca24e9f776a8a1f636c8f89964d086ffb', 'bd53fd9950a5a3b25758b2cd5d4be303a92ad09488d7b3cfedde0abd968fd69f', 'f822b7fb48b6e579eff16411c04bf4f59fe592c867904113bf167a67047eeab4', '3e10a66b177a912b0573de1e36335c3c851bcf209af47ef299dfa8b664e755ed', 'd6ea463a5b135a5f2ab5291c0b0377c805c05467cd7b662c84a045ecdefbccb5', '0ec8c49f89c5adaf6ccdd8a8c3809a64d558c601a9588df42667318f6208a952', '26768c96cf7250ab5c8ebddaccc61ff237c438632b691d22ad3ffd5fabf030a2', '8cc261c031d520b81c4c23149c5046e3c00910b58e45bb1569f2646cd956f617', '5b831b1501bad98bb84ae7857544043143cfc9cbfaddc5a6401fd3585367865c', 'de3434ca0364a8008155e82c7a9a87e93bdf8c459db482d8b3e3a8351e9fb395', '9ef92cd506915075b882df3857633bdf792c708d7559935f7e61cc5883938e10', '463a481d295bc21290ee2958a17959622f2345f88f104266c1cd9b8790b8cc80', 'fe53e5fd912286ef6f2931b1b5f6af925d6ba8612b52cf4612f735340f6bdd03', '7e9e9981d235d4a09b8b46708c0215576395d34c90ff4a4c28551b9f203cc6a1', 'b7eb97a4abb20e73fd97333956832e0d122e92cb811775e2a802f8dfb1d2f646', 'd30b70e1deecb9f3a2375560f8706927d3b7302afe1d0437f32485ee817ae047', '1ebb246d38156ec01b0d022a0dfbeb319197ff02a4f337025082ee18a6ba8d1d', '3d6e73ec70b1826b105fc7763da0c551925e91a10b188e124a2e7a24e4459efd', 'ad7d51f9c0aa2a8a3f26629b7a172cc6f81145bee28c1110de555b96e081f702', '6ec94a0e1b3fb55feed0b9377ebf8b6bcac10904dc1eaeee465b534027784bdd', 'c85fecd608790b17abcae243d95bd7548a4a7448681992ef1f4d05ed5da10806', '452434d52ec7cd6fa36866196cd072183c8e27803bb81d68110f5c850619131c', '7aff07f4597d5a0837c513625ff08ae665420d402fd5f6a990fb4aff84d22531']",1547777854391
168,8e8c66cc4b520228e2dee896ad31dff22619b1a9ed2b03108d8bae06269e2e64,"[-0.11868866533041, -0.07259058207273483, 0.2352849692106247, 0.02014254406094551, 0.10006825625896454, -0.06020396202802658, -0.04333147034049034, 0.015800954774022102, 0.07356701791286469, -0.06774788349866867, -0.22876223921775818, -0.02195601910352707, -0.10403518378734589, 0.16742520034313202, -0.1856134533882141, -0.03578098490834236, 0.014625749550759792, 0.0670824944972992, 0.03907483443617821, -0.039885081350803375, -0.024486947804689407, -0.015381217934191227, 0.007257159799337387, -0.06698538362979889, -0.043681804090738297, -0.028164010494947433, 0.0087045356631279, 0.028028219938278198, 0.025970645248889923, 0.04084286093711853, 0.002974958159029484, -0.022914940491318703, 0.023745564743876457, 0.06564869731664658, -0.037093475461006165, 0.00347146182321012, 0.005005664192140102, 0.04148830100893974, -0.03161849454045296, -0.011793330311775208, 0.0022723122965544462, -0.027011822909116745, -0.013816972263157368, -0.02918308414518833, -0.007158623542636633, 0.016890384256839752, -0.01772015169262886, 0.017899544909596443, 0.007468881085515022, -0.002118610078468919]",,"['dada6991251d556e803e3588906f0328735c27de53390780b51b20382c77c5f8', '6a30a0f91a41be83bf8884fdbcebad67e74774dbc0708e4640b3aa0fecf343a8', '27fcfdf4e753508dcab27157bea1ef9ca24e9f776a8a1f636c8f89964d086ffb', 'bd53fd9950a5a3b25758b2cd5d4be303a92ad09488d7b3cfedde0abd968fd69f', 'f822b7fb48b6e579eff16411c04bf4f59fe592c867904113bf167a67047eeab4', '3e10a66b177a912b0573de1e36335c3c851bcf209af47ef299dfa8b664e755ed', 'd6ea463a5b135a5f2ab5291c0b0377c805c05467cd7b662c84a045ecdefbccb5', '0ec8c49f89c5adaf6ccdd8a8c3809a64d558c601a9588df42667318f6208a952', '26768c96cf7250ab5c8ebddaccc61ff237c438632b691d22ad3ffd5fabf030a2', '8cc261c031d520b81c4c23149c5046e3c00910b58e45bb1569f2646cd956f617', '5b831b1501bad98bb84ae7857544043143cfc9cbfaddc5a6401fd3585367865c', 'de3434ca0364a8008155e82c7a9a87e93bdf8c459db482d8b3e3a8351e9fb395', '9ef92cd506915075b882df3857633bdf792c708d7559935f7e61cc5883938e10', '463a481d295bc21290ee2958a17959622f2345f88f104266c1cd9b8790b8cc80', 'fe53e5fd912286ef6f2931b1b5f6af925d6ba8612b52cf4612f735340f6bdd03', '7e9e9981d235d4a09b8b46708c0215576395d34c90ff4a4c28551b9f203cc6a1', 'b7eb97a4abb20e73fd97333956832e0d122e92cb811775e2a802f8dfb1d2f646', 'd30b70e1deecb9f3a2375560f8706927d3b7302afe1d0437f32485ee817ae047', '1ebb246d38156ec01b0d022a0dfbeb319197ff02a4f337025082ee18a6ba8d1d', '3d6e73ec70b1826b105fc7763da0c551925e91a10b188e124a2e7a24e4459efd', 'ad7d51f9c0aa2a8a3f26629b7a172cc6f81145bee28c1110de555b96e081f702', '6ec94a0e1b3fb55feed0b9377ebf8b6bcac10904dc1eaeee465b534027784bdd', 'c85fecd608790b17abcae243d95bd7548a4a7448681992ef1f4d05ed5da10806', '452434d52ec7cd6fa36866196cd072183c8e27803bb81d68110f5c850619131c', '7aff07f4597d5a0837c513625ff08ae665420d402fd5f6a990fb4aff84d22531']",1547777854391
169,8e8c66cc4b520228e2dee896ad31dff22619b1a9ed2b03108d8bae06269e2e64,"[-0.11868866533041, -0.07259058207273483, 0.2352849692106247, 0.02014254406094551, 0.10006825625896454, -0.06020396202802658, -0.04333147034049034, 0.015800954774022102, 0.07356701791286469, -0.06774788349866867, -0.22876223921775818, -0.02195601910352707, -0.10403518378734589, 0.16742520034313202, -0.1856134533882141, -0.03578098490834236, 0.014625749550759792, 0.0670824944972992, 0.03907483443617821, -0.039885081350803375, -0.024486947804689407, -0.015381217934191227, 0.007257159799337387, -0.06698538362979889, -0.043681804090738297, -0.028164010494947433, 0.0087045356631279, 0.028028219938278198, 0.025970645248889923, 0.04084286093711853, 0.002974958159029484, -0.022914940491318703, 0.023745564743876457, 0.06564869731664658, -0.037093475461006165, 0.00347146182321012, 0.005005664192140102, 0.04148830100893974, -0.03161849454045296, -0.011793330311775208, 0.0022723122965544462, -0.027011822909116745, -0.013816972263157368, -0.02918308414518833, -0.007158623542636633, 0.016890384256839752, -0.01772015169262886, 0.017899544909596443, 0.007468881085515022, -0.002118610078468919]",,"['dada6991251d556e803e3588906f0328735c27de53390780b51b20382c77c5f8', '6a30a0f91a41be83bf8884fdbcebad67e74774dbc0708e4640b3aa0fecf343a8', '27fcfdf4e753508dcab27157bea1ef9ca24e9f776a8a1f636c8f89964d086ffb', 'bd53fd9950a5a3b25758b2cd5d4be303a92ad09488d7b3cfedde0abd968fd69f', 'f822b7fb48b6e579eff16411c04bf4f59fe592c867904113bf167a67047eeab4', '3e10a66b177a912b0573de1e36335c3c851bcf209af47ef299dfa8b664e755ed', 'd6ea463a5b135a5f2ab5291c0b0377c805c05467cd7b662c84a045ecdefbccb5', '0ec8c49f89c5adaf6ccdd8a8c3809a64d558c601a9588df42667318f6208a952', '26768c96cf7250ab5c8ebddaccc61ff237c438632b691d22ad3ffd5fabf030a2', '8cc261c031d520b81c4c23149c5046e3c00910b58e45bb1569f2646cd956f617', '5b831b1501bad98bb84ae7857544043143cfc9cbfaddc5a6401fd3585367865c', 'de3434ca0364a8008155e82c7a9a87e93bdf8c459db482d8b3e3a8351e9fb395', '9ef92cd506915075b882df3857633bdf792c708d7559935f7e61cc5883938e10', '463a481d295bc21290ee2958a17959622f2345f88f104266c1cd9b8790b8cc80', 'fe53e5fd912286ef6f2931b1b5f6af925d6ba8612b52cf4612f735340f6bdd03', '7e9e9981d235d4a09b8b46708c0215576395d34c90ff4a4c28551b9f203cc6a1', 'b7eb97a4abb20e73fd97333956832e0d122e92cb811775e2a802f8dfb1d2f646', 'd30b70e1deecb9f3a2375560f8706927d3b7302afe1d0437f32485ee817ae047', '1ebb246d38156ec01b0d022a0dfbeb319197ff02a4f337025082ee18a6ba8d1d', '3d6e73ec70b1826b105fc7763da0c551925e91a10b188e124a2e7a24e4459efd', 'ad7d51f9c0aa2a8a3f26629b7a172cc6f81145bee28c1110de555b96e081f702', '6ec94a0e1b3fb55feed0b9377ebf8b6bcac10904dc1eaeee465b534027784bdd', 'c85fecd608790b17abcae243d95bd7548a4a7448681992ef1f4d05ed5da10806', '452434d52ec7cd6fa36866196cd072183c8e27803bb81d68110f5c850619131c', '7aff07f4597d5a0837c513625ff08ae665420d402fd5f6a990fb4aff84d22531']",1547777854391
170,8e8c66cc4b520228e2dee896ad31dff22619b1a9ed2b03108d8bae06269e2e64,"[-0.11868866533041, -0.07259058207273483, 0.2352849692106247, 0.02014254406094551, 0.10006825625896454, -0.06020396202802658, -0.04333147034049034, 0.015800954774022102, 0.07356701791286469, -0.06774788349866867, -0.22876223921775818, -0.02195601910352707, -0.10403518378734589, 0.16742520034313202, -0.1856134533882141, -0.03578098490834236, 0.014625749550759792, 0.0670824944972992, 0.03907483443617821, -0.039885081350803375, -0.024486947804689407, -0.015381217934191227, 0.007257159799337387, -0.06698538362979889, -0.043681804090738297, -0.028164010494947433, 0.0087045356631279, 0.028028219938278198, 0.025970645248889923, 0.04084286093711853, 0.002974958159029484, -0.022914940491318703, 0.023745564743876457, 0.06564869731664658, -0.037093475461006165, 0.00347146182321012, 0.005005664192140102, 0.04148830100893974, -0.03161849454045296, -0.011793330311775208, 0.0022723122965544462, -0.027011822909116745, -0.013816972263157368, -0.02918308414518833, -0.007158623542636633, 0.016890384256839752, -0.01772015169262886, 0.017899544909596443, 0.007468881085515022, -0.002118610078468919]",,"['dada6991251d556e803e3588906f0328735c27de53390780b51b20382c77c5f8', '6a30a0f91a41be83bf8884fdbcebad67e74774dbc0708e4640b3aa0fecf343a8', '27fcfdf4e753508dcab27157bea1ef9ca24e9f776a8a1f636c8f89964d086ffb', 'bd53fd9950a5a3b25758b2cd5d4be303a92ad09488d7b3cfedde0abd968fd69f', 'f822b7fb48b6e579eff16411c04bf4f59fe592c867904113bf167a67047eeab4', '3e10a66b177a912b0573de1e36335c3c851bcf209af47ef299dfa8b664e755ed', 'd6ea463a5b135a5f2ab5291c0b0377c805c05467cd7b662c84a045ecdefbccb5', '0ec8c49f89c5adaf6ccdd8a8c3809a64d558c601a9588df42667318f6208a952', '26768c96cf7250ab5c8ebddaccc61ff237c438632b691d22ad3ffd5fabf030a2', '8cc261c031d520b81c4c23149c5046e3c00910b58e45bb1569f2646cd956f617', '5b831b1501bad98bb84ae7857544043143cfc9cbfaddc5a6401fd3585367865c', 'de3434ca0364a8008155e82c7a9a87e93bdf8c459db482d8b3e3a8351e9fb395', '9ef92cd506915075b882df3857633bdf792c708d7559935f7e61cc5883938e10', '463a481d295bc21290ee2958a17959622f2345f88f104266c1cd9b8790b8cc80', 'fe53e5fd912286ef6f2931b1b5f6af925d6ba8612b52cf4612f735340f6bdd03', '7e9e9981d235d4a09b8b46708c0215576395d34c90ff4a4c28551b9f203cc6a1', 'b7eb97a4abb20e73fd97333956832e0d122e92cb811775e2a802f8dfb1d2f646', 'd30b70e1deecb9f3a2375560f8706927d3b7302afe1d0437f32485ee817ae047', '1ebb246d38156ec01b0d022a0dfbeb319197ff02a4f337025082ee18a6ba8d1d', '3d6e73ec70b1826b105fc7763da0c551925e91a10b188e124a2e7a24e4459efd', 'ad7d51f9c0aa2a8a3f26629b7a172cc6f81145bee28c1110de555b96e081f702', '6ec94a0e1b3fb55feed0b9377ebf8b6bcac10904dc1eaeee465b534027784bdd', 'c85fecd608790b17abcae243d95bd7548a4a7448681992ef1f4d05ed5da10806', '452434d52ec7cd6fa36866196cd072183c8e27803bb81d68110f5c850619131c', '7aff07f4597d5a0837c513625ff08ae665420d402fd5f6a990fb4aff84d22531']",1547777854391
171,8e8c66cc4b520228e2dee896ad31dff22619b1a9ed2b03108d8bae06269e2e64,"[-0.11868866533041, -0.07259058207273483, 0.2352849692106247, 0.02014254406094551, 0.10006825625896454, -0.06020396202802658, -0.04333147034049034, 0.015800954774022102, 0.07356701791286469, -0.06774788349866867, -0.22876223921775818, -0.02195601910352707, -0.10403518378734589, 0.16742520034313202, -0.1856134533882141, -0.03578098490834236, 0.014625749550759792, 0.0670824944972992, 0.03907483443617821, -0.039885081350803375, -0.024486947804689407, -0.015381217934191227, 0.007257159799337387, -0.06698538362979889, -0.043681804090738297, -0.028164010494947433, 0.0087045356631279, 0.028028219938278198, 0.025970645248889923, 0.04084286093711853, 0.002974958159029484, -0.022914940491318703, 0.023745564743876457, 0.06564869731664658, -0.037093475461006165, 0.00347146182321012, 0.005005664192140102, 0.04148830100893974, -0.03161849454045296, -0.011793330311775208, 0.0022723122965544462, -0.027011822909116745, -0.013816972263157368, -0.02918308414518833, -0.007158623542636633, 0.016890384256839752, -0.01772015169262886, 0.017899544909596443, 0.007468881085515022, -0.002118610078468919]",,"['dada6991251d556e803e3588906f0328735c27de53390780b51b20382c77c5f8', '6a30a0f91a41be83bf8884fdbcebad67e74774dbc0708e4640b3aa0fecf343a8', '27fcfdf4e753508dcab27157bea1ef9ca24e9f776a8a1f636c8f89964d086ffb', 'bd53fd9950a5a3b25758b2cd5d4be303a92ad09488d7b3cfedde0abd968fd69f', 'f822b7fb48b6e579eff16411c04bf4f59fe592c867904113bf167a67047eeab4', '3e10a66b177a912b0573de1e36335c3c851bcf209af47ef299dfa8b664e755ed', 'd6ea463a5b135a5f2ab5291c0b0377c805c05467cd7b662c84a045ecdefbccb5', '0ec8c49f89c5adaf6ccdd8a8c3809a64d558c601a9588df42667318f6208a952', '26768c96cf7250ab5c8ebddaccc61ff237c438632b691d22ad3ffd5fabf030a2', '8cc261c031d520b81c4c23149c5046e3c00910b58e45bb1569f2646cd956f617', '5b831b1501bad98bb84ae7857544043143cfc9cbfaddc5a6401fd3585367865c', 'de3434ca0364a8008155e82c7a9a87e93bdf8c459db482d8b3e3a8351e9fb395', '9ef92cd506915075b882df3857633bdf792c708d7559935f7e61cc5883938e10', '463a481d295bc21290ee2958a17959622f2345f88f104266c1cd9b8790b8cc80', 'fe53e5fd912286ef6f2931b1b5f6af925d6ba8612b52cf4612f735340f6bdd03', '7e9e9981d235d4a09b8b46708c0215576395d34c90ff4a4c28551b9f203cc6a1', 'b7eb97a4abb20e73fd97333956832e0d122e92cb811775e2a802f8dfb1d2f646', 'd30b70e1deecb9f3a2375560f8706927d3b7302afe1d0437f32485ee817ae047', '1ebb246d38156ec01b0d022a0dfbeb319197ff02a4f337025082ee18a6ba8d1d', '3d6e73ec70b1826b105fc7763da0c551925e91a10b188e124a2e7a24e4459efd', 'ad7d51f9c0aa2a8a3f26629b7a172cc6f81145bee28c1110de555b96e081f702', '6ec94a0e1b3fb55feed0b9377ebf8b6bcac10904dc1eaeee465b534027784bdd', 'c85fecd608790b17abcae243d95bd7548a4a7448681992ef1f4d05ed5da10806', '452434d52ec7cd6fa36866196cd072183c8e27803bb81d68110f5c850619131c', '7aff07f4597d5a0837c513625ff08ae665420d402fd5f6a990fb4aff84d22531']",1547777854391
172,8e8c66cc4b520228e2dee896ad31dff22619b1a9ed2b03108d8bae06269e2e64,"[-0.23455744981765747, 0.13004130125045776, 0.07141011953353882, -0.15097762644290924, -0.020401183515787125, -0.05499228090047836, -0.16822873055934906, -0.005964299663901329, 0.09436360001564026, -0.07834956794977188, -0.07888337224721909, 0.04701794311404228, -0.03658008575439453, 0.12188144028186798, -0.1325918734073639, -0.025485234335064888, 0.020834602415561676, 0.08629974722862244, 0.01783083751797676, -0.0591803602874279, -0.022555602714419365, -0.05630086362361908, -0.01653556525707245, -0.08712448179721832, -0.03481191769242287, -0.0423838347196579, 0.011828161776065826, 0.025825610384345055, 0.008720014244318008, 0.03621358796954155, 0.016504056751728058, -0.0486249178647995, 0.010052960366010666, 0.011197810061275959, -0.017856715247035027, 0.03941328823566437, 0.009390887804329395, -0.019219154492020607, -0.0061226352117955685, -0.04710530489683151, -0.010438730008900166, -0.002237982116639614, 0.014031953178346157, 0.009790734387934208, 0.025110235437750816, 0.025481995195150375, 0.05001451075077057, 0.0010762568563222885, 0.01596255600452423, 2.9052607715129852e-05]",['54cde42dafb4767eed1cc39db414049e039dafe5e60f4a3388d9a1b17bbe5950'],"['54cde42dafb4767eed1cc39db414049e039dafe5e60f4a3388d9a1b17bbe5950', '772c6d90914838881c00689c47c797504b6e7868791e42b6f3fef66efa374687']",1547778091725
173,8e8c66cc4b520228e2dee896ad31dff22619b1a9ed2b03108d8bae06269e2e64,"[-0.23455744981765747, 0.13004130125045776, 0.07141011953353882, -0.15097762644290924, -0.020401183515787125, -0.05499228090047836, -0.16822873055934906, -0.005964299663901329, 0.09436360001564026, -0.07834956794977188, -0.07888337224721909, 0.04701794311404228, -0.03658008575439453, 0.12188144028186798, -0.1325918734073639, -0.025485234335064888, 0.020834602415561676, 0.08629974722862244, 0.01783083751797676, -0.0591803602874279, -0.022555602714419365, -0.05630086362361908, -0.01653556525707245, -0.08712448179721832, -0.03481191769242287, -0.0423838347196579, 0.011828161776065826, 0.025825610384345055, 0.008720014244318008, 0.03621358796954155, 0.016504056751728058, -0.0486249178647995, 0.010052960366010666, 0.011197810061275959, -0.017856715247035027, 0.03941328823566437, 0.009390887804329395, -0.019219154492020607, -0.0061226352117955685, -0.04710530489683151, -0.010438730008900166, -0.002237982116639614, 0.014031953178346157, 0.009790734387934208, 0.025110235437750816, 0.025481995195150375, 0.05001451075077057, 0.0010762568563222885, 0.01596255600452423, 2.9052607715129852e-05]",['54cde42dafb4767eed1cc39db414049e039dafe5e60f4a3388d9a1b17bbe5950'],"['54cde42dafb4767eed1cc39db414049e039dafe5e60f4a3388d9a1b17bbe5950', '772c6d90914838881c00689c47c797504b6e7868791e42b6f3fef66efa374687']",1547778091725
174,8e8c66cc4b520228e2dee896ad31dff22619b1a9ed2b03108d8bae06269e2e64,"[-0.23455744981765747, 0.13004130125045776, 0.07141011953353882, -0.15097762644290924, -0.020401183515787125, -0.05499228090047836, -0.16822873055934906, -0.005964299663901329, 0.09436360001564026, -0.07834956794977188, -0.07888337224721909, 0.04701794311404228, -0.03658008575439453, 0.12188144028186798, -0.1325918734073639, -0.025485234335064888, 0.020834602415561676, 0.08629974722862244, 0.01783083751797676, -0.0591803602874279, -0.022555602714419365, -0.05630086362361908, -0.01653556525707245, -0.08712448179721832, -0.03481191769242287, -0.0423838347196579, 0.011828161776065826, 0.025825610384345055, 0.008720014244318008, 0.03621358796954155, 0.016504056751728058, -0.0486249178647995, 0.010052960366010666, 0.011197810061275959, -0.017856715247035027, 0.03941328823566437, 0.009390887804329395, -0.019219154492020607, -0.0061226352117955685, -0.04710530489683151, -0.010438730008900166, -0.002237982116639614, 0.014031953178346157, 0.009790734387934208, 0.025110235437750816, 0.025481995195150375, 0.05001451075077057, 0.0010762568563222885, 0.01596255600452423, 2.9052607715129852e-05]",['54cde42dafb4767eed1cc39db414049e039dafe5e60f4a3388d9a1b17bbe5950'],"['54cde42dafb4767eed1cc39db414049e039dafe5e60f4a3388d9a1b17bbe5950', '772c6d90914838881c00689c47c797504b6e7868791e42b6f3fef66efa374687']",1547778091725
175,8e8c66cc4b520228e2dee896ad31dff22619b1a9ed2b03108d8bae06269e2e64,"[-0.23455744981765747, 0.13004130125045776, 0.07141011953353882, -0.15097762644290924, -0.020401183515787125, -0.05499228090047836, -0.16822873055934906, -0.005964299663901329, 0.09436360001564026, -0.07834956794977188, -0.07888337224721909, 0.04701794311404228, -0.03658008575439453, 0.12188144028186798, -0.1325918734073639, -0.025485234335064888, 0.020834602415561676, 0.08629974722862244, 0.01783083751797676, -0.0591803602874279, -0.022555602714419365, -0.05630086362361908, -0.01653556525707245, -0.08712448179721832, -0.03481191769242287, -0.0423838347196579, 0.011828161776065826, 0.025825610384345055, 0.008720014244318008, 0.03621358796954155, 0.016504056751728058, -0.0486249178647995, 0.010052960366010666, 0.011197810061275959, -0.017856715247035027, 0.03941328823566437, 0.009390887804329395, -0.019219154492020607, -0.0061226352117955685, -0.04710530489683151, -0.010438730008900166, -0.002237982116639614, 0.014031953178346157, 0.009790734387934208, 0.025110235437750816, 0.025481995195150375, 0.05001451075077057, 0.0010762568563222885, 0.01596255600452423, 2.9052607715129852e-05]",['54cde42dafb4767eed1cc39db414049e039dafe5e60f4a3388d9a1b17bbe5950'],"['54cde42dafb4767eed1cc39db414049e039dafe5e60f4a3388d9a1b17bbe5950', '772c6d90914838881c00689c47c797504b6e7868791e42b6f3fef66efa374687']",1547778091725
176,8e8c66cc4b520228e2dee896ad31dff22619b1a9ed2b03108d8bae06269e2e64,"[-0.23455744981765747, 0.13004130125045776, 0.07141011953353882, -0.15097762644290924, -0.020401183515787125, -0.05499228090047836, -0.16822873055934906, -0.005964299663901329, 0.09436360001564026, -0.07834956794977188, -0.07888337224721909, 0.04701794311404228, -0.03658008575439453, 0.12188144028186798, -0.1325918734073639, -0.025485234335064888, 0.020834602415561676, 0.08629974722862244, 0.01783083751797676, -0.0591803602874279, -0.022555602714419365, -0.05630086362361908, -0.01653556525707245, -0.08712448179721832, -0.03481191769242287, -0.0423838347196579, 0.011828161776065826, 0.025825610384345055, 0.008720014244318008, 0.03621358796954155, 0.016504056751728058, -0.0486249178647995, 0.010052960366010666, 0.011197810061275959, -0.017856715247035027, 0.03941328823566437, 0.009390887804329395, -0.019219154492020607, -0.0061226352117955685, -0.04710530489683151, -0.010438730008900166, -0.002237982116639614, 0.014031953178346157, 0.009790734387934208, 0.025110235437750816, 0.025481995195150375, 0.05001451075077057, 0.0010762568563222885, 0.01596255600452423, 2.9052607715129852e-05]",['54cde42dafb4767eed1cc39db414049e039dafe5e60f4a3388d9a1b17bbe5950'],"['54cde42dafb4767eed1cc39db414049e039dafe5e60f4a3388d9a1b17bbe5950', '772c6d90914838881c00689c47c797504b6e7868791e42b6f3fef66efa374687']",1547778091725
177,8e8c66cc4b520228e2dee896ad31dff22619b1a9ed2b03108d8bae06269e2e64,"[-0.23455744981765747, 0.13004130125045776, 0.07141011953353882, -0.15097762644290924, -0.020401183515787125, -0.05499228090047836, -0.16822873055934906, -0.005964299663901329, 0.09436360001564026, -0.07834956794977188, -0.07888337224721909, 0.04701794311404228, -0.03658008575439453, 0.12188144028186798, -0.1325918734073639, -0.025485234335064888, 0.020834602415561676, 0.08629974722862244, 0.01783083751797676, -0.0591803602874279, -0.022555602714419365, -0.05630086362361908, -0.01653556525707245, -0.08712448179721832, -0.03481191769242287, -0.0423838347196579, 0.011828161776065826, 0.025825610384345055, 0.008720014244318008, 0.03621358796954155, 0.016504056751728058, -0.0486249178647995, 0.010052960366010666, 0.011197810061275959, -0.017856715247035027, 0.03941328823566437, 0.009390887804329395, -0.019219154492020607, -0.0061226352117955685, -0.04710530489683151, -0.010438730008900166, -0.002237982116639614, 0.014031953178346157, 0.009790734387934208, 0.025110235437750816, 0.025481995195150375, 0.05001451075077057, 0.0010762568563222885, 0.01596255600452423, 2.9052607715129852e-05]",['54cde42dafb4767eed1cc39db414049e039dafe5e60f4a3388d9a1b17bbe5950'],"['54cde42dafb4767eed1cc39db414049e039dafe5e60f4a3388d9a1b17bbe5950', '772c6d90914838881c00689c47c797504b6e7868791e42b6f3fef66efa374687']",1547778091725
178,8e8c66cc4b520228e2dee896ad31dff22619b1a9ed2b03108d8bae06269e2e64,"[-0.23455744981765747, 0.13004130125045776, 0.07141011953353882, -0.15097762644290924, -0.020401183515787125, -0.05499228090047836, -0.16822873055934906, -0.005964299663901329, 0.09436360001564026, -0.07834956794977188, -0.07888337224721909, 0.04701794311404228, -0.03658008575439453, 0.12188144028186798, -0.1325918734073639, -0.025485234335064888, 0.020834602415561676, 0.08629974722862244, 0.01783083751797676, -0.0591803602874279, -0.022555602714419365, -0.05630086362361908, -0.01653556525707245, -0.08712448179721832, -0.03481191769242287, -0.0423838347196579, 0.011828161776065826, 0.025825610384345055, 0.008720014244318008, 0.03621358796954155, 0.016504056751728058, -0.0486249178647995, 0.010052960366010666, 0.011197810061275959, -0.017856715247035027, 0.03941328823566437, 0.009390887804329395, -0.019219154492020607, -0.0061226352117955685, -0.04710530489683151, -0.010438730008900166, -0.002237982116639614, 0.014031953178346157, 0.009790734387934208, 0.025110235437750816, 0.025481995195150375, 0.05001451075077057, 0.0010762568563222885, 0.01596255600452423, 2.9052607715129852e-05]",['54cde42dafb4767eed1cc39db414049e039dafe5e60f4a3388d9a1b17bbe5950'],"['54cde42dafb4767eed1cc39db414049e039dafe5e60f4a3388d9a1b17bbe5950', '772c6d90914838881c00689c47c797504b6e7868791e42b6f3fef66efa374687']",1547778091725
179,8e8c66cc4b520228e2dee896ad31dff22619b1a9ed2b03108d8bae06269e2e64,"[-0.17779558897018433, 0.008649269118905067, 0.1635686159133911, -0.06963539868593216, 0.033014826476573944, -0.0825267881155014, -0.0603148490190506, -0.0016401163302361965, 0.040543608367443085, -0.02191205322742462, -0.21852657198905945, -0.0010408335365355015, -0.06859564781188965, 0.1571345031261444, -0.17920395731925964, 0.016346363350749016, 0.03413409739732742, 0.04128267616033554, 0.04455764591693878, -0.010956346988677979, -0.005539029836654663, -0.025243181735277176, -0.021335965022444725, -0.05629630386829376, -0.021985922008752823, -0.015283510088920593, 0.02469918318092823, 0.004904028028249741, 0.017830539494752884, 0.037717562168836594, 0.023023182526230812, -0.03262843191623688, 0.04217240586876869, 0.04019806906580925, -0.06394913047552109, -0.010055959224700928, 0.0056677768006920815, 0.04474470019340515, -0.004401251673698425, -0.013233333826065063, -0.007900579832494259, -0.021854938939213753, -0.023347526788711548, -0.011296958662569523, 0.0176899004727602, 0.0022088687401264906, -0.01479346677660942, 0.011264440603554249, 0.019820071756839752, 0.02815346047282219]",,"['fd166e5bfcc01e9570ed2549984d1327ff5b9f401b099f4983f86761595c81ee', '56d7cb878fdc749b0491ae455207132c82de3a106f3e402522ddf1f7ee0aad6b', '0461884748398a0cdd0e8bd03f17925b401553a63cafa66f1d26300b703f216e', '7cad57f92eff7fadbad8a380b6903cc71f8c57cc039ce5fd4490a1c51d8d0bb8', 'd0f56e56d4298e020d548526657f44cdfaffe0f86e333255bf2f28fd1138a05a', '085c3fb6828e574a0fe7875bb44fe83ee7f3ffaa898085147bd1137b0822c83b', '8857842631b826718bcd4ad5bbd521f9b6085570078cdc9ff53e4facfc38a811', 'fc30a4a8bbb6767c391b004fa0e1d99df4432598955f04d07fe480eb3211876c', '7aff07f4597d5a0837c513625ff08ae665420d402fd5f6a990fb4aff84d22531', 'aaa4b0e8e814066c6030414894f51381669fc097a72815142edfc354fb017b0a', '3e10a66b177a912b0573de1e36335c3c851bcf209af47ef299dfa8b664e755ed', '69ee9c4bda0341e5ae7d48d61b3118d82ec9790293af35239e65544c05bbd747', '631eb6395d0ec0ad63b601fb10f377017f6754a8b869bf80a90d08f8024e2b5e', '57d119d182197bfdcc828c14389a4c2859c2ef2b34b89513c6d83fa9df39ab79', '7f456dda401100a3596693c8feaa3d884473e58bfe935ac481293b69665a86a5', '7e7ac25853617639e7425a265bfa0eadec348c420b83806cab7b40e5363f7cc3', '8dd75a6f008912f2cef172936ac665100595fb097063601ee4477fa07a3cb397', 'd716f7822d5a017d56c0c2dff059df9543df80c7ea18aed5f1ed2fec75ad5ffa', 'd6a63b3151488627c571daa2126e6829c1e667b84f1b4b7b36d36b1a595d5232', '0aa6ef28bf67f7c570c11ef5e1e03bc195f24dcb3061ba116abc234671cf2e59', '6644ebfdaa6b1f42a8d4ad2272ea8f195bf3bdff806a460497cab97a301e04b6', '0ec8c49f89c5adaf6ccdd8a8c3809a64d558c601a9588df42667318f6208a952', '8cc261c031d520b81c4c23149c5046e3c00910b58e45bb1569f2646cd956f617', '1ebb246d38156ec01b0d022a0dfbeb319197ff02a4f337025082ee18a6ba8d1d', '3d6e73ec70b1826b105fc7763da0c551925e91a10b188e124a2e7a24e4459efd']",1547778200527
180,8e8c66cc4b520228e2dee896ad31dff22619b1a9ed2b03108d8bae06269e2e64,"[-0.17779558897018433, 0.008649269118905067, 0.1635686159133911, -0.06963539868593216, 0.033014826476573944, -0.0825267881155014, -0.0603148490190506, -0.0016401163302361965, 0.040543608367443085, -0.02191205322742462, -0.21852657198905945, -0.0010408335365355015, -0.06859564781188965, 0.1571345031261444, -0.17920395731925964, 0.016346363350749016, 0.03413409739732742, 0.04128267616033554, 0.04455764591693878, -0.010956346988677979, -0.005539029836654663, -0.025243181735277176, -0.021335965022444725, -0.05629630386829376, -0.021985922008752823, -0.015283510088920593, 0.02469918318092823, 0.004904028028249741, 0.017830539494752884, 0.037717562168836594, 0.023023182526230812, -0.03262843191623688, 0.04217240586876869, 0.04019806906580925, -0.06394913047552109, -0.010055959224700928, 0.0056677768006920815, 0.04474470019340515, -0.004401251673698425, -0.013233333826065063, -0.007900579832494259, -0.021854938939213753, -0.023347526788711548, -0.011296958662569523, 0.0176899004727602, 0.0022088687401264906, -0.01479346677660942, 0.011264440603554249, 0.019820071756839752, 0.02815346047282219]",,"['fd166e5bfcc01e9570ed2549984d1327ff5b9f401b099f4983f86761595c81ee', '56d7cb878fdc749b0491ae455207132c82de3a106f3e402522ddf1f7ee0aad6b', '0461884748398a0cdd0e8bd03f17925b401553a63cafa66f1d26300b703f216e', '7cad57f92eff7fadbad8a380b6903cc71f8c57cc039ce5fd4490a1c51d8d0bb8', 'd0f56e56d4298e020d548526657f44cdfaffe0f86e333255bf2f28fd1138a05a', '085c3fb6828e574a0fe7875bb44fe83ee7f3ffaa898085147bd1137b0822c83b', '8857842631b826718bcd4ad5bbd521f9b6085570078cdc9ff53e4facfc38a811', 'fc30a4a8bbb6767c391b004fa0e1d99df4432598955f04d07fe480eb3211876c', '7aff07f4597d5a0837c513625ff08ae665420d402fd5f6a990fb4aff84d22531', 'aaa4b0e8e814066c6030414894f51381669fc097a72815142edfc354fb017b0a', '3e10a66b177a912b0573de1e36335c3c851bcf209af47ef299dfa8b664e755ed', '69ee9c4bda0341e5ae7d48d61b3118d82ec9790293af35239e65544c05bbd747', '631eb6395d0ec0ad63b601fb10f377017f6754a8b869bf80a90d08f8024e2b5e', '57d119d182197bfdcc828c14389a4c2859c2ef2b34b89513c6d83fa9df39ab79', '7f456dda401100a3596693c8feaa3d884473e58bfe935ac481293b69665a86a5', '7e7ac25853617639e7425a265bfa0eadec348c420b83806cab7b40e5363f7cc3', '8dd75a6f008912f2cef172936ac665100595fb097063601ee4477fa07a3cb397', 'd716f7822d5a017d56c0c2dff059df9543df80c7ea18aed5f1ed2fec75ad5ffa', 'd6a63b3151488627c571daa2126e6829c1e667b84f1b4b7b36d36b1a595d5232', '0aa6ef28bf67f7c570c11ef5e1e03bc195f24dcb3061ba116abc234671cf2e59', '6644ebfdaa6b1f42a8d4ad2272ea8f195bf3bdff806a460497cab97a301e04b6', '0ec8c49f89c5adaf6ccdd8a8c3809a64d558c601a9588df42667318f6208a952', '8cc261c031d520b81c4c23149c5046e3c00910b58e45bb1569f2646cd956f617', '1ebb246d38156ec01b0d022a0dfbeb319197ff02a4f337025082ee18a6ba8d1d', '3d6e73ec70b1826b105fc7763da0c551925e91a10b188e124a2e7a24e4459efd']",1547778200527
181,8e8c66cc4b520228e2dee896ad31dff22619b1a9ed2b03108d8bae06269e2e64,"[-0.17779558897018433, 0.008649269118905067, 0.1635686159133911, -0.06963539868593216, 0.033014826476573944, -0.0825267881155014, -0.0603148490190506, -0.0016401163302361965, 0.040543608367443085, -0.02191205322742462, -0.21852657198905945, -0.0010408335365355015, -0.06859564781188965, 0.1571345031261444, -0.17920395731925964, 0.016346363350749016, 0.03413409739732742, 0.04128267616033554, 0.04455764591693878, -0.010956346988677979, -0.005539029836654663, -0.025243181735277176, -0.021335965022444725, -0.05629630386829376, -0.021985922008752823, -0.015283510088920593, 0.02469918318092823, 0.004904028028249741, 0.017830539494752884, 0.037717562168836594, 0.023023182526230812, -0.03262843191623688, 0.04217240586876869, 0.04019806906580925, -0.06394913047552109, -0.010055959224700928, 0.0056677768006920815, 0.04474470019340515, -0.004401251673698425, -0.013233333826065063, -0.007900579832494259, -0.021854938939213753, -0.023347526788711548, -0.011296958662569523, 0.0176899004727602, 0.0022088687401264906, -0.01479346677660942, 0.011264440603554249, 0.019820071756839752, 0.02815346047282219]",,"['fd166e5bfcc01e9570ed2549984d1327ff5b9f401b099f4983f86761595c81ee', '56d7cb878fdc749b0491ae455207132c82de3a106f3e402522ddf1f7ee0aad6b', '0461884748398a0cdd0e8bd03f17925b401553a63cafa66f1d26300b703f216e', '7cad57f92eff7fadbad8a380b6903cc71f8c57cc039ce5fd4490a1c51d8d0bb8', 'd0f56e56d4298e020d548526657f44cdfaffe0f86e333255bf2f28fd1138a05a', '085c3fb6828e574a0fe7875bb44fe83ee7f3ffaa898085147bd1137b0822c83b', '8857842631b826718bcd4ad5bbd521f9b6085570078cdc9ff53e4facfc38a811', 'fc30a4a8bbb6767c391b004fa0e1d99df4432598955f04d07fe480eb3211876c', '7aff07f4597d5a0837c513625ff08ae665420d402fd5f6a990fb4aff84d22531', 'aaa4b0e8e814066c6030414894f51381669fc097a72815142edfc354fb017b0a', '3e10a66b177a912b0573de1e36335c3c851bcf209af47ef299dfa8b664e755ed', '69ee9c4bda0341e5ae7d48d61b3118d82ec9790293af35239e65544c05bbd747', '631eb6395d0ec0ad63b601fb10f377017f6754a8b869bf80a90d08f8024e2b5e', '57d119d182197bfdcc828c14389a4c2859c2ef2b34b89513c6d83fa9df39ab79', '7f456dda401100a3596693c8feaa3d884473e58bfe935ac481293b69665a86a5', '7e7ac25853617639e7425a265bfa0eadec348c420b83806cab7b40e5363f7cc3', '8dd75a6f008912f2cef172936ac665100595fb097063601ee4477fa07a3cb397', 'd716f7822d5a017d56c0c2dff059df9543df80c7ea18aed5f1ed2fec75ad5ffa', 'd6a63b3151488627c571daa2126e6829c1e667b84f1b4b7b36d36b1a595d5232', '0aa6ef28bf67f7c570c11ef5e1e03bc195f24dcb3061ba116abc234671cf2e59', '6644ebfdaa6b1f42a8d4ad2272ea8f195bf3bdff806a460497cab97a301e04b6', '0ec8c49f89c5adaf6ccdd8a8c3809a64d558c601a9588df42667318f6208a952', '8cc261c031d520b81c4c23149c5046e3c00910b58e45bb1569f2646cd956f617', '1ebb246d38156ec01b0d022a0dfbeb319197ff02a4f337025082ee18a6ba8d1d', '3d6e73ec70b1826b105fc7763da0c551925e91a10b188e124a2e7a24e4459efd']",1547778200527
182,8e8c66cc4b520228e2dee896ad31dff22619b1a9ed2b03108d8bae06269e2e64,"[-0.17779558897018433, 0.008649269118905067, 0.1635686159133911, -0.06963539868593216, 0.033014826476573944, -0.0825267881155014, -0.0603148490190506, -0.0016401163302361965, 0.040543608367443085, -0.02191205322742462, -0.21852657198905945, -0.0010408335365355015, -0.06859564781188965, 0.1571345031261444, -0.17920395731925964, 0.016346363350749016, 0.03413409739732742, 0.04128267616033554, 0.04455764591693878, -0.010956346988677979, -0.005539029836654663, -0.025243181735277176, -0.021335965022444725, -0.05629630386829376, -0.021985922008752823, -0.015283510088920593, 0.02469918318092823, 0.004904028028249741, 0.017830539494752884, 0.037717562168836594, 0.023023182526230812, -0.03262843191623688, 0.04217240586876869, 0.04019806906580925, -0.06394913047552109, -0.010055959224700928, 0.0056677768006920815, 0.04474470019340515, -0.004401251673698425, -0.013233333826065063, -0.007900579832494259, -0.021854938939213753, -0.023347526788711548, -0.011296958662569523, 0.0176899004727602, 0.0022088687401264906, -0.01479346677660942, 0.011264440603554249, 0.019820071756839752, 0.02815346047282219]",,"['fd166e5bfcc01e9570ed2549984d1327ff5b9f401b099f4983f86761595c81ee', '56d7cb878fdc749b0491ae455207132c82de3a106f3e402522ddf1f7ee0aad6b', '0461884748398a0cdd0e8bd03f17925b401553a63cafa66f1d26300b703f216e', '7cad57f92eff7fadbad8a380b6903cc71f8c57cc039ce5fd4490a1c51d8d0bb8', 'd0f56e56d4298e020d548526657f44cdfaffe0f86e333255bf2f28fd1138a05a', '085c3fb6828e574a0fe7875bb44fe83ee7f3ffaa898085147bd1137b0822c83b', '8857842631b826718bcd4ad5bbd521f9b6085570078cdc9ff53e4facfc38a811', 'fc30a4a8bbb6767c391b004fa0e1d99df4432598955f04d07fe480eb3211876c', '7aff07f4597d5a0837c513625ff08ae665420d402fd5f6a990fb4aff84d22531', 'aaa4b0e8e814066c6030414894f51381669fc097a72815142edfc354fb017b0a', '3e10a66b177a912b0573de1e36335c3c851bcf209af47ef299dfa8b664e755ed', '69ee9c4bda0341e5ae7d48d61b3118d82ec9790293af35239e65544c05bbd747', '631eb6395d0ec0ad63b601fb10f377017f6754a8b869bf80a90d08f8024e2b5e', '57d119d182197bfdcc828c14389a4c2859c2ef2b34b89513c6d83fa9df39ab79', '7f456dda401100a3596693c8feaa3d884473e58bfe935ac481293b69665a86a5', '7e7ac25853617639e7425a265bfa0eadec348c420b83806cab7b40e5363f7cc3', '8dd75a6f008912f2cef172936ac665100595fb097063601ee4477fa07a3cb397', 'd716f7822d5a017d56c0c2dff059df9543df80c7ea18aed5f1ed2fec75ad5ffa', 'd6a63b3151488627c571daa2126e6829c1e667b84f1b4b7b36d36b1a595d5232', '0aa6ef28bf67f7c570c11ef5e1e03bc195f24dcb3061ba116abc234671cf2e59', '6644ebfdaa6b1f42a8d4ad2272ea8f195bf3bdff806a460497cab97a301e04b6', '0ec8c49f89c5adaf6ccdd8a8c3809a64d558c601a9588df42667318f6208a952', '8cc261c031d520b81c4c23149c5046e3c00910b58e45bb1569f2646cd956f617', '1ebb246d38156ec01b0d022a0dfbeb319197ff02a4f337025082ee18a6ba8d1d', '3d6e73ec70b1826b105fc7763da0c551925e91a10b188e124a2e7a24e4459efd']",1547778200527
183,8e8c66cc4b520228e2dee896ad31dff22619b1a9ed2b03108d8bae06269e2e64,"[-0.17779558897018433, 0.008649269118905067, 0.1635686159133911, -0.06963539868593216, 0.033014826476573944, -0.0825267881155014, -0.0603148490190506, -0.0016401163302361965, 0.040543608367443085, -0.02191205322742462, -0.21852657198905945, -0.0010408335365355015, -0.06859564781188965, 0.1571345031261444, -0.17920395731925964, 0.016346363350749016, 0.03413409739732742, 0.04128267616033554, 0.04455764591693878, -0.010956346988677979, -0.005539029836654663, -0.025243181735277176, -0.021335965022444725, -0.05629630386829376, -0.021985922008752823, -0.015283510088920593, 0.02469918318092823, 0.004904028028249741, 0.017830539494752884, 0.037717562168836594, 0.023023182526230812, -0.03262843191623688, 0.04217240586876869, 0.04019806906580925, -0.06394913047552109, -0.010055959224700928, 0.0056677768006920815, 0.04474470019340515, -0.004401251673698425, -0.013233333826065063, -0.007900579832494259, -0.021854938939213753, -0.023347526788711548, -0.011296958662569523, 0.0176899004727602, 0.0022088687401264906, -0.01479346677660942, 0.011264440603554249, 0.019820071756839752, 0.02815346047282219]",,"['fd166e5bfcc01e9570ed2549984d1327ff5b9f401b099f4983f86761595c81ee', '56d7cb878fdc749b0491ae455207132c82de3a106f3e402522ddf1f7ee0aad6b', '0461884748398a0cdd0e8bd03f17925b401553a63cafa66f1d26300b703f216e', '7cad57f92eff7fadbad8a380b6903cc71f8c57cc039ce5fd4490a1c51d8d0bb8', 'd0f56e56d4298e020d548526657f44cdfaffe0f86e333255bf2f28fd1138a05a', '085c3fb6828e574a0fe7875bb44fe83ee7f3ffaa898085147bd1137b0822c83b', '8857842631b826718bcd4ad5bbd521f9b6085570078cdc9ff53e4facfc38a811', 'fc30a4a8bbb6767c391b004fa0e1d99df4432598955f04d07fe480eb3211876c', '7aff07f4597d5a0837c513625ff08ae665420d402fd5f6a990fb4aff84d22531', 'aaa4b0e8e814066c6030414894f51381669fc097a72815142edfc354fb017b0a', '3e10a66b177a912b0573de1e36335c3c851bcf209af47ef299dfa8b664e755ed', '69ee9c4bda0341e5ae7d48d61b3118d82ec9790293af35239e65544c05bbd747', '631eb6395d0ec0ad63b601fb10f377017f6754a8b869bf80a90d08f8024e2b5e', '57d119d182197bfdcc828c14389a4c2859c2ef2b34b89513c6d83fa9df39ab79', '7f456dda401100a3596693c8feaa3d884473e58bfe935ac481293b69665a86a5', '7e7ac25853617639e7425a265bfa0eadec348c420b83806cab7b40e5363f7cc3', '8dd75a6f008912f2cef172936ac665100595fb097063601ee4477fa07a3cb397', 'd716f7822d5a017d56c0c2dff059df9543df80c7ea18aed5f1ed2fec75ad5ffa', 'd6a63b3151488627c571daa2126e6829c1e667b84f1b4b7b36d36b1a595d5232', '0aa6ef28bf67f7c570c11ef5e1e03bc195f24dcb3061ba116abc234671cf2e59', '6644ebfdaa6b1f42a8d4ad2272ea8f195bf3bdff806a460497cab97a301e04b6', '0ec8c49f89c5adaf6ccdd8a8c3809a64d558c601a9588df42667318f6208a952', '8cc261c031d520b81c4c23149c5046e3c00910b58e45bb1569f2646cd956f617', '1ebb246d38156ec01b0d022a0dfbeb319197ff02a4f337025082ee18a6ba8d1d', '3d6e73ec70b1826b105fc7763da0c551925e91a10b188e124a2e7a24e4459efd']",1547778200527
184,8e8c66cc4b520228e2dee896ad31dff22619b1a9ed2b03108d8bae06269e2e64,"[-0.17779558897018433, 0.008649269118905067, 0.1635686159133911, -0.06963539868593216, 0.033014826476573944, -0.0825267881155014, -0.0603148490190506, -0.0016401163302361965, 0.040543608367443085, -0.02191205322742462, -0.21852657198905945, -0.0010408335365355015, -0.06859564781188965, 0.1571345031261444, -0.17920395731925964, 0.016346363350749016, 0.03413409739732742, 0.04128267616033554, 0.04455764591693878, -0.010956346988677979, -0.005539029836654663, -0.025243181735277176, -0.021335965022444725, -0.05629630386829376, -0.021985922008752823, -0.015283510088920593, 0.02469918318092823, 0.004904028028249741, 0.017830539494752884, 0.037717562168836594, 0.023023182526230812, -0.03262843191623688, 0.04217240586876869, 0.04019806906580925, -0.06394913047552109, -0.010055959224700928, 0.0056677768006920815, 0.04474470019340515, -0.004401251673698425, -0.013233333826065063, -0.007900579832494259, -0.021854938939213753, -0.023347526788711548, -0.011296958662569523, 0.0176899004727602, 0.0022088687401264906, -0.01479346677660942, 0.011264440603554249, 0.019820071756839752, 0.02815346047282219]",,"['fd166e5bfcc01e9570ed2549984d1327ff5b9f401b099f4983f86761595c81ee', '56d7cb878fdc749b0491ae455207132c82de3a106f3e402522ddf1f7ee0aad6b', '0461884748398a0cdd0e8bd03f17925b401553a63cafa66f1d26300b703f216e', '7cad57f92eff7fadbad8a380b6903cc71f8c57cc039ce5fd4490a1c51d8d0bb8', 'd0f56e56d4298e020d548526657f44cdfaffe0f86e333255bf2f28fd1138a05a', '085c3fb6828e574a0fe7875bb44fe83ee7f3ffaa898085147bd1137b0822c83b', '8857842631b826718bcd4ad5bbd521f9b6085570078cdc9ff53e4facfc38a811', 'fc30a4a8bbb6767c391b004fa0e1d99df4432598955f04d07fe480eb3211876c', '7aff07f4597d5a0837c513625ff08ae665420d402fd5f6a990fb4aff84d22531', 'aaa4b0e8e814066c6030414894f51381669fc097a72815142edfc354fb017b0a', '3e10a66b177a912b0573de1e36335c3c851bcf209af47ef299dfa8b664e755ed', '69ee9c4bda0341e5ae7d48d61b3118d82ec9790293af35239e65544c05bbd747', '631eb6395d0ec0ad63b601fb10f377017f6754a8b869bf80a90d08f8024e2b5e', '57d119d182197bfdcc828c14389a4c2859c2ef2b34b89513c6d83fa9df39ab79', '7f456dda401100a3596693c8feaa3d884473e58bfe935ac481293b69665a86a5', '7e7ac25853617639e7425a265bfa0eadec348c420b83806cab7b40e5363f7cc3', '8dd75a6f008912f2cef172936ac665100595fb097063601ee4477fa07a3cb397', 'd716f7822d5a017d56c0c2dff059df9543df80c7ea18aed5f1ed2fec75ad5ffa', 'd6a63b3151488627c571daa2126e6829c1e667b84f1b4b7b36d36b1a595d5232', '0aa6ef28bf67f7c570c11ef5e1e03bc195f24dcb3061ba116abc234671cf2e59', '6644ebfdaa6b1f42a8d4ad2272ea8f195bf3bdff806a460497cab97a301e04b6', '0ec8c49f89c5adaf6ccdd8a8c3809a64d558c601a9588df42667318f6208a952', '8cc261c031d520b81c4c23149c5046e3c00910b58e45bb1569f2646cd956f617', '1ebb246d38156ec01b0d022a0dfbeb319197ff02a4f337025082ee18a6ba8d1d', '3d6e73ec70b1826b105fc7763da0c551925e91a10b188e124a2e7a24e4459efd']",1547778200527
185,8e8c66cc4b520228e2dee896ad31dff22619b1a9ed2b03108d8bae06269e2e64,"[-0.17779558897018433, 0.008649269118905067, 0.1635686159133911, -0.06963539868593216, 0.033014826476573944, -0.0825267881155014, -0.0603148490190506, -0.0016401163302361965, 0.040543608367443085, -0.02191205322742462, -0.21852657198905945, -0.0010408335365355015, -0.06859564781188965, 0.1571345031261444, -0.17920395731925964, 0.016346363350749016, 0.03413409739732742, 0.04128267616033554, 0.04455764591693878, -0.010956346988677979, -0.005539029836654663, -0.025243181735277176, -0.021335965022444725, -0.05629630386829376, -0.021985922008752823, -0.015283510088920593, 0.02469918318092823, 0.004904028028249741, 0.017830539494752884, 0.037717562168836594, 0.023023182526230812, -0.03262843191623688, 0.04217240586876869, 0.04019806906580925, -0.06394913047552109, -0.010055959224700928, 0.0056677768006920815, 0.04474470019340515, -0.004401251673698425, -0.013233333826065063, -0.007900579832494259, -0.021854938939213753, -0.023347526788711548, -0.011296958662569523, 0.0176899004727602, 0.0022088687401264906, -0.01479346677660942, 0.011264440603554249, 0.019820071756839752, 0.02815346047282219]",,"['fd166e5bfcc01e9570ed2549984d1327ff5b9f401b099f4983f86761595c81ee', '56d7cb878fdc749b0491ae455207132c82de3a106f3e402522ddf1f7ee0aad6b', '0461884748398a0cdd0e8bd03f17925b401553a63cafa66f1d26300b703f216e', '7cad57f92eff7fadbad8a380b6903cc71f8c57cc039ce5fd4490a1c51d8d0bb8', 'd0f56e56d4298e020d548526657f44cdfaffe0f86e333255bf2f28fd1138a05a', '085c3fb6828e574a0fe7875bb44fe83ee7f3ffaa898085147bd1137b0822c83b', '8857842631b826718bcd4ad5bbd521f9b6085570078cdc9ff53e4facfc38a811', 'fc30a4a8bbb6767c391b004fa0e1d99df4432598955f04d07fe480eb3211876c', '7aff07f4597d5a0837c513625ff08ae665420d402fd5f6a990fb4aff84d22531', 'aaa4b0e8e814066c6030414894f51381669fc097a72815142edfc354fb017b0a', '3e10a66b177a912b0573de1e36335c3c851bcf209af47ef299dfa8b664e755ed', '69ee9c4bda0341e5ae7d48d61b3118d82ec9790293af35239e65544c05bbd747', '631eb6395d0ec0ad63b601fb10f377017f6754a8b869bf80a90d08f8024e2b5e', '57d119d182197bfdcc828c14389a4c2859c2ef2b34b89513c6d83fa9df39ab79', '7f456dda401100a3596693c8feaa3d884473e58bfe935ac481293b69665a86a5', '7e7ac25853617639e7425a265bfa0eadec348c420b83806cab7b40e5363f7cc3', '8dd75a6f008912f2cef172936ac665100595fb097063601ee4477fa07a3cb397', 'd716f7822d5a017d56c0c2dff059df9543df80c7ea18aed5f1ed2fec75ad5ffa', 'd6a63b3151488627c571daa2126e6829c1e667b84f1b4b7b36d36b1a595d5232', '0aa6ef28bf67f7c570c11ef5e1e03bc195f24dcb3061ba116abc234671cf2e59', '6644ebfdaa6b1f42a8d4ad2272ea8f195bf3bdff806a460497cab97a301e04b6', '0ec8c49f89c5adaf6ccdd8a8c3809a64d558c601a9588df42667318f6208a952', '8cc261c031d520b81c4c23149c5046e3c00910b58e45bb1569f2646cd956f617', '1ebb246d38156ec01b0d022a0dfbeb319197ff02a4f337025082ee18a6ba8d1d', '3d6e73ec70b1826b105fc7763da0c551925e91a10b188e124a2e7a24e4459efd']",1547778200527
186,8e8c66cc4b520228e2dee896ad31dff22619b1a9ed2b03108d8bae06269e2e64,"[-0.1775580644607544, 0.03695668652653694, 0.13887746632099152, -0.06856220960617065, 0.015626339241862297, -0.06892991811037064, -0.07956716418266296, 0.0010359426960349083, 0.025832565501332283, -0.051711391657590866, -0.18561339378356934, -0.024817172437906265, -0.1055913046002388, 0.1418417990207672, -0.17168760299682617, 0.0003547482192516327, 0.010770870372653008, 0.06325370073318481, 0.02142866514623165, -0.012452764436602592, 0.007247022353112698, -0.018627677112817764, -0.006521791219711304, -0.09952758252620697, -0.03282223641872406, -0.008484823629260063, -0.019954409450292587, 0.02779245376586914, -0.00558093935251236, 0.04115530103445053, 0.0060201408341526985, -0.01461691502481699, 0.01836315356194973, 0.01928585022687912, -0.03622095659375191, 0.0014457758516073227, 0.021333061158657074, 0.026861554011702538, -0.005723321810364723, -0.013314911164343357, -0.000787368044257164, -0.016971822828054428, 3.60589474439621e-05, -0.018256617709994316, -0.011914154514670372, 0.013016968965530396, -0.0011813021264970303, 0.013709316030144691, 0.012009868398308754, -0.0010432094568386674]",,"['463a481d295bc21290ee2958a17959622f2345f88f104266c1cd9b8790b8cc80', '7e9e9981d235d4a09b8b46708c0215576395d34c90ff4a4c28551b9f203cc6a1']",1547778240914
187,8e8c66cc4b520228e2dee896ad31dff22619b1a9ed2b03108d8bae06269e2e64,"[-0.1775580644607544, 0.03695668652653694, 0.13887746632099152, -0.06856220960617065, 0.015626339241862297, -0.06892991811037064, -0.07956716418266296, 0.0010359426960349083, 0.025832565501332283, -0.051711391657590866, -0.18561339378356934, -0.024817172437906265, -0.1055913046002388, 0.1418417990207672, -0.17168760299682617, 0.0003547482192516327, 0.010770870372653008, 0.06325370073318481, 0.02142866514623165, -0.012452764436602592, 0.007247022353112698, -0.018627677112817764, -0.006521791219711304, -0.09952758252620697, -0.03282223641872406, -0.008484823629260063, -0.019954409450292587, 0.02779245376586914, -0.00558093935251236, 0.04115530103445053, 0.0060201408341526985, -0.01461691502481699, 0.01836315356194973, 0.01928585022687912, -0.03622095659375191, 0.0014457758516073227, 0.021333061158657074, 0.026861554011702538, -0.005723321810364723, -0.013314911164343357, -0.000787368044257164, -0.016971822828054428, 3.60589474439621e-05, -0.018256617709994316, -0.011914154514670372, 0.013016968965530396, -0.0011813021264970303, 0.013709316030144691, 0.012009868398308754, -0.0010432094568386674]",,"['463a481d295bc21290ee2958a17959622f2345f88f104266c1cd9b8790b8cc80', '7e9e9981d235d4a09b8b46708c0215576395d34c90ff4a4c28551b9f203cc6a1']",1547778240914
188,8e8c66cc4b520228e2dee896ad31dff22619b1a9ed2b03108d8bae06269e2e64,"[-0.1775580644607544, 0.03695668652653694, 0.13887746632099152, -0.06856220960617065, 0.015626339241862297, -0.06892991811037064, -0.07956716418266296, 0.0010359426960349083, 0.025832565501332283, -0.051711391657590866, -0.18561339378356934, -0.024817172437906265, -0.1055913046002388, 0.1418417990207672, -0.17168760299682617, 0.0003547482192516327, 0.010770870372653008, 0.06325370073318481, 0.02142866514623165, -0.012452764436602592, 0.007247022353112698, -0.018627677112817764, -0.006521791219711304, -0.09952758252620697, -0.03282223641872406, -0.008484823629260063, -0.019954409450292587, 0.02779245376586914, -0.00558093935251236, 0.04115530103445053, 0.0060201408341526985, -0.01461691502481699, 0.01836315356194973, 0.01928585022687912, -0.03622095659375191, 0.0014457758516073227, 0.021333061158657074, 0.026861554011702538, -0.005723321810364723, -0.013314911164343357, -0.000787368044257164, -0.016971822828054428, 3.60589474439621e-05, -0.018256617709994316, -0.011914154514670372, 0.013016968965530396, -0.0011813021264970303, 0.013709316030144691, 0.012009868398308754, -0.0010432094568386674]",,"['463a481d295bc21290ee2958a17959622f2345f88f104266c1cd9b8790b8cc80', '7e9e9981d235d4a09b8b46708c0215576395d34c90ff4a4c28551b9f203cc6a1']",1547778240914
189,8e8c66cc4b520228e2dee896ad31dff22619b1a9ed2b03108d8bae06269e2e64,"[-0.1775580644607544, 0.03695668652653694, 0.13887746632099152, -0.06856220960617065, 0.015626339241862297, -0.06892991811037064, -0.07956716418266296, 0.0010359426960349083, 0.025832565501332283, -0.051711391657590866, -0.18561339378356934, -0.024817172437906265, -0.1055913046002388, 0.1418417990207672, -0.17168760299682617, 0.0003547482192516327, 0.010770870372653008, 0.06325370073318481, 0.02142866514623165, -0.012452764436602592, 0.007247022353112698, -0.018627677112817764, -0.006521791219711304, -0.09952758252620697, -0.03282223641872406, -0.008484823629260063, -0.019954409450292587, 0.02779245376586914, -0.00558093935251236, 0.04115530103445053, 0.0060201408341526985, -0.01461691502481699, 0.01836315356194973, 0.01928585022687912, -0.03622095659375191, 0.0014457758516073227, 0.021333061158657074, 0.026861554011702538, -0.005723321810364723, -0.013314911164343357, -0.000787368044257164, -0.016971822828054428, 3.60589474439621e-05, -0.018256617709994316, -0.011914154514670372, 0.013016968965530396, -0.0011813021264970303, 0.013709316030144691, 0.012009868398308754, -0.0010432094568386674]",,"['463a481d295bc21290ee2958a17959622f2345f88f104266c1cd9b8790b8cc80', '7e9e9981d235d4a09b8b46708c0215576395d34c90ff4a4c28551b9f203cc6a1']",1547778240914
190,8e8c66cc4b520228e2dee896ad31dff22619b1a9ed2b03108d8bae06269e2e64,"[-0.1775580644607544, 0.03695668652653694, 0.13887746632099152, -0.06856220960617065, 0.015626339241862297, -0.06892991811037064, -0.07956716418266296, 0.0010359426960349083, 0.025832565501332283, -0.051711391657590866, -0.18561339378356934, -0.024817172437906265, -0.1055913046002388, 0.1418417990207672, -0.17168760299682617, 0.0003547482192516327, 0.010770870372653008, 0.06325370073318481, 0.02142866514623165, -0.012452764436602592, 0.007247022353112698, -0.018627677112817764, -0.006521791219711304, -0.09952758252620697, -0.03282223641872406, -0.008484823629260063, -0.019954409450292587, 0.02779245376586914, -0.00558093935251236, 0.04115530103445053, 0.0060201408341526985, -0.01461691502481699, 0.01836315356194973, 0.01928585022687912, -0.03622095659375191, 0.0014457758516073227, 0.021333061158657074, 0.026861554011702538, -0.005723321810364723, -0.013314911164343357, -0.000787368044257164, -0.016971822828054428, 3.60589474439621e-05, -0.018256617709994316, -0.011914154514670372, 0.013016968965530396, -0.0011813021264970303, 0.013709316030144691, 0.012009868398308754, -0.0010432094568386674]",,"['463a481d295bc21290ee2958a17959622f2345f88f104266c1cd9b8790b8cc80', '7e9e9981d235d4a09b8b46708c0215576395d34c90ff4a4c28551b9f203cc6a1']",1547778240914
191,8e8c66cc4b520228e2dee896ad31dff22619b1a9ed2b03108d8bae06269e2e64,"[-0.1775580644607544, 0.03695668652653694, 0.13887746632099152, -0.06856220960617065, 0.015626339241862297, -0.06892991811037064, -0.07956716418266296, 0.0010359426960349083, 0.025832565501332283, -0.051711391657590866, -0.18561339378356934, -0.024817172437906265, -0.1055913046002388, 0.1418417990207672, -0.17168760299682617, 0.0003547482192516327, 0.010770870372653008, 0.06325370073318481, 0.02142866514623165, -0.012452764436602592, 0.007247022353112698, -0.018627677112817764, -0.006521791219711304, -0.09952758252620697, -0.03282223641872406, -0.008484823629260063, -0.019954409450292587, 0.02779245376586914, -0.00558093935251236, 0.04115530103445053, 0.0060201408341526985, -0.01461691502481699, 0.01836315356194973, 0.01928585022687912, -0.03622095659375191, 0.0014457758516073227, 0.021333061158657074, 0.026861554011702538, -0.005723321810364723, -0.013314911164343357, -0.000787368044257164, -0.016971822828054428, 3.60589474439621e-05, -0.018256617709994316, -0.011914154514670372, 0.013016968965530396, -0.0011813021264970303, 0.013709316030144691, 0.012009868398308754, -0.0010432094568386674]",,"['463a481d295bc21290ee2958a17959622f2345f88f104266c1cd9b8790b8cc80', '7e9e9981d235d4a09b8b46708c0215576395d34c90ff4a4c28551b9f203cc6a1']",1547778240914
192,8e8c66cc4b520228e2dee896ad31dff22619b1a9ed2b03108d8bae06269e2e64,"[-0.1775580644607544, 0.03695668652653694, 0.13887746632099152, -0.06856220960617065, 0.015626339241862297, -0.06892991811037064, -0.07956716418266296, 0.0010359426960349083, 0.025832565501332283, -0.051711391657590866, -0.18561339378356934, -0.024817172437906265, -0.1055913046002388, 0.1418417990207672, -0.17168760299682617, 0.0003547482192516327, 0.010770870372653008, 0.06325370073318481, 0.02142866514623165, -0.012452764436602592, 0.007247022353112698, -0.018627677112817764, -0.006521791219711304, -0.09952758252620697, -0.03282223641872406, -0.008484823629260063, -0.019954409450292587, 0.02779245376586914, -0.00558093935251236, 0.04115530103445053, 0.0060201408341526985, -0.01461691502481699, 0.01836315356194973, 0.01928585022687912, -0.03622095659375191, 0.0014457758516073227, 0.021333061158657074, 0.026861554011702538, -0.005723321810364723, -0.013314911164343357, -0.000787368044257164, -0.016971822828054428, 3.60589474439621e-05, -0.018256617709994316, -0.011914154514670372, 0.013016968965530396, -0.0011813021264970303, 0.013709316030144691, 0.012009868398308754, -0.0010432094568386674]",,"['463a481d295bc21290ee2958a17959622f2345f88f104266c1cd9b8790b8cc80', '7e9e9981d235d4a09b8b46708c0215576395d34c90ff4a4c28551b9f203cc6a1']",1547778240914
193,8e8c66cc4b520228e2dee896ad31dff22619b1a9ed2b03108d8bae06269e2e64,"[-0.1599489450454712, 0.05985051393508911, 0.17370325326919556, 0.010439738631248474, 0.006793288514018059, -0.04533063620328903, -0.06637619435787201, 0.0350801981985569, 0.0642985850572586, -0.07625764608383179, -0.09463681280612946, -0.002085241489112377, -0.07818302512168884, 0.08481928706169128, -0.16701854765415192, 0.07113683223724365, 0.06938743591308594, 0.045754801481962204, 0.09402833878993988, -0.09545082598924637, -1.8856488168239594e-05, -0.01238749735057354, 0.06014383211731911, -0.07383274286985397, -0.010989529080688953, 0.014265281148254871, 0.012721710838377476, -0.026459990069270134, -0.0004729814827442169, 0.02803090587258339, -0.007276955060660839, 0.009276571683585644, 0.041108399629592896, 0.028249751776456833, 0.008121948689222336, -0.016211701557040215, 0.003922692500054836, 0.01494813896715641, -0.06624682992696762, -0.03138991817831993, 0.00037650123704224825, -0.06315553933382034, -0.06536222994327545, -0.05132355913519859, 0.02758525125682354, -0.03476780652999878, -0.018376588821411133, 0.009270898997783661, -0.023075591772794724, 0.019531041383743286]",['0d3d64eec45453f5202dd765b0a008930af92edfe89795d37ed9ca19631edcd5'],"['f822b7fb48b6e579eff16411c04bf4f59fe592c867904113bf167a67047eeab4', '463a481d295bc21290ee2958a17959622f2345f88f104266c1cd9b8790b8cc80', 'fe53e5fd912286ef6f2931b1b5f6af925d6ba8612b52cf4612f735340f6bdd03', '7e9e9981d235d4a09b8b46708c0215576395d34c90ff4a4c28551b9f203cc6a1', '9eae491ae7ae8f7e6c9c8b5e92acd5ab47596433e684f776131e571500b733b2', 'cb3a0974f6c4548af0f1e348adac6a2b5c49e68264ae8f51ccb75ca115837e96', '8393891455d46f4991a9b62c23de49cc9cb7247f3a841e96d289b68fd6d48e04', '238a7c2b2713ab1aa04c6ce5248944b210a780f007a0a83da58a34f2239b79a7', '323255dfec282a5eb35a6faf55e37b549f9369070c9dce27b26e28c3454271fb', '768013fc4a45650686ba79646d9c5e6076f9f55a32fd3aec1c7e38a106a748ea', '54cde42dafb4767eed1cc39db414049e039dafe5e60f4a3388d9a1b17bbe5950', 'df190e455e620aa13f7fb7380239ab29a7c67cd5eac3bdf25ceba979c866b099', '772c6d90914838881c00689c47c797504b6e7868791e42b6f3fef66efa374687', '9526aa6f0418933fc20877177c4facf9c5e7f34d6e66f9a74a44af8360220184', 'c35f6cfd06fa544f667f6682f2649ec7bba1914aabbd9862828e7bdcd4836bc3', '6630a85400761a8556c32637b0cebb6a97ebebe84edcd5edd0d16dbe31b5d4c4', '674933b074f58e95d0a4348ce65beef0908269b550d58b4b3706e2c93c79e607', '54ed01a43288c3a7946e980c88f30450706a0edd51e9fa691b4a229ce40b3395', '568f19f5ef82e7a0d18fb9ca0ff215dfe82fe0dbcf7e7ca3eeae368715ac6461', '2fe46b031b4fb8cd92eb55bcc293352dc4d0dbd41d2e1a949a66383e4bd3fea2', '8231ebbaba5c13c3ac811d60bfdd7845b83df4321998662d036358b88b9212b1', '546c748717f794c45a451f86c8aac3fa48dfb7104d60b9dace91dc32aefdac45', '0d3d64eec45453f5202dd765b0a008930af92edfe89795d37ed9ca19631edcd5', '7cad57f92eff7fadbad8a380b6903cc71f8c57cc039ce5fd4490a1c51d8d0bb8']",1547778262802
194,8e8c66cc4b520228e2dee896ad31dff22619b1a9ed2b03108d8bae06269e2e64,"[-0.1599489450454712, 0.05985051393508911, 0.17370325326919556, 0.010439738631248474, 0.006793288514018059, -0.04533063620328903, -0.06637619435787201, 0.0350801981985569, 0.0642985850572586, -0.07625764608383179, -0.09463681280612946, -0.002085241489112377, -0.07818302512168884, 0.08481928706169128, -0.16701854765415192, 0.07113683223724365, 0.06938743591308594, 0.045754801481962204, 0.09402833878993988, -0.09545082598924637, -1.8856488168239594e-05, -0.01238749735057354, 0.06014383211731911, -0.07383274286985397, -0.010989529080688953, 0.014265281148254871, 0.012721710838377476, -0.026459990069270134, -0.0004729814827442169, 0.02803090587258339, -0.007276955060660839, 0.009276571683585644, 0.041108399629592896, 0.028249751776456833, 0.008121948689222336, -0.016211701557040215, 0.003922692500054836, 0.01494813896715641, -0.06624682992696762, -0.03138991817831993, 0.00037650123704224825, -0.06315553933382034, -0.06536222994327545, -0.05132355913519859, 0.02758525125682354, -0.03476780652999878, -0.018376588821411133, 0.009270898997783661, -0.023075591772794724, 0.019531041383743286]",['0d3d64eec45453f5202dd765b0a008930af92edfe89795d37ed9ca19631edcd5'],"['f822b7fb48b6e579eff16411c04bf4f59fe592c867904113bf167a67047eeab4', '463a481d295bc21290ee2958a17959622f2345f88f104266c1cd9b8790b8cc80', 'fe53e5fd912286ef6f2931b1b5f6af925d6ba8612b52cf4612f735340f6bdd03', '7e9e9981d235d4a09b8b46708c0215576395d34c90ff4a4c28551b9f203cc6a1', '9eae491ae7ae8f7e6c9c8b5e92acd5ab47596433e684f776131e571500b733b2', 'cb3a0974f6c4548af0f1e348adac6a2b5c49e68264ae8f51ccb75ca115837e96', '8393891455d46f4991a9b62c23de49cc9cb7247f3a841e96d289b68fd6d48e04', '238a7c2b2713ab1aa04c6ce5248944b210a780f007a0a83da58a34f2239b79a7', '323255dfec282a5eb35a6faf55e37b549f9369070c9dce27b26e28c3454271fb', '768013fc4a45650686ba79646d9c5e6076f9f55a32fd3aec1c7e38a106a748ea', '54cde42dafb4767eed1cc39db414049e039dafe5e60f4a3388d9a1b17bbe5950', 'df190e455e620aa13f7fb7380239ab29a7c67cd5eac3bdf25ceba979c866b099', '772c6d90914838881c00689c47c797504b6e7868791e42b6f3fef66efa374687', '9526aa6f0418933fc20877177c4facf9c5e7f34d6e66f9a74a44af8360220184', 'c35f6cfd06fa544f667f6682f2649ec7bba1914aabbd9862828e7bdcd4836bc3', '6630a85400761a8556c32637b0cebb6a97ebebe84edcd5edd0d16dbe31b5d4c4', '674933b074f58e95d0a4348ce65beef0908269b550d58b4b3706e2c93c79e607', '54ed01a43288c3a7946e980c88f30450706a0edd51e9fa691b4a229ce40b3395', '568f19f5ef82e7a0d18fb9ca0ff215dfe82fe0dbcf7e7ca3eeae368715ac6461', '2fe46b031b4fb8cd92eb55bcc293352dc4d0dbd41d2e1a949a66383e4bd3fea2', '8231ebbaba5c13c3ac811d60bfdd7845b83df4321998662d036358b88b9212b1', '546c748717f794c45a451f86c8aac3fa48dfb7104d60b9dace91dc32aefdac45', '0d3d64eec45453f5202dd765b0a008930af92edfe89795d37ed9ca19631edcd5', '7cad57f92eff7fadbad8a380b6903cc71f8c57cc039ce5fd4490a1c51d8d0bb8']",1547778262802
195,8e8c66cc4b520228e2dee896ad31dff22619b1a9ed2b03108d8bae06269e2e64,"[-0.1599489450454712, 0.05985051393508911, 0.17370325326919556, 0.010439738631248474, 0.006793288514018059, -0.04533063620328903, -0.06637619435787201, 0.0350801981985569, 0.0642985850572586, -0.07625764608383179, -0.09463681280612946, -0.002085241489112377, -0.07818302512168884, 0.08481928706169128, -0.16701854765415192, 0.07113683223724365, 0.06938743591308594, 0.045754801481962204, 0.09402833878993988, -0.09545082598924637, -1.8856488168239594e-05, -0.01238749735057354, 0.06014383211731911, -0.07383274286985397, -0.010989529080688953, 0.014265281148254871, 0.012721710838377476, -0.026459990069270134, -0.0004729814827442169, 0.02803090587258339, -0.007276955060660839, 0.009276571683585644, 0.041108399629592896, 0.028249751776456833, 0.008121948689222336, -0.016211701557040215, 0.003922692500054836, 0.01494813896715641, -0.06624682992696762, -0.03138991817831993, 0.00037650123704224825, -0.06315553933382034, -0.06536222994327545, -0.05132355913519859, 0.02758525125682354, -0.03476780652999878, -0.018376588821411133, 0.009270898997783661, -0.023075591772794724, 0.019531041383743286]",['0d3d64eec45453f5202dd765b0a008930af92edfe89795d37ed9ca19631edcd5'],"['f822b7fb48b6e579eff16411c04bf4f59fe592c867904113bf167a67047eeab4', '463a481d295bc21290ee2958a17959622f2345f88f104266c1cd9b8790b8cc80', 'fe53e5fd912286ef6f2931b1b5f6af925d6ba8612b52cf4612f735340f6bdd03', '7e9e9981d235d4a09b8b46708c0215576395d34c90ff4a4c28551b9f203cc6a1', '9eae491ae7ae8f7e6c9c8b5e92acd5ab47596433e684f776131e571500b733b2', 'cb3a0974f6c4548af0f1e348adac6a2b5c49e68264ae8f51ccb75ca115837e96', '8393891455d46f4991a9b62c23de49cc9cb7247f3a841e96d289b68fd6d48e04', '238a7c2b2713ab1aa04c6ce5248944b210a780f007a0a83da58a34f2239b79a7', '323255dfec282a5eb35a6faf55e37b549f9369070c9dce27b26e28c3454271fb', '768013fc4a45650686ba79646d9c5e6076f9f55a32fd3aec1c7e38a106a748ea', '54cde42dafb4767eed1cc39db414049e039dafe5e60f4a3388d9a1b17bbe5950', 'df190e455e620aa13f7fb7380239ab29a7c67cd5eac3bdf25ceba979c866b099', '772c6d90914838881c00689c47c797504b6e7868791e42b6f3fef66efa374687', '9526aa6f0418933fc20877177c4facf9c5e7f34d6e66f9a74a44af8360220184', 'c35f6cfd06fa544f667f6682f2649ec7bba1914aabbd9862828e7bdcd4836bc3', '6630a85400761a8556c32637b0cebb6a97ebebe84edcd5edd0d16dbe31b5d4c4', '674933b074f58e95d0a4348ce65beef0908269b550d58b4b3706e2c93c79e607', '54ed01a43288c3a7946e980c88f30450706a0edd51e9fa691b4a229ce40b3395', '568f19f5ef82e7a0d18fb9ca0ff215dfe82fe0dbcf7e7ca3eeae368715ac6461', '2fe46b031b4fb8cd92eb55bcc293352dc4d0dbd41d2e1a949a66383e4bd3fea2', '8231ebbaba5c13c3ac811d60bfdd7845b83df4321998662d036358b88b9212b1', '546c748717f794c45a451f86c8aac3fa48dfb7104d60b9dace91dc32aefdac45', '0d3d64eec45453f5202dd765b0a008930af92edfe89795d37ed9ca19631edcd5', '7cad57f92eff7fadbad8a380b6903cc71f8c57cc039ce5fd4490a1c51d8d0bb8']",1547778262802
196,8e8c66cc4b520228e2dee896ad31dff22619b1a9ed2b03108d8bae06269e2e64,"[-0.1599489450454712, 0.05985051393508911, 0.17370325326919556, 0.010439738631248474, 0.006793288514018059, -0.04533063620328903, -0.06637619435787201, 0.0350801981985569, 0.0642985850572586, -0.07625764608383179, -0.09463681280612946, -0.002085241489112377, -0.07818302512168884, 0.08481928706169128, -0.16701854765415192, 0.07113683223724365, 0.06938743591308594, 0.045754801481962204, 0.09402833878993988, -0.09545082598924637, -1.8856488168239594e-05, -0.01238749735057354, 0.06014383211731911, -0.07383274286985397, -0.010989529080688953, 0.014265281148254871, 0.012721710838377476, -0.026459990069270134, -0.0004729814827442169, 0.02803090587258339, -0.007276955060660839, 0.009276571683585644, 0.041108399629592896, 0.028249751776456833, 0.008121948689222336, -0.016211701557040215, 0.003922692500054836, 0.01494813896715641, -0.06624682992696762, -0.03138991817831993, 0.00037650123704224825, -0.06315553933382034, -0.06536222994327545, -0.05132355913519859, 0.02758525125682354, -0.03476780652999878, -0.018376588821411133, 0.009270898997783661, -0.023075591772794724, 0.019531041383743286]",['0d3d64eec45453f5202dd765b0a008930af92edfe89795d37ed9ca19631edcd5'],"['f822b7fb48b6e579eff16411c04bf4f59fe592c867904113bf167a67047eeab4', '463a481d295bc21290ee2958a17959622f2345f88f104266c1cd9b8790b8cc80', 'fe53e5fd912286ef6f2931b1b5f6af925d6ba8612b52cf4612f735340f6bdd03', '7e9e9981d235d4a09b8b46708c0215576395d34c90ff4a4c28551b9f203cc6a1', '9eae491ae7ae8f7e6c9c8b5e92acd5ab47596433e684f776131e571500b733b2', 'cb3a0974f6c4548af0f1e348adac6a2b5c49e68264ae8f51ccb75ca115837e96', '8393891455d46f4991a9b62c23de49cc9cb7247f3a841e96d289b68fd6d48e04', '238a7c2b2713ab1aa04c6ce5248944b210a780f007a0a83da58a34f2239b79a7', '323255dfec282a5eb35a6faf55e37b549f9369070c9dce27b26e28c3454271fb', '768013fc4a45650686ba79646d9c5e6076f9f55a32fd3aec1c7e38a106a748ea', '54cde42dafb4767eed1cc39db414049e039dafe5e60f4a3388d9a1b17bbe5950', 'df190e455e620aa13f7fb7380239ab29a7c67cd5eac3bdf25ceba979c866b099', '772c6d90914838881c00689c47c797504b6e7868791e42b6f3fef66efa374687', '9526aa6f0418933fc20877177c4facf9c5e7f34d6e66f9a74a44af8360220184', 'c35f6cfd06fa544f667f6682f2649ec7bba1914aabbd9862828e7bdcd4836bc3', '6630a85400761a8556c32637b0cebb6a97ebebe84edcd5edd0d16dbe31b5d4c4', '674933b074f58e95d0a4348ce65beef0908269b550d58b4b3706e2c93c79e607', '54ed01a43288c3a7946e980c88f30450706a0edd51e9fa691b4a229ce40b3395', '568f19f5ef82e7a0d18fb9ca0ff215dfe82fe0dbcf7e7ca3eeae368715ac6461', '2fe46b031b4fb8cd92eb55bcc293352dc4d0dbd41d2e1a949a66383e4bd3fea2', '8231ebbaba5c13c3ac811d60bfdd7845b83df4321998662d036358b88b9212b1', '546c748717f794c45a451f86c8aac3fa48dfb7104d60b9dace91dc32aefdac45', '0d3d64eec45453f5202dd765b0a008930af92edfe89795d37ed9ca19631edcd5', '7cad57f92eff7fadbad8a380b6903cc71f8c57cc039ce5fd4490a1c51d8d0bb8']",1547778262802
197,8e8c66cc4b520228e2dee896ad31dff22619b1a9ed2b03108d8bae06269e2e64,"[-0.1599489450454712, 0.05985051393508911, 0.17370325326919556, 0.010439738631248474, 0.006793288514018059, -0.04533063620328903, -0.06637619435787201, 0.0350801981985569, 0.0642985850572586, -0.07625764608383179, -0.09463681280612946, -0.002085241489112377, -0.07818302512168884, 0.08481928706169128, -0.16701854765415192, 0.07113683223724365, 0.06938743591308594, 0.045754801481962204, 0.09402833878993988, -0.09545082598924637, -1.8856488168239594e-05, -0.01238749735057354, 0.06014383211731911, -0.07383274286985397, -0.010989529080688953, 0.014265281148254871, 0.012721710838377476, -0.026459990069270134, -0.0004729814827442169, 0.02803090587258339, -0.007276955060660839, 0.009276571683585644, 0.041108399629592896, 0.028249751776456833, 0.008121948689222336, -0.016211701557040215, 0.003922692500054836, 0.01494813896715641, -0.06624682992696762, -0.03138991817831993, 0.00037650123704224825, -0.06315553933382034, -0.06536222994327545, -0.05132355913519859, 0.02758525125682354, -0.03476780652999878, -0.018376588821411133, 0.009270898997783661, -0.023075591772794724, 0.019531041383743286]",['0d3d64eec45453f5202dd765b0a008930af92edfe89795d37ed9ca19631edcd5'],"['f822b7fb48b6e579eff16411c04bf4f59fe592c867904113bf167a67047eeab4', '463a481d295bc21290ee2958a17959622f2345f88f104266c1cd9b8790b8cc80', 'fe53e5fd912286ef6f2931b1b5f6af925d6ba8612b52cf4612f735340f6bdd03', '7e9e9981d235d4a09b8b46708c0215576395d34c90ff4a4c28551b9f203cc6a1', '9eae491ae7ae8f7e6c9c8b5e92acd5ab47596433e684f776131e571500b733b2', 'cb3a0974f6c4548af0f1e348adac6a2b5c49e68264ae8f51ccb75ca115837e96', '8393891455d46f4991a9b62c23de49cc9cb7247f3a841e96d289b68fd6d48e04', '238a7c2b2713ab1aa04c6ce5248944b210a780f007a0a83da58a34f2239b79a7', '323255dfec282a5eb35a6faf55e37b549f9369070c9dce27b26e28c3454271fb', '768013fc4a45650686ba79646d9c5e6076f9f55a32fd3aec1c7e38a106a748ea', '54cde42dafb4767eed1cc39db414049e039dafe5e60f4a3388d9a1b17bbe5950', 'df190e455e620aa13f7fb7380239ab29a7c67cd5eac3bdf25ceba979c866b099', '772c6d90914838881c00689c47c797504b6e7868791e42b6f3fef66efa374687', '9526aa6f0418933fc20877177c4facf9c5e7f34d6e66f9a74a44af8360220184', 'c35f6cfd06fa544f667f6682f2649ec7bba1914aabbd9862828e7bdcd4836bc3', '6630a85400761a8556c32637b0cebb6a97ebebe84edcd5edd0d16dbe31b5d4c4', '674933b074f58e95d0a4348ce65beef0908269b550d58b4b3706e2c93c79e607', '54ed01a43288c3a7946e980c88f30450706a0edd51e9fa691b4a229ce40b3395', '568f19f5ef82e7a0d18fb9ca0ff215dfe82fe0dbcf7e7ca3eeae368715ac6461', '2fe46b031b4fb8cd92eb55bcc293352dc4d0dbd41d2e1a949a66383e4bd3fea2', '8231ebbaba5c13c3ac811d60bfdd7845b83df4321998662d036358b88b9212b1', '546c748717f794c45a451f86c8aac3fa48dfb7104d60b9dace91dc32aefdac45', '0d3d64eec45453f5202dd765b0a008930af92edfe89795d37ed9ca19631edcd5', '7cad57f92eff7fadbad8a380b6903cc71f8c57cc039ce5fd4490a1c51d8d0bb8']",1547778262802
198,8e8c66cc4b520228e2dee896ad31dff22619b1a9ed2b03108d8bae06269e2e64,"[-0.1599489450454712, 0.05985051393508911, 0.17370325326919556, 0.010439738631248474, 0.006793288514018059, -0.04533063620328903, -0.06637619435787201, 0.0350801981985569, 0.0642985850572586, -0.07625764608383179, -0.09463681280612946, -0.002085241489112377, -0.07818302512168884, 0.08481928706169128, -0.16701854765415192, 0.07113683223724365, 0.06938743591308594, 0.045754801481962204, 0.09402833878993988, -0.09545082598924637, -1.8856488168239594e-05, -0.01238749735057354, 0.06014383211731911, -0.07383274286985397, -0.010989529080688953, 0.014265281148254871, 0.012721710838377476, -0.026459990069270134, -0.0004729814827442169, 0.02803090587258339, -0.007276955060660839, 0.009276571683585644, 0.041108399629592896, 0.028249751776456833, 0.008121948689222336, -0.016211701557040215, 0.003922692500054836, 0.01494813896715641, -0.06624682992696762, -0.03138991817831993, 0.00037650123704224825, -0.06315553933382034, -0.06536222994327545, -0.05132355913519859, 0.02758525125682354, -0.03476780652999878, -0.018376588821411133, 0.009270898997783661, -0.023075591772794724, 0.019531041383743286]",['0d3d64eec45453f5202dd765b0a008930af92edfe89795d37ed9ca19631edcd5'],"['f822b7fb48b6e579eff16411c04bf4f59fe592c867904113bf167a67047eeab4', '463a481d295bc21290ee2958a17959622f2345f88f104266c1cd9b8790b8cc80', 'fe53e5fd912286ef6f2931b1b5f6af925d6ba8612b52cf4612f735340f6bdd03', '7e9e9981d235d4a09b8b46708c0215576395d34c90ff4a4c28551b9f203cc6a1', '9eae491ae7ae8f7e6c9c8b5e92acd5ab47596433e684f776131e571500b733b2', 'cb3a0974f6c4548af0f1e348adac6a2b5c49e68264ae8f51ccb75ca115837e96', '8393891455d46f4991a9b62c23de49cc9cb7247f3a841e96d289b68fd6d48e04', '238a7c2b2713ab1aa04c6ce5248944b210a780f007a0a83da58a34f2239b79a7', '323255dfec282a5eb35a6faf55e37b549f9369070c9dce27b26e28c3454271fb', '768013fc4a45650686ba79646d9c5e6076f9f55a32fd3aec1c7e38a106a748ea', '54cde42dafb4767eed1cc39db414049e039dafe5e60f4a3388d9a1b17bbe5950', 'df190e455e620aa13f7fb7380239ab29a7c67cd5eac3bdf25ceba979c866b099', '772c6d90914838881c00689c47c797504b6e7868791e42b6f3fef66efa374687', '9526aa6f0418933fc20877177c4facf9c5e7f34d6e66f9a74a44af8360220184', 'c35f6cfd06fa544f667f6682f2649ec7bba1914aabbd9862828e7bdcd4836bc3', '6630a85400761a8556c32637b0cebb6a97ebebe84edcd5edd0d16dbe31b5d4c4', '674933b074f58e95d0a4348ce65beef0908269b550d58b4b3706e2c93c79e607', '54ed01a43288c3a7946e980c88f30450706a0edd51e9fa691b4a229ce40b3395', '568f19f5ef82e7a0d18fb9ca0ff215dfe82fe0dbcf7e7ca3eeae368715ac6461', '2fe46b031b4fb8cd92eb55bcc293352dc4d0dbd41d2e1a949a66383e4bd3fea2', '8231ebbaba5c13c3ac811d60bfdd7845b83df4321998662d036358b88b9212b1', '546c748717f794c45a451f86c8aac3fa48dfb7104d60b9dace91dc32aefdac45', '0d3d64eec45453f5202dd765b0a008930af92edfe89795d37ed9ca19631edcd5', '7cad57f92eff7fadbad8a380b6903cc71f8c57cc039ce5fd4490a1c51d8d0bb8']",1547778262802
199,8e8c66cc4b520228e2dee896ad31dff22619b1a9ed2b03108d8bae06269e2e64,"[-0.1599489450454712, 0.05985051393508911, 0.17370325326919556, 0.010439738631248474, 0.006793288514018059, -0.04533063620328903, -0.06637619435787201, 0.0350801981985569, 0.0642985850572586, -0.07625764608383179, -0.09463681280612946, -0.002085241489112377, -0.07818302512168884, 0.08481928706169128, -0.16701854765415192, 0.07113683223724365, 0.06938743591308594, 0.045754801481962204, 0.09402833878993988, -0.09545082598924637, -1.8856488168239594e-05, -0.01238749735057354, 0.06014383211731911, -0.07383274286985397, -0.010989529080688953, 0.014265281148254871, 0.012721710838377476, -0.026459990069270134, -0.0004729814827442169, 0.02803090587258339, -0.007276955060660839, 0.009276571683585644, 0.041108399629592896, 0.028249751776456833, 0.008121948689222336, -0.016211701557040215, 0.003922692500054836, 0.01494813896715641, -0.06624682992696762, -0.03138991817831993, 0.00037650123704224825, -0.06315553933382034, -0.06536222994327545, -0.05132355913519859, 0.02758525125682354, -0.03476780652999878, -0.018376588821411133, 0.009270898997783661, -0.023075591772794724, 0.019531041383743286]",['0d3d64eec45453f5202dd765b0a008930af92edfe89795d37ed9ca19631edcd5'],"['f822b7fb48b6e579eff16411c04bf4f59fe592c867904113bf167a67047eeab4', '463a481d295bc21290ee2958a17959622f2345f88f104266c1cd9b8790b8cc80', 'fe53e5fd912286ef6f2931b1b5f6af925d6ba8612b52cf4612f735340f6bdd03', '7e9e9981d235d4a09b8b46708c0215576395d34c90ff4a4c28551b9f203cc6a1', '9eae491ae7ae8f7e6c9c8b5e92acd5ab47596433e684f776131e571500b733b2', 'cb3a0974f6c4548af0f1e348adac6a2b5c49e68264ae8f51ccb75ca115837e96', '8393891455d46f4991a9b62c23de49cc9cb7247f3a841e96d289b68fd6d48e04', '238a7c2b2713ab1aa04c6ce5248944b210a780f007a0a83da58a34f2239b79a7', '323255dfec282a5eb35a6faf55e37b549f9369070c9dce27b26e28c3454271fb', '768013fc4a45650686ba79646d9c5e6076f9f55a32fd3aec1c7e38a106a748ea', '54cde42dafb4767eed1cc39db414049e039dafe5e60f4a3388d9a1b17bbe5950', 'df190e455e620aa13f7fb7380239ab29a7c67cd5eac3bdf25ceba979c866b099', '772c6d90914838881c00689c47c797504b6e7868791e42b6f3fef66efa374687', '9526aa6f0418933fc20877177c4facf9c5e7f34d6e66f9a74a44af8360220184', 'c35f6cfd06fa544f667f6682f2649ec7bba1914aabbd9862828e7bdcd4836bc3', '6630a85400761a8556c32637b0cebb6a97ebebe84edcd5edd0d16dbe31b5d4c4', '674933b074f58e95d0a4348ce65beef0908269b550d58b4b3706e2c93c79e607', '54ed01a43288c3a7946e980c88f30450706a0edd51e9fa691b4a229ce40b3395', '568f19f5ef82e7a0d18fb9ca0ff215dfe82fe0dbcf7e7ca3eeae368715ac6461', '2fe46b031b4fb8cd92eb55bcc293352dc4d0dbd41d2e1a949a66383e4bd3fea2', '8231ebbaba5c13c3ac811d60bfdd7845b83df4321998662d036358b88b9212b1', '546c748717f794c45a451f86c8aac3fa48dfb7104d60b9dace91dc32aefdac45', '0d3d64eec45453f5202dd765b0a008930af92edfe89795d37ed9ca19631edcd5', '7cad57f92eff7fadbad8a380b6903cc71f8c57cc039ce5fd4490a1c51d8d0bb8']",1547778262802
200,8e8c66cc4b520228e2dee896ad31dff22619b1a9ed2b03108d8bae06269e2e64,"[-0.1816336214542389, 0.11263680458068848, 0.03496982157230377, -0.07720400393009186, 0.005971664562821388, -0.039350271224975586, -0.1481943130493164, -0.0042394488118588924, 0.09205202758312225, -0.031283535063266754, -0.05521868169307709, -0.04337594658136368, -0.16393548250198364, 0.16069018840789795, -0.18071821331977844, -0.06443493813276291, -0.04362092912197113, 0.09218969941139221, 0.015729205682873726, 0.013816050253808498, 0.02163894660770893, -0.05868475139141083, -0.051710665225982666, -0.08433197438716888, -0.08148641884326935, -0.014056321233510971, -0.027937719598412514, 0.08300090581178665, 0.02354702167212963, -0.014227240346372128, 0.0029445569962263107, -0.00335828959941864, 0.06995260715484619, -0.002464049030095339, 0.013319719582796097, -0.07137205451726913, 0.028059108182787895, 0.044997066259384155, -0.024416159838438034, -0.057762522250413895, -0.026065433397889137, 0.016901889815926552, -0.06231998652219772, 0.07932239025831223, 0.029739560559391975, -0.0011732745915651321, -0.053310319781303406, 0.016315694898366928, 0.025231221690773964, 0.03125029802322388]",,"['6891b35583f08ebc60b272130c914a8e37124208fa706989121b8e48285ad7cb', 'bbaf0ba9b63b2d26c664dd8f66c4ac9d52b54ad08e097995e23d0878ec9ff75b', '72f259dd71fd9e9eef6ffffa9888183024e652b052670c7ef10ad591549d2523', '946e87854364facb7c718facb81fb02cd29ae7eb824a8733e635b4d22cfa9efb', '44f2e4f4c252187e4e364c5c9e3ce5fbd5e9e8449cbb241a5da3f5f1e3d4fb0b', '7cad57f92eff7fadbad8a380b6903cc71f8c57cc039ce5fd4490a1c51d8d0bb8', 'd0f56e56d4298e020d548526657f44cdfaffe0f86e333255bf2f28fd1138a05a', '085c3fb6828e574a0fe7875bb44fe83ee7f3ffaa898085147bd1137b0822c83b', '8857842631b826718bcd4ad5bbd521f9b6085570078cdc9ff53e4facfc38a811', 'fc30a4a8bbb6767c391b004fa0e1d99df4432598955f04d07fe480eb3211876c', '7aff07f4597d5a0837c513625ff08ae665420d402fd5f6a990fb4aff84d22531', 'aaa4b0e8e814066c6030414894f51381669fc097a72815142edfc354fb017b0a', '3e10a66b177a912b0573de1e36335c3c851bcf209af47ef299dfa8b664e755ed', '69ee9c4bda0341e5ae7d48d61b3118d82ec9790293af35239e65544c05bbd747', '631eb6395d0ec0ad63b601fb10f377017f6754a8b869bf80a90d08f8024e2b5e', '57d119d182197bfdcc828c14389a4c2859c2ef2b34b89513c6d83fa9df39ab79', '7f456dda401100a3596693c8feaa3d884473e58bfe935ac481293b69665a86a5', '7e7ac25853617639e7425a265bfa0eadec348c420b83806cab7b40e5363f7cc3', '8dd75a6f008912f2cef172936ac665100595fb097063601ee4477fa07a3cb397', 'd716f7822d5a017d56c0c2dff059df9543df80c7ea18aed5f1ed2fec75ad5ffa', 'd6a63b3151488627c571daa2126e6829c1e667b84f1b4b7b36d36b1a595d5232', '0aa6ef28bf67f7c570c11ef5e1e03bc195f24dcb3061ba116abc234671cf2e59', '6644ebfdaa6b1f42a8d4ad2272ea8f195bf3bdff806a460497cab97a301e04b6', '0ec8c49f89c5adaf6ccdd8a8c3809a64d558c601a9588df42667318f6208a952', '8cc261c031d520b81c4c23149c5046e3c00910b58e45bb1569f2646cd956f617']",1547778402329
201,8e8c66cc4b520228e2dee896ad31dff22619b1a9ed2b03108d8bae06269e2e64,"[-0.1816336214542389, 0.11263680458068848, 0.03496982157230377, -0.07720400393009186, 0.005971664562821388, -0.039350271224975586, -0.1481943130493164, -0.0042394488118588924, 0.09205202758312225, -0.031283535063266754, -0.05521868169307709, -0.04337594658136368, -0.16393548250198364, 0.16069018840789795, -0.18071821331977844, -0.06443493813276291, -0.04362092912197113, 0.09218969941139221, 0.015729205682873726, 0.013816050253808498, 0.02163894660770893, -0.05868475139141083, -0.051710665225982666, -0.08433197438716888, -0.08148641884326935, -0.014056321233510971, -0.027937719598412514, 0.08300090581178665, 0.02354702167212963, -0.014227240346372128, 0.0029445569962263107, -0.00335828959941864, 0.06995260715484619, -0.002464049030095339, 0.013319719582796097, -0.07137205451726913, 0.028059108182787895, 0.044997066259384155, -0.024416159838438034, -0.057762522250413895, -0.026065433397889137, 0.016901889815926552, -0.06231998652219772, 0.07932239025831223, 0.029739560559391975, -0.0011732745915651321, -0.053310319781303406, 0.016315694898366928, 0.025231221690773964, 0.03125029802322388]",,"['6891b35583f08ebc60b272130c914a8e37124208fa706989121b8e48285ad7cb', 'bbaf0ba9b63b2d26c664dd8f66c4ac9d52b54ad08e097995e23d0878ec9ff75b', '72f259dd71fd9e9eef6ffffa9888183024e652b052670c7ef10ad591549d2523', '946e87854364facb7c718facb81fb02cd29ae7eb824a8733e635b4d22cfa9efb', '44f2e4f4c252187e4e364c5c9e3ce5fbd5e9e8449cbb241a5da3f5f1e3d4fb0b', '7cad57f92eff7fadbad8a380b6903cc71f8c57cc039ce5fd4490a1c51d8d0bb8', 'd0f56e56d4298e020d548526657f44cdfaffe0f86e333255bf2f28fd1138a05a', '085c3fb6828e574a0fe7875bb44fe83ee7f3ffaa898085147bd1137b0822c83b', '8857842631b826718bcd4ad5bbd521f9b6085570078cdc9ff53e4facfc38a811', 'fc30a4a8bbb6767c391b004fa0e1d99df4432598955f04d07fe480eb3211876c', '7aff07f4597d5a0837c513625ff08ae665420d402fd5f6a990fb4aff84d22531', 'aaa4b0e8e814066c6030414894f51381669fc097a72815142edfc354fb017b0a', '3e10a66b177a912b0573de1e36335c3c851bcf209af47ef299dfa8b664e755ed', '69ee9c4bda0341e5ae7d48d61b3118d82ec9790293af35239e65544c05bbd747', '631eb6395d0ec0ad63b601fb10f377017f6754a8b869bf80a90d08f8024e2b5e', '57d119d182197bfdcc828c14389a4c2859c2ef2b34b89513c6d83fa9df39ab79', '7f456dda401100a3596693c8feaa3d884473e58bfe935ac481293b69665a86a5', '7e7ac25853617639e7425a265bfa0eadec348c420b83806cab7b40e5363f7cc3', '8dd75a6f008912f2cef172936ac665100595fb097063601ee4477fa07a3cb397', 'd716f7822d5a017d56c0c2dff059df9543df80c7ea18aed5f1ed2fec75ad5ffa', 'd6a63b3151488627c571daa2126e6829c1e667b84f1b4b7b36d36b1a595d5232', '0aa6ef28bf67f7c570c11ef5e1e03bc195f24dcb3061ba116abc234671cf2e59', '6644ebfdaa6b1f42a8d4ad2272ea8f195bf3bdff806a460497cab97a301e04b6', '0ec8c49f89c5adaf6ccdd8a8c3809a64d558c601a9588df42667318f6208a952', '8cc261c031d520b81c4c23149c5046e3c00910b58e45bb1569f2646cd956f617']",1547778402329
202,8e8c66cc4b520228e2dee896ad31dff22619b1a9ed2b03108d8bae06269e2e64,"[-0.1816336214542389, 0.11263680458068848, 0.03496982157230377, -0.07720400393009186, 0.005971664562821388, -0.039350271224975586, -0.1481943130493164, -0.0042394488118588924, 0.09205202758312225, -0.031283535063266754, -0.05521868169307709, -0.04337594658136368, -0.16393548250198364, 0.16069018840789795, -0.18071821331977844, -0.06443493813276291, -0.04362092912197113, 0.09218969941139221, 0.015729205682873726, 0.013816050253808498, 0.02163894660770893, -0.05868475139141083, -0.051710665225982666, -0.08433197438716888, -0.08148641884326935, -0.014056321233510971, -0.027937719598412514, 0.08300090581178665, 0.02354702167212963, -0.014227240346372128, 0.0029445569962263107, -0.00335828959941864, 0.06995260715484619, -0.002464049030095339, 0.013319719582796097, -0.07137205451726913, 0.028059108182787895, 0.044997066259384155, -0.024416159838438034, -0.057762522250413895, -0.026065433397889137, 0.016901889815926552, -0.06231998652219772, 0.07932239025831223, 0.029739560559391975, -0.0011732745915651321, -0.053310319781303406, 0.016315694898366928, 0.025231221690773964, 0.03125029802322388]",,"['6891b35583f08ebc60b272130c914a8e37124208fa706989121b8e48285ad7cb', 'bbaf0ba9b63b2d26c664dd8f66c4ac9d52b54ad08e097995e23d0878ec9ff75b', '72f259dd71fd9e9eef6ffffa9888183024e652b052670c7ef10ad591549d2523', '946e87854364facb7c718facb81fb02cd29ae7eb824a8733e635b4d22cfa9efb', '44f2e4f4c252187e4e364c5c9e3ce5fbd5e9e8449cbb241a5da3f5f1e3d4fb0b', '7cad57f92eff7fadbad8a380b6903cc71f8c57cc039ce5fd4490a1c51d8d0bb8', 'd0f56e56d4298e020d548526657f44cdfaffe0f86e333255bf2f28fd1138a05a', '085c3fb6828e574a0fe7875bb44fe83ee7f3ffaa898085147bd1137b0822c83b', '8857842631b826718bcd4ad5bbd521f9b6085570078cdc9ff53e4facfc38a811', 'fc30a4a8bbb6767c391b004fa0e1d99df4432598955f04d07fe480eb3211876c', '7aff07f4597d5a0837c513625ff08ae665420d402fd5f6a990fb4aff84d22531', 'aaa4b0e8e814066c6030414894f51381669fc097a72815142edfc354fb017b0a', '3e10a66b177a912b0573de1e36335c3c851bcf209af47ef299dfa8b664e755ed', '69ee9c4bda0341e5ae7d48d61b3118d82ec9790293af35239e65544c05bbd747', '631eb6395d0ec0ad63b601fb10f377017f6754a8b869bf80a90d08f8024e2b5e', '57d119d182197bfdcc828c14389a4c2859c2ef2b34b89513c6d83fa9df39ab79', '7f456dda401100a3596693c8feaa3d884473e58bfe935ac481293b69665a86a5', '7e7ac25853617639e7425a265bfa0eadec348c420b83806cab7b40e5363f7cc3', '8dd75a6f008912f2cef172936ac665100595fb097063601ee4477fa07a3cb397', 'd716f7822d5a017d56c0c2dff059df9543df80c7ea18aed5f1ed2fec75ad5ffa', 'd6a63b3151488627c571daa2126e6829c1e667b84f1b4b7b36d36b1a595d5232', '0aa6ef28bf67f7c570c11ef5e1e03bc195f24dcb3061ba116abc234671cf2e59', '6644ebfdaa6b1f42a8d4ad2272ea8f195bf3bdff806a460497cab97a301e04b6', '0ec8c49f89c5adaf6ccdd8a8c3809a64d558c601a9588df42667318f6208a952', '8cc261c031d520b81c4c23149c5046e3c00910b58e45bb1569f2646cd956f617']",1547778402329
203,8e8c66cc4b520228e2dee896ad31dff22619b1a9ed2b03108d8bae06269e2e64,"[-0.1816336214542389, 0.11263680458068848, 0.03496982157230377, -0.07720400393009186, 0.005971664562821388, -0.039350271224975586, -0.1481943130493164, -0.0042394488118588924, 0.09205202758312225, -0.031283535063266754, -0.05521868169307709, -0.04337594658136368, -0.16393548250198364, 0.16069018840789795, -0.18071821331977844, -0.06443493813276291, -0.04362092912197113, 0.09218969941139221, 0.015729205682873726, 0.013816050253808498, 0.02163894660770893, -0.05868475139141083, -0.051710665225982666, -0.08433197438716888, -0.08148641884326935, -0.014056321233510971, -0.027937719598412514, 0.08300090581178665, 0.02354702167212963, -0.014227240346372128, 0.0029445569962263107, -0.00335828959941864, 0.06995260715484619, -0.002464049030095339, 0.013319719582796097, -0.07137205451726913, 0.028059108182787895, 0.044997066259384155, -0.024416159838438034, -0.057762522250413895, -0.026065433397889137, 0.016901889815926552, -0.06231998652219772, 0.07932239025831223, 0.029739560559391975, -0.0011732745915651321, -0.053310319781303406, 0.016315694898366928, 0.025231221690773964, 0.03125029802322388]",,"['6891b35583f08ebc60b272130c914a8e37124208fa706989121b8e48285ad7cb', 'bbaf0ba9b63b2d26c664dd8f66c4ac9d52b54ad08e097995e23d0878ec9ff75b', '72f259dd71fd9e9eef6ffffa9888183024e652b052670c7ef10ad591549d2523', '946e87854364facb7c718facb81fb02cd29ae7eb824a8733e635b4d22cfa9efb', '44f2e4f4c252187e4e364c5c9e3ce5fbd5e9e8449cbb241a5da3f5f1e3d4fb0b', '7cad57f92eff7fadbad8a380b6903cc71f8c57cc039ce5fd4490a1c51d8d0bb8', 'd0f56e56d4298e020d548526657f44cdfaffe0f86e333255bf2f28fd1138a05a', '085c3fb6828e574a0fe7875bb44fe83ee7f3ffaa898085147bd1137b0822c83b', '8857842631b826718bcd4ad5bbd521f9b6085570078cdc9ff53e4facfc38a811', 'fc30a4a8bbb6767c391b004fa0e1d99df4432598955f04d07fe480eb3211876c', '7aff07f4597d5a0837c513625ff08ae665420d402fd5f6a990fb4aff84d22531', 'aaa4b0e8e814066c6030414894f51381669fc097a72815142edfc354fb017b0a', '3e10a66b177a912b0573de1e36335c3c851bcf209af47ef299dfa8b664e755ed', '69ee9c4bda0341e5ae7d48d61b3118d82ec9790293af35239e65544c05bbd747', '631eb6395d0ec0ad63b601fb10f377017f6754a8b869bf80a90d08f8024e2b5e', '57d119d182197bfdcc828c14389a4c2859c2ef2b34b89513c6d83fa9df39ab79', '7f456dda401100a3596693c8feaa3d884473e58bfe935ac481293b69665a86a5', '7e7ac25853617639e7425a265bfa0eadec348c420b83806cab7b40e5363f7cc3', '8dd75a6f008912f2cef172936ac665100595fb097063601ee4477fa07a3cb397', 'd716f7822d5a017d56c0c2dff059df9543df80c7ea18aed5f1ed2fec75ad5ffa', 'd6a63b3151488627c571daa2126e6829c1e667b84f1b4b7b36d36b1a595d5232', '0aa6ef28bf67f7c570c11ef5e1e03bc195f24dcb3061ba116abc234671cf2e59', '6644ebfdaa6b1f42a8d4ad2272ea8f195bf3bdff806a460497cab97a301e04b6', '0ec8c49f89c5adaf6ccdd8a8c3809a64d558c601a9588df42667318f6208a952', '8cc261c031d520b81c4c23149c5046e3c00910b58e45bb1569f2646cd956f617']",1547778402329
204,8e8c66cc4b520228e2dee896ad31dff22619b1a9ed2b03108d8bae06269e2e64,"[-0.1816336214542389, 0.11263680458068848, 0.03496982157230377, -0.07720400393009186, 0.005971664562821388, -0.039350271224975586, -0.1481943130493164, -0.0042394488118588924, 0.09205202758312225, -0.031283535063266754, -0.05521868169307709, -0.04337594658136368, -0.16393548250198364, 0.16069018840789795, -0.18071821331977844, -0.06443493813276291, -0.04362092912197113, 0.09218969941139221, 0.015729205682873726, 0.013816050253808498, 0.02163894660770893, -0.05868475139141083, -0.051710665225982666, -0.08433197438716888, -0.08148641884326935, -0.014056321233510971, -0.027937719598412514, 0.08300090581178665, 0.02354702167212963, -0.014227240346372128, 0.0029445569962263107, -0.00335828959941864, 0.06995260715484619, -0.002464049030095339, 0.013319719582796097, -0.07137205451726913, 0.028059108182787895, 0.044997066259384155, -0.024416159838438034, -0.057762522250413895, -0.026065433397889137, 0.016901889815926552, -0.06231998652219772, 0.07932239025831223, 0.029739560559391975, -0.0011732745915651321, -0.053310319781303406, 0.016315694898366928, 0.025231221690773964, 0.03125029802322388]",,"['6891b35583f08ebc60b272130c914a8e37124208fa706989121b8e48285ad7cb', 'bbaf0ba9b63b2d26c664dd8f66c4ac9d52b54ad08e097995e23d0878ec9ff75b', '72f259dd71fd9e9eef6ffffa9888183024e652b052670c7ef10ad591549d2523', '946e87854364facb7c718facb81fb02cd29ae7eb824a8733e635b4d22cfa9efb', '44f2e4f4c252187e4e364c5c9e3ce5fbd5e9e8449cbb241a5da3f5f1e3d4fb0b', '7cad57f92eff7fadbad8a380b6903cc71f8c57cc039ce5fd4490a1c51d8d0bb8', 'd0f56e56d4298e020d548526657f44cdfaffe0f86e333255bf2f28fd1138a05a', '085c3fb6828e574a0fe7875bb44fe83ee7f3ffaa898085147bd1137b0822c83b', '8857842631b826718bcd4ad5bbd521f9b6085570078cdc9ff53e4facfc38a811', 'fc30a4a8bbb6767c391b004fa0e1d99df4432598955f04d07fe480eb3211876c', '7aff07f4597d5a0837c513625ff08ae665420d402fd5f6a990fb4aff84d22531', 'aaa4b0e8e814066c6030414894f51381669fc097a72815142edfc354fb017b0a', '3e10a66b177a912b0573de1e36335c3c851bcf209af47ef299dfa8b664e755ed', '69ee9c4bda0341e5ae7d48d61b3118d82ec9790293af35239e65544c05bbd747', '631eb6395d0ec0ad63b601fb10f377017f6754a8b869bf80a90d08f8024e2b5e', '57d119d182197bfdcc828c14389a4c2859c2ef2b34b89513c6d83fa9df39ab79', '7f456dda401100a3596693c8feaa3d884473e58bfe935ac481293b69665a86a5', '7e7ac25853617639e7425a265bfa0eadec348c420b83806cab7b40e5363f7cc3', '8dd75a6f008912f2cef172936ac665100595fb097063601ee4477fa07a3cb397', 'd716f7822d5a017d56c0c2dff059df9543df80c7ea18aed5f1ed2fec75ad5ffa', 'd6a63b3151488627c571daa2126e6829c1e667b84f1b4b7b36d36b1a595d5232', '0aa6ef28bf67f7c570c11ef5e1e03bc195f24dcb3061ba116abc234671cf2e59', '6644ebfdaa6b1f42a8d4ad2272ea8f195bf3bdff806a460497cab97a301e04b6', '0ec8c49f89c5adaf6ccdd8a8c3809a64d558c601a9588df42667318f6208a952', '8cc261c031d520b81c4c23149c5046e3c00910b58e45bb1569f2646cd956f617']",1547778402329
205,8e8c66cc4b520228e2dee896ad31dff22619b1a9ed2b03108d8bae06269e2e64,"[-0.1816336214542389, 0.11263680458068848, 0.03496982157230377, -0.07720400393009186, 0.005971664562821388, -0.039350271224975586, -0.1481943130493164, -0.0042394488118588924, 0.09205202758312225, -0.031283535063266754, -0.05521868169307709, -0.04337594658136368, -0.16393548250198364, 0.16069018840789795, -0.18071821331977844, -0.06443493813276291, -0.04362092912197113, 0.09218969941139221, 0.015729205682873726, 0.013816050253808498, 0.02163894660770893, -0.05868475139141083, -0.051710665225982666, -0.08433197438716888, -0.08148641884326935, -0.014056321233510971, -0.027937719598412514, 0.08300090581178665, 0.02354702167212963, -0.014227240346372128, 0.0029445569962263107, -0.00335828959941864, 0.06995260715484619, -0.002464049030095339, 0.013319719582796097, -0.07137205451726913, 0.028059108182787895, 0.044997066259384155, -0.024416159838438034, -0.057762522250413895, -0.026065433397889137, 0.016901889815926552, -0.06231998652219772, 0.07932239025831223, 0.029739560559391975, -0.0011732745915651321, -0.053310319781303406, 0.016315694898366928, 0.025231221690773964, 0.03125029802322388]",,"['6891b35583f08ebc60b272130c914a8e37124208fa706989121b8e48285ad7cb', 'bbaf0ba9b63b2d26c664dd8f66c4ac9d52b54ad08e097995e23d0878ec9ff75b', '72f259dd71fd9e9eef6ffffa9888183024e652b052670c7ef10ad591549d2523', '946e87854364facb7c718facb81fb02cd29ae7eb824a8733e635b4d22cfa9efb', '44f2e4f4c252187e4e364c5c9e3ce5fbd5e9e8449cbb241a5da3f5f1e3d4fb0b', '7cad57f92eff7fadbad8a380b6903cc71f8c57cc039ce5fd4490a1c51d8d0bb8', 'd0f56e56d4298e020d548526657f44cdfaffe0f86e333255bf2f28fd1138a05a', '085c3fb6828e574a0fe7875bb44fe83ee7f3ffaa898085147bd1137b0822c83b', '8857842631b826718bcd4ad5bbd521f9b6085570078cdc9ff53e4facfc38a811', 'fc30a4a8bbb6767c391b004fa0e1d99df4432598955f04d07fe480eb3211876c', '7aff07f4597d5a0837c513625ff08ae665420d402fd5f6a990fb4aff84d22531', 'aaa4b0e8e814066c6030414894f51381669fc097a72815142edfc354fb017b0a', '3e10a66b177a912b0573de1e36335c3c851bcf209af47ef299dfa8b664e755ed', '69ee9c4bda0341e5ae7d48d61b3118d82ec9790293af35239e65544c05bbd747', '631eb6395d0ec0ad63b601fb10f377017f6754a8b869bf80a90d08f8024e2b5e', '57d119d182197bfdcc828c14389a4c2859c2ef2b34b89513c6d83fa9df39ab79', '7f456dda401100a3596693c8feaa3d884473e58bfe935ac481293b69665a86a5', '7e7ac25853617639e7425a265bfa0eadec348c420b83806cab7b40e5363f7cc3', '8dd75a6f008912f2cef172936ac665100595fb097063601ee4477fa07a3cb397', 'd716f7822d5a017d56c0c2dff059df9543df80c7ea18aed5f1ed2fec75ad5ffa', 'd6a63b3151488627c571daa2126e6829c1e667b84f1b4b7b36d36b1a595d5232', '0aa6ef28bf67f7c570c11ef5e1e03bc195f24dcb3061ba116abc234671cf2e59', '6644ebfdaa6b1f42a8d4ad2272ea8f195bf3bdff806a460497cab97a301e04b6', '0ec8c49f89c5adaf6ccdd8a8c3809a64d558c601a9588df42667318f6208a952', '8cc261c031d520b81c4c23149c5046e3c00910b58e45bb1569f2646cd956f617']",1547778402329
206,8e8c66cc4b520228e2dee896ad31dff22619b1a9ed2b03108d8bae06269e2e64,"[-0.1816336214542389, 0.11263680458068848, 0.03496982157230377, -0.07720400393009186, 0.005971664562821388, -0.039350271224975586, -0.1481943130493164, -0.0042394488118588924, 0.09205202758312225, -0.031283535063266754, -0.05521868169307709, -0.04337594658136368, -0.16393548250198364, 0.16069018840789795, -0.18071821331977844, -0.06443493813276291, -0.04362092912197113, 0.09218969941139221, 0.015729205682873726, 0.013816050253808498, 0.02163894660770893, -0.05868475139141083, -0.051710665225982666, -0.08433197438716888, -0.08148641884326935, -0.014056321233510971, -0.027937719598412514, 0.08300090581178665, 0.02354702167212963, -0.014227240346372128, 0.0029445569962263107, -0.00335828959941864, 0.06995260715484619, -0.002464049030095339, 0.013319719582796097, -0.07137205451726913, 0.028059108182787895, 0.044997066259384155, -0.024416159838438034, -0.057762522250413895, -0.026065433397889137, 0.016901889815926552, -0.06231998652219772, 0.07932239025831223, 0.029739560559391975, -0.0011732745915651321, -0.053310319781303406, 0.016315694898366928, 0.025231221690773964, 0.03125029802322388]",,"['6891b35583f08ebc60b272130c914a8e37124208fa706989121b8e48285ad7cb', 'bbaf0ba9b63b2d26c664dd8f66c4ac9d52b54ad08e097995e23d0878ec9ff75b', '72f259dd71fd9e9eef6ffffa9888183024e652b052670c7ef10ad591549d2523', '946e87854364facb7c718facb81fb02cd29ae7eb824a8733e635b4d22cfa9efb', '44f2e4f4c252187e4e364c5c9e3ce5fbd5e9e8449cbb241a5da3f5f1e3d4fb0b', '7cad57f92eff7fadbad8a380b6903cc71f8c57cc039ce5fd4490a1c51d8d0bb8', 'd0f56e56d4298e020d548526657f44cdfaffe0f86e333255bf2f28fd1138a05a', '085c3fb6828e574a0fe7875bb44fe83ee7f3ffaa898085147bd1137b0822c83b', '8857842631b826718bcd4ad5bbd521f9b6085570078cdc9ff53e4facfc38a811', 'fc30a4a8bbb6767c391b004fa0e1d99df4432598955f04d07fe480eb3211876c', '7aff07f4597d5a0837c513625ff08ae665420d402fd5f6a990fb4aff84d22531', 'aaa4b0e8e814066c6030414894f51381669fc097a72815142edfc354fb017b0a', '3e10a66b177a912b0573de1e36335c3c851bcf209af47ef299dfa8b664e755ed', '69ee9c4bda0341e5ae7d48d61b3118d82ec9790293af35239e65544c05bbd747', '631eb6395d0ec0ad63b601fb10f377017f6754a8b869bf80a90d08f8024e2b5e', '57d119d182197bfdcc828c14389a4c2859c2ef2b34b89513c6d83fa9df39ab79', '7f456dda401100a3596693c8feaa3d884473e58bfe935ac481293b69665a86a5', '7e7ac25853617639e7425a265bfa0eadec348c420b83806cab7b40e5363f7cc3', '8dd75a6f008912f2cef172936ac665100595fb097063601ee4477fa07a3cb397', 'd716f7822d5a017d56c0c2dff059df9543df80c7ea18aed5f1ed2fec75ad5ffa', 'd6a63b3151488627c571daa2126e6829c1e667b84f1b4b7b36d36b1a595d5232', '0aa6ef28bf67f7c570c11ef5e1e03bc195f24dcb3061ba116abc234671cf2e59', '6644ebfdaa6b1f42a8d4ad2272ea8f195bf3bdff806a460497cab97a301e04b6', '0ec8c49f89c5adaf6ccdd8a8c3809a64d558c601a9588df42667318f6208a952', '8cc261c031d520b81c4c23149c5046e3c00910b58e45bb1569f2646cd956f617']",1547778402329
207,8e8c66cc4b520228e2dee896ad31dff22619b1a9ed2b03108d8bae06269e2e64,"[-0.1865483969449997, 0.08132695406675339, 0.2516065537929535, 0.028086107224225998, 0.030296845361590385, -0.06875889003276825, 0.015561331994831562, 0.016545549035072327, 0.12579989433288574, -0.0761721283197403, -0.09062239527702332, 0.007897399365901947, -0.048243336379528046, 0.09202106297016144, -0.171569362282753, 0.07312113791704178, 0.056618452072143555, 0.005292275454849005, 0.1097290962934494, -0.05889921635389328, -0.03245003521442413, 0.031639281660318375, 0.01316620223224163, -0.12864580750465393, -0.03632836043834686, 0.07619649171829224, 0.017405882477760315, 0.0007362742908298969, 0.011363556608557701, 0.058919914066791534, -0.07902584969997406, 0.03755028173327446, 0.05356857180595398, 0.03319057077169418, -0.010059460997581482, 0.02262600138783455, -0.013848462142050266, -0.006082119420170784, -0.01586928591132164, 0.030551422387361526, -0.08688285946846008, -0.09770858287811279, -0.0350324809551239, -0.04221947118639946, 0.011698399670422077, -0.016482867300510406, -0.05808190256357193, -0.0508878119289875, 0.017740000039339066, 0.03309363126754761]",,"['7cad57f92eff7fadbad8a380b6903cc71f8c57cc039ce5fd4490a1c51d8d0bb8', 'd0f56e56d4298e020d548526657f44cdfaffe0f86e333255bf2f28fd1138a05a', '085c3fb6828e574a0fe7875bb44fe83ee7f3ffaa898085147bd1137b0822c83b', '8857842631b826718bcd4ad5bbd521f9b6085570078cdc9ff53e4facfc38a811', 'fc30a4a8bbb6767c391b004fa0e1d99df4432598955f04d07fe480eb3211876c', '7aff07f4597d5a0837c513625ff08ae665420d402fd5f6a990fb4aff84d22531', 'aaa4b0e8e814066c6030414894f51381669fc097a72815142edfc354fb017b0a', '3e10a66b177a912b0573de1e36335c3c851bcf209af47ef299dfa8b664e755ed', '69ee9c4bda0341e5ae7d48d61b3118d82ec9790293af35239e65544c05bbd747', '631eb6395d0ec0ad63b601fb10f377017f6754a8b869bf80a90d08f8024e2b5e', '57d119d182197bfdcc828c14389a4c2859c2ef2b34b89513c6d83fa9df39ab79', '7f456dda401100a3596693c8feaa3d884473e58bfe935ac481293b69665a86a5', '7e7ac25853617639e7425a265bfa0eadec348c420b83806cab7b40e5363f7cc3', '8dd75a6f008912f2cef172936ac665100595fb097063601ee4477fa07a3cb397', 'd716f7822d5a017d56c0c2dff059df9543df80c7ea18aed5f1ed2fec75ad5ffa', 'd6a63b3151488627c571daa2126e6829c1e667b84f1b4b7b36d36b1a595d5232', '0aa6ef28bf67f7c570c11ef5e1e03bc195f24dcb3061ba116abc234671cf2e59', '6644ebfdaa6b1f42a8d4ad2272ea8f195bf3bdff806a460497cab97a301e04b6', '6ae30a5aa66fefa246cf8a92feec3d17dcb8ee6c07d27a5fc3d6902958503b4a', '46674c652f215b6c8ab70d176b200ec7783db4dd5e466589d475280167f9bb25', 'e9c1a35df947e6b07920aa034f6ca146592b851e04d161a1c13975f40c75b0e3', '05d63bf508c00dac5ea70f20d1bd0cdde53ac18c847550172a77b9a43a44941d', 'c7a475308c14a9826a37a8ef1017ea76014f06721da1dd82fe1c96d64133fd5c', 'b03792807c4ccc5d6a65576e43f4dd339cd6ab773f1c164986dd53a5cac5dda6', 'a46987accef5317abc5a7b4eaef712d97288e5a8bdf089d633b522969f5cac97']",1547778426275
208,8e8c66cc4b520228e2dee896ad31dff22619b1a9ed2b03108d8bae06269e2e64,"[-0.1865483969449997, 0.08132695406675339, 0.2516065537929535, 0.028086107224225998, 0.030296845361590385, -0.06875889003276825, 0.015561331994831562, 0.016545549035072327, 0.12579989433288574, -0.0761721283197403, -0.09062239527702332, 0.007897399365901947, -0.048243336379528046, 0.09202106297016144, -0.171569362282753, 0.07312113791704178, 0.056618452072143555, 0.005292275454849005, 0.1097290962934494, -0.05889921635389328, -0.03245003521442413, 0.031639281660318375, 0.01316620223224163, -0.12864580750465393, -0.03632836043834686, 0.07619649171829224, 0.017405882477760315, 0.0007362742908298969, 0.011363556608557701, 0.058919914066791534, -0.07902584969997406, 0.03755028173327446, 0.05356857180595398, 0.03319057077169418, -0.010059460997581482, 0.02262600138783455, -0.013848462142050266, -0.006082119420170784, -0.01586928591132164, 0.030551422387361526, -0.08688285946846008, -0.09770858287811279, -0.0350324809551239, -0.04221947118639946, 0.011698399670422077, -0.016482867300510406, -0.05808190256357193, -0.0508878119289875, 0.017740000039339066, 0.03309363126754761]",,"['7cad57f92eff7fadbad8a380b6903cc71f8c57cc039ce5fd4490a1c51d8d0bb8', 'd0f56e56d4298e020d548526657f44cdfaffe0f86e333255bf2f28fd1138a05a', '085c3fb6828e574a0fe7875bb44fe83ee7f3ffaa898085147bd1137b0822c83b', '8857842631b826718bcd4ad5bbd521f9b6085570078cdc9ff53e4facfc38a811', 'fc30a4a8bbb6767c391b004fa0e1d99df4432598955f04d07fe480eb3211876c', '7aff07f4597d5a0837c513625ff08ae665420d402fd5f6a990fb4aff84d22531', 'aaa4b0e8e814066c6030414894f51381669fc097a72815142edfc354fb017b0a', '3e10a66b177a912b0573de1e36335c3c851bcf209af47ef299dfa8b664e755ed', '69ee9c4bda0341e5ae7d48d61b3118d82ec9790293af35239e65544c05bbd747', '631eb6395d0ec0ad63b601fb10f377017f6754a8b869bf80a90d08f8024e2b5e', '57d119d182197bfdcc828c14389a4c2859c2ef2b34b89513c6d83fa9df39ab79', '7f456dda401100a3596693c8feaa3d884473e58bfe935ac481293b69665a86a5', '7e7ac25853617639e7425a265bfa0eadec348c420b83806cab7b40e5363f7cc3', '8dd75a6f008912f2cef172936ac665100595fb097063601ee4477fa07a3cb397', 'd716f7822d5a017d56c0c2dff059df9543df80c7ea18aed5f1ed2fec75ad5ffa', 'd6a63b3151488627c571daa2126e6829c1e667b84f1b4b7b36d36b1a595d5232', '0aa6ef28bf67f7c570c11ef5e1e03bc195f24dcb3061ba116abc234671cf2e59', '6644ebfdaa6b1f42a8d4ad2272ea8f195bf3bdff806a460497cab97a301e04b6', '6ae30a5aa66fefa246cf8a92feec3d17dcb8ee6c07d27a5fc3d6902958503b4a', '46674c652f215b6c8ab70d176b200ec7783db4dd5e466589d475280167f9bb25', 'e9c1a35df947e6b07920aa034f6ca146592b851e04d161a1c13975f40c75b0e3', '05d63bf508c00dac5ea70f20d1bd0cdde53ac18c847550172a77b9a43a44941d', 'c7a475308c14a9826a37a8ef1017ea76014f06721da1dd82fe1c96d64133fd5c', 'b03792807c4ccc5d6a65576e43f4dd339cd6ab773f1c164986dd53a5cac5dda6', 'a46987accef5317abc5a7b4eaef712d97288e5a8bdf089d633b522969f5cac97']",1547778426275
209,8e8c66cc4b520228e2dee896ad31dff22619b1a9ed2b03108d8bae06269e2e64,"[-0.1865483969449997, 0.08132695406675339, 0.2516065537929535, 0.028086107224225998, 0.030296845361590385, -0.06875889003276825, 0.015561331994831562, 0.016545549035072327, 0.12579989433288574, -0.0761721283197403, -0.09062239527702332, 0.007897399365901947, -0.048243336379528046, 0.09202106297016144, -0.171569362282753, 0.07312113791704178, 0.056618452072143555, 0.005292275454849005, 0.1097290962934494, -0.05889921635389328, -0.03245003521442413, 0.031639281660318375, 0.01316620223224163, -0.12864580750465393, -0.03632836043834686, 0.07619649171829224, 0.017405882477760315, 0.0007362742908298969, 0.011363556608557701, 0.058919914066791534, -0.07902584969997406, 0.03755028173327446, 0.05356857180595398, 0.03319057077169418, -0.010059460997581482, 0.02262600138783455, -0.013848462142050266, -0.006082119420170784, -0.01586928591132164, 0.030551422387361526, -0.08688285946846008, -0.09770858287811279, -0.0350324809551239, -0.04221947118639946, 0.011698399670422077, -0.016482867300510406, -0.05808190256357193, -0.0508878119289875, 0.017740000039339066, 0.03309363126754761]",,"['7cad57f92eff7fadbad8a380b6903cc71f8c57cc039ce5fd4490a1c51d8d0bb8', 'd0f56e56d4298e020d548526657f44cdfaffe0f86e333255bf2f28fd1138a05a', '085c3fb6828e574a0fe7875bb44fe83ee7f3ffaa898085147bd1137b0822c83b', '8857842631b826718bcd4ad5bbd521f9b6085570078cdc9ff53e4facfc38a811', 'fc30a4a8bbb6767c391b004fa0e1d99df4432598955f04d07fe480eb3211876c', '7aff07f4597d5a0837c513625ff08ae665420d402fd5f6a990fb4aff84d22531', 'aaa4b0e8e814066c6030414894f51381669fc097a72815142edfc354fb017b0a', '3e10a66b177a912b0573de1e36335c3c851bcf209af47ef299dfa8b664e755ed', '69ee9c4bda0341e5ae7d48d61b3118d82ec9790293af35239e65544c05bbd747', '631eb6395d0ec0ad63b601fb10f377017f6754a8b869bf80a90d08f8024e2b5e', '57d119d182197bfdcc828c14389a4c2859c2ef2b34b89513c6d83fa9df39ab79', '7f456dda401100a3596693c8feaa3d884473e58bfe935ac481293b69665a86a5', '7e7ac25853617639e7425a265bfa0eadec348c420b83806cab7b40e5363f7cc3', '8dd75a6f008912f2cef172936ac665100595fb097063601ee4477fa07a3cb397', 'd716f7822d5a017d56c0c2dff059df9543df80c7ea18aed5f1ed2fec75ad5ffa', 'd6a63b3151488627c571daa2126e6829c1e667b84f1b4b7b36d36b1a595d5232', '0aa6ef28bf67f7c570c11ef5e1e03bc195f24dcb3061ba116abc234671cf2e59', '6644ebfdaa6b1f42a8d4ad2272ea8f195bf3bdff806a460497cab97a301e04b6', '6ae30a5aa66fefa246cf8a92feec3d17dcb8ee6c07d27a5fc3d6902958503b4a', '46674c652f215b6c8ab70d176b200ec7783db4dd5e466589d475280167f9bb25', 'e9c1a35df947e6b07920aa034f6ca146592b851e04d161a1c13975f40c75b0e3', '05d63bf508c00dac5ea70f20d1bd0cdde53ac18c847550172a77b9a43a44941d', 'c7a475308c14a9826a37a8ef1017ea76014f06721da1dd82fe1c96d64133fd5c', 'b03792807c4ccc5d6a65576e43f4dd339cd6ab773f1c164986dd53a5cac5dda6', 'a46987accef5317abc5a7b4eaef712d97288e5a8bdf089d633b522969f5cac97']",1547778426275
210,8e8c66cc4b520228e2dee896ad31dff22619b1a9ed2b03108d8bae06269e2e64,"[-0.1865483969449997, 0.08132695406675339, 0.2516065537929535, 0.028086107224225998, 0.030296845361590385, -0.06875889003276825, 0.015561331994831562, 0.016545549035072327, 0.12579989433288574, -0.0761721283197403, -0.09062239527702332, 0.007897399365901947, -0.048243336379528046, 0.09202106297016144, -0.171569362282753, 0.07312113791704178, 0.056618452072143555, 0.005292275454849005, 0.1097290962934494, -0.05889921635389328, -0.03245003521442413, 0.031639281660318375, 0.01316620223224163, -0.12864580750465393, -0.03632836043834686, 0.07619649171829224, 0.017405882477760315, 0.0007362742908298969, 0.011363556608557701, 0.058919914066791534, -0.07902584969997406, 0.03755028173327446, 0.05356857180595398, 0.03319057077169418, -0.010059460997581482, 0.02262600138783455, -0.013848462142050266, -0.006082119420170784, -0.01586928591132164, 0.030551422387361526, -0.08688285946846008, -0.09770858287811279, -0.0350324809551239, -0.04221947118639946, 0.011698399670422077, -0.016482867300510406, -0.05808190256357193, -0.0508878119289875, 0.017740000039339066, 0.03309363126754761]",,"['7cad57f92eff7fadbad8a380b6903cc71f8c57cc039ce5fd4490a1c51d8d0bb8', 'd0f56e56d4298e020d548526657f44cdfaffe0f86e333255bf2f28fd1138a05a', '085c3fb6828e574a0fe7875bb44fe83ee7f3ffaa898085147bd1137b0822c83b', '8857842631b826718bcd4ad5bbd521f9b6085570078cdc9ff53e4facfc38a811', 'fc30a4a8bbb6767c391b004fa0e1d99df4432598955f04d07fe480eb3211876c', '7aff07f4597d5a0837c513625ff08ae665420d402fd5f6a990fb4aff84d22531', 'aaa4b0e8e814066c6030414894f51381669fc097a72815142edfc354fb017b0a', '3e10a66b177a912b0573de1e36335c3c851bcf209af47ef299dfa8b664e755ed', '69ee9c4bda0341e5ae7d48d61b3118d82ec9790293af35239e65544c05bbd747', '631eb6395d0ec0ad63b601fb10f377017f6754a8b869bf80a90d08f8024e2b5e', '57d119d182197bfdcc828c14389a4c2859c2ef2b34b89513c6d83fa9df39ab79', '7f456dda401100a3596693c8feaa3d884473e58bfe935ac481293b69665a86a5', '7e7ac25853617639e7425a265bfa0eadec348c420b83806cab7b40e5363f7cc3', '8dd75a6f008912f2cef172936ac665100595fb097063601ee4477fa07a3cb397', 'd716f7822d5a017d56c0c2dff059df9543df80c7ea18aed5f1ed2fec75ad5ffa', 'd6a63b3151488627c571daa2126e6829c1e667b84f1b4b7b36d36b1a595d5232', '0aa6ef28bf67f7c570c11ef5e1e03bc195f24dcb3061ba116abc234671cf2e59', '6644ebfdaa6b1f42a8d4ad2272ea8f195bf3bdff806a460497cab97a301e04b6', '6ae30a5aa66fefa246cf8a92feec3d17dcb8ee6c07d27a5fc3d6902958503b4a', '46674c652f215b6c8ab70d176b200ec7783db4dd5e466589d475280167f9bb25', 'e9c1a35df947e6b07920aa034f6ca146592b851e04d161a1c13975f40c75b0e3', '05d63bf508c00dac5ea70f20d1bd0cdde53ac18c847550172a77b9a43a44941d', 'c7a475308c14a9826a37a8ef1017ea76014f06721da1dd82fe1c96d64133fd5c', 'b03792807c4ccc5d6a65576e43f4dd339cd6ab773f1c164986dd53a5cac5dda6', 'a46987accef5317abc5a7b4eaef712d97288e5a8bdf089d633b522969f5cac97']",1547778426275
211,8e8c66cc4b520228e2dee896ad31dff22619b1a9ed2b03108d8bae06269e2e64,"[-0.1865483969449997, 0.08132695406675339, 0.2516065537929535, 0.028086107224225998, 0.030296845361590385, -0.06875889003276825, 0.015561331994831562, 0.016545549035072327, 0.12579989433288574, -0.0761721283197403, -0.09062239527702332, 0.007897399365901947, -0.048243336379528046, 0.09202106297016144, -0.171569362282753, 0.07312113791704178, 0.056618452072143555, 0.005292275454849005, 0.1097290962934494, -0.05889921635389328, -0.03245003521442413, 0.031639281660318375, 0.01316620223224163, -0.12864580750465393, -0.03632836043834686, 0.07619649171829224, 0.017405882477760315, 0.0007362742908298969, 0.011363556608557701, 0.058919914066791534, -0.07902584969997406, 0.03755028173327446, 0.05356857180595398, 0.03319057077169418, -0.010059460997581482, 0.02262600138783455, -0.013848462142050266, -0.006082119420170784, -0.01586928591132164, 0.030551422387361526, -0.08688285946846008, -0.09770858287811279, -0.0350324809551239, -0.04221947118639946, 0.011698399670422077, -0.016482867300510406, -0.05808190256357193, -0.0508878119289875, 0.017740000039339066, 0.03309363126754761]",,"['7cad57f92eff7fadbad8a380b6903cc71f8c57cc039ce5fd4490a1c51d8d0bb8', 'd0f56e56d4298e020d548526657f44cdfaffe0f86e333255bf2f28fd1138a05a', '085c3fb6828e574a0fe7875bb44fe83ee7f3ffaa898085147bd1137b0822c83b', '8857842631b826718bcd4ad5bbd521f9b6085570078cdc9ff53e4facfc38a811', 'fc30a4a8bbb6767c391b004fa0e1d99df4432598955f04d07fe480eb3211876c', '7aff07f4597d5a0837c513625ff08ae665420d402fd5f6a990fb4aff84d22531', 'aaa4b0e8e814066c6030414894f51381669fc097a72815142edfc354fb017b0a', '3e10a66b177a912b0573de1e36335c3c851bcf209af47ef299dfa8b664e755ed', '69ee9c4bda0341e5ae7d48d61b3118d82ec9790293af35239e65544c05bbd747', '631eb6395d0ec0ad63b601fb10f377017f6754a8b869bf80a90d08f8024e2b5e', '57d119d182197bfdcc828c14389a4c2859c2ef2b34b89513c6d83fa9df39ab79', '7f456dda401100a3596693c8feaa3d884473e58bfe935ac481293b69665a86a5', '7e7ac25853617639e7425a265bfa0eadec348c420b83806cab7b40e5363f7cc3', '8dd75a6f008912f2cef172936ac665100595fb097063601ee4477fa07a3cb397', 'd716f7822d5a017d56c0c2dff059df9543df80c7ea18aed5f1ed2fec75ad5ffa', 'd6a63b3151488627c571daa2126e6829c1e667b84f1b4b7b36d36b1a595d5232', '0aa6ef28bf67f7c570c11ef5e1e03bc195f24dcb3061ba116abc234671cf2e59', '6644ebfdaa6b1f42a8d4ad2272ea8f195bf3bdff806a460497cab97a301e04b6', '6ae30a5aa66fefa246cf8a92feec3d17dcb8ee6c07d27a5fc3d6902958503b4a', '46674c652f215b6c8ab70d176b200ec7783db4dd5e466589d475280167f9bb25', 'e9c1a35df947e6b07920aa034f6ca146592b851e04d161a1c13975f40c75b0e3', '05d63bf508c00dac5ea70f20d1bd0cdde53ac18c847550172a77b9a43a44941d', 'c7a475308c14a9826a37a8ef1017ea76014f06721da1dd82fe1c96d64133fd5c', 'b03792807c4ccc5d6a65576e43f4dd339cd6ab773f1c164986dd53a5cac5dda6', 'a46987accef5317abc5a7b4eaef712d97288e5a8bdf089d633b522969f5cac97']",1547778426275
212,8e8c66cc4b520228e2dee896ad31dff22619b1a9ed2b03108d8bae06269e2e64,"[-0.1865483969449997, 0.08132695406675339, 0.2516065537929535, 0.028086107224225998, 0.030296845361590385, -0.06875889003276825, 0.015561331994831562, 0.016545549035072327, 0.12579989433288574, -0.0761721283197403, -0.09062239527702332, 0.007897399365901947, -0.048243336379528046, 0.09202106297016144, -0.171569362282753, 0.07312113791704178, 0.056618452072143555, 0.005292275454849005, 0.1097290962934494, -0.05889921635389328, -0.03245003521442413, 0.031639281660318375, 0.01316620223224163, -0.12864580750465393, -0.03632836043834686, 0.07619649171829224, 0.017405882477760315, 0.0007362742908298969, 0.011363556608557701, 0.058919914066791534, -0.07902584969997406, 0.03755028173327446, 0.05356857180595398, 0.03319057077169418, -0.010059460997581482, 0.02262600138783455, -0.013848462142050266, -0.006082119420170784, -0.01586928591132164, 0.030551422387361526, -0.08688285946846008, -0.09770858287811279, -0.0350324809551239, -0.04221947118639946, 0.011698399670422077, -0.016482867300510406, -0.05808190256357193, -0.0508878119289875, 0.017740000039339066, 0.03309363126754761]",,"['7cad57f92eff7fadbad8a380b6903cc71f8c57cc039ce5fd4490a1c51d8d0bb8', 'd0f56e56d4298e020d548526657f44cdfaffe0f86e333255bf2f28fd1138a05a', '085c3fb6828e574a0fe7875bb44fe83ee7f3ffaa898085147bd1137b0822c83b', '8857842631b826718bcd4ad5bbd521f9b6085570078cdc9ff53e4facfc38a811', 'fc30a4a8bbb6767c391b004fa0e1d99df4432598955f04d07fe480eb3211876c', '7aff07f4597d5a0837c513625ff08ae665420d402fd5f6a990fb4aff84d22531', 'aaa4b0e8e814066c6030414894f51381669fc097a72815142edfc354fb017b0a', '3e10a66b177a912b0573de1e36335c3c851bcf209af47ef299dfa8b664e755ed', '69ee9c4bda0341e5ae7d48d61b3118d82ec9790293af35239e65544c05bbd747', '631eb6395d0ec0ad63b601fb10f377017f6754a8b869bf80a90d08f8024e2b5e', '57d119d182197bfdcc828c14389a4c2859c2ef2b34b89513c6d83fa9df39ab79', '7f456dda401100a3596693c8feaa3d884473e58bfe935ac481293b69665a86a5', '7e7ac25853617639e7425a265bfa0eadec348c420b83806cab7b40e5363f7cc3', '8dd75a6f008912f2cef172936ac665100595fb097063601ee4477fa07a3cb397', 'd716f7822d5a017d56c0c2dff059df9543df80c7ea18aed5f1ed2fec75ad5ffa', 'd6a63b3151488627c571daa2126e6829c1e667b84f1b4b7b36d36b1a595d5232', '0aa6ef28bf67f7c570c11ef5e1e03bc195f24dcb3061ba116abc234671cf2e59', '6644ebfdaa6b1f42a8d4ad2272ea8f195bf3bdff806a460497cab97a301e04b6', '6ae30a5aa66fefa246cf8a92feec3d17dcb8ee6c07d27a5fc3d6902958503b4a', '46674c652f215b6c8ab70d176b200ec7783db4dd5e466589d475280167f9bb25', 'e9c1a35df947e6b07920aa034f6ca146592b851e04d161a1c13975f40c75b0e3', '05d63bf508c00dac5ea70f20d1bd0cdde53ac18c847550172a77b9a43a44941d', 'c7a475308c14a9826a37a8ef1017ea76014f06721da1dd82fe1c96d64133fd5c', 'b03792807c4ccc5d6a65576e43f4dd339cd6ab773f1c164986dd53a5cac5dda6', 'a46987accef5317abc5a7b4eaef712d97288e5a8bdf089d633b522969f5cac97']",1547778426275
213,8e8c66cc4b520228e2dee896ad31dff22619b1a9ed2b03108d8bae06269e2e64,"[-0.1865483969449997, 0.08132695406675339, 0.2516065537929535, 0.028086107224225998, 0.030296845361590385, -0.06875889003276825, 0.015561331994831562, 0.016545549035072327, 0.12579989433288574, -0.0761721283197403, -0.09062239527702332, 0.007897399365901947, -0.048243336379528046, 0.09202106297016144, -0.171569362282753, 0.07312113791704178, 0.056618452072143555, 0.005292275454849005, 0.1097290962934494, -0.05889921635389328, -0.03245003521442413, 0.031639281660318375, 0.01316620223224163, -0.12864580750465393, -0.03632836043834686, 0.07619649171829224, 0.017405882477760315, 0.0007362742908298969, 0.011363556608557701, 0.058919914066791534, -0.07902584969997406, 0.03755028173327446, 0.05356857180595398, 0.03319057077169418, -0.010059460997581482, 0.02262600138783455, -0.013848462142050266, -0.006082119420170784, -0.01586928591132164, 0.030551422387361526, -0.08688285946846008, -0.09770858287811279, -0.0350324809551239, -0.04221947118639946, 0.011698399670422077, -0.016482867300510406, -0.05808190256357193, -0.0508878119289875, 0.017740000039339066, 0.03309363126754761]",,"['7cad57f92eff7fadbad8a380b6903cc71f8c57cc039ce5fd4490a1c51d8d0bb8', 'd0f56e56d4298e020d548526657f44cdfaffe0f86e333255bf2f28fd1138a05a', '085c3fb6828e574a0fe7875bb44fe83ee7f3ffaa898085147bd1137b0822c83b', '8857842631b826718bcd4ad5bbd521f9b6085570078cdc9ff53e4facfc38a811', 'fc30a4a8bbb6767c391b004fa0e1d99df4432598955f04d07fe480eb3211876c', '7aff07f4597d5a0837c513625ff08ae665420d402fd5f6a990fb4aff84d22531', 'aaa4b0e8e814066c6030414894f51381669fc097a72815142edfc354fb017b0a', '3e10a66b177a912b0573de1e36335c3c851bcf209af47ef299dfa8b664e755ed', '69ee9c4bda0341e5ae7d48d61b3118d82ec9790293af35239e65544c05bbd747', '631eb6395d0ec0ad63b601fb10f377017f6754a8b869bf80a90d08f8024e2b5e', '57d119d182197bfdcc828c14389a4c2859c2ef2b34b89513c6d83fa9df39ab79', '7f456dda401100a3596693c8feaa3d884473e58bfe935ac481293b69665a86a5', '7e7ac25853617639e7425a265bfa0eadec348c420b83806cab7b40e5363f7cc3', '8dd75a6f008912f2cef172936ac665100595fb097063601ee4477fa07a3cb397', 'd716f7822d5a017d56c0c2dff059df9543df80c7ea18aed5f1ed2fec75ad5ffa', 'd6a63b3151488627c571daa2126e6829c1e667b84f1b4b7b36d36b1a595d5232', '0aa6ef28bf67f7c570c11ef5e1e03bc195f24dcb3061ba116abc234671cf2e59', '6644ebfdaa6b1f42a8d4ad2272ea8f195bf3bdff806a460497cab97a301e04b6', '6ae30a5aa66fefa246cf8a92feec3d17dcb8ee6c07d27a5fc3d6902958503b4a', '46674c652f215b6c8ab70d176b200ec7783db4dd5e466589d475280167f9bb25', 'e9c1a35df947e6b07920aa034f6ca146592b851e04d161a1c13975f40c75b0e3', '05d63bf508c00dac5ea70f20d1bd0cdde53ac18c847550172a77b9a43a44941d', 'c7a475308c14a9826a37a8ef1017ea76014f06721da1dd82fe1c96d64133fd5c', 'b03792807c4ccc5d6a65576e43f4dd339cd6ab773f1c164986dd53a5cac5dda6', 'a46987accef5317abc5a7b4eaef712d97288e5a8bdf089d633b522969f5cac97']",1547778426275
214,8e8c66cc4b520228e2dee896ad31dff22619b1a9ed2b03108d8bae06269e2e64,"[-0.18700140714645386, 0.08424101769924164, 0.06378430128097534, -0.07121898233890533, 0.13224747776985168, -0.023811601102352142, -0.051873769611120224, -0.10188080370426178, 0.006022419780492783, -0.08051806688308716, -0.1713944971561432, 0.032097164541482925, -0.09431479871273041, 0.11044766008853912, -0.15409967303276062, -0.040873389691114426, -0.02785063348710537, 0.0628800094127655, 0.031345218420028687, -0.007813705131411552, -0.02477063611149788, -0.038777172565460205, -0.013093218207359314, -0.03213784098625183, -0.016058247536420822, -0.031066568568348885, -0.0009953840635716915, 0.02521577663719654, 0.012201538309454918, 0.02228330634534359, 0.01413736306130886, -0.022578440606594086, 0.018651306629180908, 0.032844532281160355, -0.03151622414588928, 0.0001483093947172165, 0.0035127841401845217, 0.036494944244623184, -0.022836340591311455, -0.022195031866431236, -0.0033462350256741047, -0.023098357021808624, -0.02285921387374401, -0.022764964029192924, 0.0007755914703011513, -0.0018262788653373718, -0.011657747440040112, 0.003386323805898428, -0.006843797862529755, 0.004610005300492048]",,"['93e2c569e57fa73bc984b7afc42b40ca5fdadcf8ed165d8448a3cedaac1c6c50', '2dbe1e585443e8e73c67fea465f61ccf5d75c8987cd8a96592aa9c75fb979300', '8e9090353f3075e1c7dcb7de296bb6b178dd91331bd13216fcd578d03a564be1', '3388422a54afd5a5f1e4a980e651fcecaa40a81e8b4fd5bd22cc0e07345c48ae', '80488713b0b1e7576c3d459665422c62ddc2764c4a68bda580ffcc41dd418c3c', '17dac6985464a24cfb956829581427cfd0f65a4051415fe9eefe4323bb743c07', 'f38f02b27daf17aed4cde3eb3599baa5dd1ac76bb059c9696e8fd1f556e3d57f', 'a6040ccd537a3e337c5866e1f52a971825ac67a86bd338731ceb21c11724be90', '609bee0618d8c7e267418adfd20cbdcd80fa31755c905c1b587f543fcdf22402', '642306f7ba20b105131861e630929f4167f5bf3537203c4650dfc18bbf4e171f', 'eb8da0f56c05c4d5267f2587fe268896e6502ddbb3a23f8307b8ca4f91031ede', 'cef3f21b878d7c8bcafed6314cec794c50c3f06bd9e0cd09d4df5a9cee18e6b8', 'a44e7f70cfea75329ae86710da2333da4955c2ec90e3a0661c241c6aa10f3622', '69ec7b96df458dbc674c4afdea4f76e818341e99a146498ca9cb5acb0f660fd2', '17d204df9e061304edde89e2c2e9ceb53cba784bf1e8ede1c206930001802488', 'c463f746ccc499f98e6ec2db030c8da2f02ed8883c5be4d30918c67fb5a6991b', '8fb03dbde31a14343e12e00269f71ca215a7196ce3195e2c593dde700404b331', 'ca5fc120d617f75891c9be49770c84c4123d6d83333529d824e29d5965b3774f', '7aa6ecfa6de6a69199bb303571dee0a5c0771d9f094a3ce912fe0c1adf39a87a', 'e5a41552ebfc6916116e5535179eb111b1558ee75ec57817d91b1d7f64b66899', '8ea36b9be70e96438ffa1bbd7666f51da07bae997fc0beb683150eeaf0835b69', '4c0f227d4dc47ac98d014db646f1742f4fd2cfc5c2eeaad18bf89bb1aa92644d', '2d632d624c08aaa5347a2635581b9c7a261421407b95ef31b6b5e1a83a3871be', 'aa20e5aad968e7e14df56a9aba1e69db7bbbbc880e8a061d8ae6ddfbf65ddba1', 'c2f2e91884ecd90e124bf77533eb021bdf676ed8d9d3eeffde47e9b8a9509255']",1547781175565
215,8e8c66cc4b520228e2dee896ad31dff22619b1a9ed2b03108d8bae06269e2e64,"[-0.18700140714645386, 0.08424101769924164, 0.06378430128097534, -0.07121898233890533, 0.13224747776985168, -0.023811601102352142, -0.051873769611120224, -0.10188080370426178, 0.006022419780492783, -0.08051806688308716, -0.1713944971561432, 0.032097164541482925, -0.09431479871273041, 0.11044766008853912, -0.15409967303276062, -0.040873389691114426, -0.02785063348710537, 0.0628800094127655, 0.031345218420028687, -0.007813705131411552, -0.02477063611149788, -0.038777172565460205, -0.013093218207359314, -0.03213784098625183, -0.016058247536420822, -0.031066568568348885, -0.0009953840635716915, 0.02521577663719654, 0.012201538309454918, 0.02228330634534359, 0.01413736306130886, -0.022578440606594086, 0.018651306629180908, 0.032844532281160355, -0.03151622414588928, 0.0001483093947172165, 0.0035127841401845217, 0.036494944244623184, -0.022836340591311455, -0.022195031866431236, -0.0033462350256741047, -0.023098357021808624, -0.02285921387374401, -0.022764964029192924, 0.0007755914703011513, -0.0018262788653373718, -0.011657747440040112, 0.003386323805898428, -0.006843797862529755, 0.004610005300492048]",,"['93e2c569e57fa73bc984b7afc42b40ca5fdadcf8ed165d8448a3cedaac1c6c50', '2dbe1e585443e8e73c67fea465f61ccf5d75c8987cd8a96592aa9c75fb979300', '8e9090353f3075e1c7dcb7de296bb6b178dd91331bd13216fcd578d03a564be1', '3388422a54afd5a5f1e4a980e651fcecaa40a81e8b4fd5bd22cc0e07345c48ae', '80488713b0b1e7576c3d459665422c62ddc2764c4a68bda580ffcc41dd418c3c', '17dac6985464a24cfb956829581427cfd0f65a4051415fe9eefe4323bb743c07', 'f38f02b27daf17aed4cde3eb3599baa5dd1ac76bb059c9696e8fd1f556e3d57f', 'a6040ccd537a3e337c5866e1f52a971825ac67a86bd338731ceb21c11724be90', '609bee0618d8c7e267418adfd20cbdcd80fa31755c905c1b587f543fcdf22402', '642306f7ba20b105131861e630929f4167f5bf3537203c4650dfc18bbf4e171f', 'eb8da0f56c05c4d5267f2587fe268896e6502ddbb3a23f8307b8ca4f91031ede', 'cef3f21b878d7c8bcafed6314cec794c50c3f06bd9e0cd09d4df5a9cee18e6b8', 'a44e7f70cfea75329ae86710da2333da4955c2ec90e3a0661c241c6aa10f3622', '69ec7b96df458dbc674c4afdea4f76e818341e99a146498ca9cb5acb0f660fd2', '17d204df9e061304edde89e2c2e9ceb53cba784bf1e8ede1c206930001802488', 'c463f746ccc499f98e6ec2db030c8da2f02ed8883c5be4d30918c67fb5a6991b', '8fb03dbde31a14343e12e00269f71ca215a7196ce3195e2c593dde700404b331', 'ca5fc120d617f75891c9be49770c84c4123d6d83333529d824e29d5965b3774f', '7aa6ecfa6de6a69199bb303571dee0a5c0771d9f094a3ce912fe0c1adf39a87a', 'e5a41552ebfc6916116e5535179eb111b1558ee75ec57817d91b1d7f64b66899', '8ea36b9be70e96438ffa1bbd7666f51da07bae997fc0beb683150eeaf0835b69', '4c0f227d4dc47ac98d014db646f1742f4fd2cfc5c2eeaad18bf89bb1aa92644d', '2d632d624c08aaa5347a2635581b9c7a261421407b95ef31b6b5e1a83a3871be', 'aa20e5aad968e7e14df56a9aba1e69db7bbbbc880e8a061d8ae6ddfbf65ddba1', 'c2f2e91884ecd90e124bf77533eb021bdf676ed8d9d3eeffde47e9b8a9509255']",1547781175565
216,8e8c66cc4b520228e2dee896ad31dff22619b1a9ed2b03108d8bae06269e2e64,"[-0.18700140714645386, 0.08424101769924164, 0.06378430128097534, -0.07121898233890533, 0.13224747776985168, -0.023811601102352142, -0.051873769611120224, -0.10188080370426178, 0.006022419780492783, -0.08051806688308716, -0.1713944971561432, 0.032097164541482925, -0.09431479871273041, 0.11044766008853912, -0.15409967303276062, -0.040873389691114426, -0.02785063348710537, 0.0628800094127655, 0.031345218420028687, -0.007813705131411552, -0.02477063611149788, -0.038777172565460205, -0.013093218207359314, -0.03213784098625183, -0.016058247536420822, -0.031066568568348885, -0.0009953840635716915, 0.02521577663719654, 0.012201538309454918, 0.02228330634534359, 0.01413736306130886, -0.022578440606594086, 0.018651306629180908, 0.032844532281160355, -0.03151622414588928, 0.0001483093947172165, 0.0035127841401845217, 0.036494944244623184, -0.022836340591311455, -0.022195031866431236, -0.0033462350256741047, -0.023098357021808624, -0.02285921387374401, -0.022764964029192924, 0.0007755914703011513, -0.0018262788653373718, -0.011657747440040112, 0.003386323805898428, -0.006843797862529755, 0.004610005300492048]",,"['93e2c569e57fa73bc984b7afc42b40ca5fdadcf8ed165d8448a3cedaac1c6c50', '2dbe1e585443e8e73c67fea465f61ccf5d75c8987cd8a96592aa9c75fb979300', '8e9090353f3075e1c7dcb7de296bb6b178dd91331bd13216fcd578d03a564be1', '3388422a54afd5a5f1e4a980e651fcecaa40a81e8b4fd5bd22cc0e07345c48ae', '80488713b0b1e7576c3d459665422c62ddc2764c4a68bda580ffcc41dd418c3c', '17dac6985464a24cfb956829581427cfd0f65a4051415fe9eefe4323bb743c07', 'f38f02b27daf17aed4cde3eb3599baa5dd1ac76bb059c9696e8fd1f556e3d57f', 'a6040ccd537a3e337c5866e1f52a971825ac67a86bd338731ceb21c11724be90', '609bee0618d8c7e267418adfd20cbdcd80fa31755c905c1b587f543fcdf22402', '642306f7ba20b105131861e630929f4167f5bf3537203c4650dfc18bbf4e171f', 'eb8da0f56c05c4d5267f2587fe268896e6502ddbb3a23f8307b8ca4f91031ede', 'cef3f21b878d7c8bcafed6314cec794c50c3f06bd9e0cd09d4df5a9cee18e6b8', 'a44e7f70cfea75329ae86710da2333da4955c2ec90e3a0661c241c6aa10f3622', '69ec7b96df458dbc674c4afdea4f76e818341e99a146498ca9cb5acb0f660fd2', '17d204df9e061304edde89e2c2e9ceb53cba784bf1e8ede1c206930001802488', 'c463f746ccc499f98e6ec2db030c8da2f02ed8883c5be4d30918c67fb5a6991b', '8fb03dbde31a14343e12e00269f71ca215a7196ce3195e2c593dde700404b331', 'ca5fc120d617f75891c9be49770c84c4123d6d83333529d824e29d5965b3774f', '7aa6ecfa6de6a69199bb303571dee0a5c0771d9f094a3ce912fe0c1adf39a87a', 'e5a41552ebfc6916116e5535179eb111b1558ee75ec57817d91b1d7f64b66899', '8ea36b9be70e96438ffa1bbd7666f51da07bae997fc0beb683150eeaf0835b69', '4c0f227d4dc47ac98d014db646f1742f4fd2cfc5c2eeaad18bf89bb1aa92644d', '2d632d624c08aaa5347a2635581b9c7a261421407b95ef31b6b5e1a83a3871be', 'aa20e5aad968e7e14df56a9aba1e69db7bbbbc880e8a061d8ae6ddfbf65ddba1', 'c2f2e91884ecd90e124bf77533eb021bdf676ed8d9d3eeffde47e9b8a9509255']",1547781175565
217,8e8c66cc4b520228e2dee896ad31dff22619b1a9ed2b03108d8bae06269e2e64,"[-0.18700140714645386, 0.08424101769924164, 0.06378430128097534, -0.07121898233890533, 0.13224747776985168, -0.023811601102352142, -0.051873769611120224, -0.10188080370426178, 0.006022419780492783, -0.08051806688308716, -0.1713944971561432, 0.032097164541482925, -0.09431479871273041, 0.11044766008853912, -0.15409967303276062, -0.040873389691114426, -0.02785063348710537, 0.0628800094127655, 0.031345218420028687, -0.007813705131411552, -0.02477063611149788, -0.038777172565460205, -0.013093218207359314, -0.03213784098625183, -0.016058247536420822, -0.031066568568348885, -0.0009953840635716915, 0.02521577663719654, 0.012201538309454918, 0.02228330634534359, 0.01413736306130886, -0.022578440606594086, 0.018651306629180908, 0.032844532281160355, -0.03151622414588928, 0.0001483093947172165, 0.0035127841401845217, 0.036494944244623184, -0.022836340591311455, -0.022195031866431236, -0.0033462350256741047, -0.023098357021808624, -0.02285921387374401, -0.022764964029192924, 0.0007755914703011513, -0.0018262788653373718, -0.011657747440040112, 0.003386323805898428, -0.006843797862529755, 0.004610005300492048]",,"['93e2c569e57fa73bc984b7afc42b40ca5fdadcf8ed165d8448a3cedaac1c6c50', '2dbe1e585443e8e73c67fea465f61ccf5d75c8987cd8a96592aa9c75fb979300', '8e9090353f3075e1c7dcb7de296bb6b178dd91331bd13216fcd578d03a564be1', '3388422a54afd5a5f1e4a980e651fcecaa40a81e8b4fd5bd22cc0e07345c48ae', '80488713b0b1e7576c3d459665422c62ddc2764c4a68bda580ffcc41dd418c3c', '17dac6985464a24cfb956829581427cfd0f65a4051415fe9eefe4323bb743c07', 'f38f02b27daf17aed4cde3eb3599baa5dd1ac76bb059c9696e8fd1f556e3d57f', 'a6040ccd537a3e337c5866e1f52a971825ac67a86bd338731ceb21c11724be90', '609bee0618d8c7e267418adfd20cbdcd80fa31755c905c1b587f543fcdf22402', '642306f7ba20b105131861e630929f4167f5bf3537203c4650dfc18bbf4e171f', 'eb8da0f56c05c4d5267f2587fe268896e6502ddbb3a23f8307b8ca4f91031ede', 'cef3f21b878d7c8bcafed6314cec794c50c3f06bd9e0cd09d4df5a9cee18e6b8', 'a44e7f70cfea75329ae86710da2333da4955c2ec90e3a0661c241c6aa10f3622', '69ec7b96df458dbc674c4afdea4f76e818341e99a146498ca9cb5acb0f660fd2', '17d204df9e061304edde89e2c2e9ceb53cba784bf1e8ede1c206930001802488', 'c463f746ccc499f98e6ec2db030c8da2f02ed8883c5be4d30918c67fb5a6991b', '8fb03dbde31a14343e12e00269f71ca215a7196ce3195e2c593dde700404b331', 'ca5fc120d617f75891c9be49770c84c4123d6d83333529d824e29d5965b3774f', '7aa6ecfa6de6a69199bb303571dee0a5c0771d9f094a3ce912fe0c1adf39a87a', 'e5a41552ebfc6916116e5535179eb111b1558ee75ec57817d91b1d7f64b66899', '8ea36b9be70e96438ffa1bbd7666f51da07bae997fc0beb683150eeaf0835b69', '4c0f227d4dc47ac98d014db646f1742f4fd2cfc5c2eeaad18bf89bb1aa92644d', '2d632d624c08aaa5347a2635581b9c7a261421407b95ef31b6b5e1a83a3871be', 'aa20e5aad968e7e14df56a9aba1e69db7bbbbc880e8a061d8ae6ddfbf65ddba1', 'c2f2e91884ecd90e124bf77533eb021bdf676ed8d9d3eeffde47e9b8a9509255']",1547781175565
218,8e8c66cc4b520228e2dee896ad31dff22619b1a9ed2b03108d8bae06269e2e64,"[-0.18700140714645386, 0.08424101769924164, 0.06378430128097534, -0.07121898233890533, 0.13224747776985168, -0.023811601102352142, -0.051873769611120224, -0.10188080370426178, 0.006022419780492783, -0.08051806688308716, -0.1713944971561432, 0.032097164541482925, -0.09431479871273041, 0.11044766008853912, -0.15409967303276062, -0.040873389691114426, -0.02785063348710537, 0.0628800094127655, 0.031345218420028687, -0.007813705131411552, -0.02477063611149788, -0.038777172565460205, -0.013093218207359314, -0.03213784098625183, -0.016058247536420822, -0.031066568568348885, -0.0009953840635716915, 0.02521577663719654, 0.012201538309454918, 0.02228330634534359, 0.01413736306130886, -0.022578440606594086, 0.018651306629180908, 0.032844532281160355, -0.03151622414588928, 0.0001483093947172165, 0.0035127841401845217, 0.036494944244623184, -0.022836340591311455, -0.022195031866431236, -0.0033462350256741047, -0.023098357021808624, -0.02285921387374401, -0.022764964029192924, 0.0007755914703011513, -0.0018262788653373718, -0.011657747440040112, 0.003386323805898428, -0.006843797862529755, 0.004610005300492048]",,"['93e2c569e57fa73bc984b7afc42b40ca5fdadcf8ed165d8448a3cedaac1c6c50', '2dbe1e585443e8e73c67fea465f61ccf5d75c8987cd8a96592aa9c75fb979300', '8e9090353f3075e1c7dcb7de296bb6b178dd91331bd13216fcd578d03a564be1', '3388422a54afd5a5f1e4a980e651fcecaa40a81e8b4fd5bd22cc0e07345c48ae', '80488713b0b1e7576c3d459665422c62ddc2764c4a68bda580ffcc41dd418c3c', '17dac6985464a24cfb956829581427cfd0f65a4051415fe9eefe4323bb743c07', 'f38f02b27daf17aed4cde3eb3599baa5dd1ac76bb059c9696e8fd1f556e3d57f', 'a6040ccd537a3e337c5866e1f52a971825ac67a86bd338731ceb21c11724be90', '609bee0618d8c7e267418adfd20cbdcd80fa31755c905c1b587f543fcdf22402', '642306f7ba20b105131861e630929f4167f5bf3537203c4650dfc18bbf4e171f', 'eb8da0f56c05c4d5267f2587fe268896e6502ddbb3a23f8307b8ca4f91031ede', 'cef3f21b878d7c8bcafed6314cec794c50c3f06bd9e0cd09d4df5a9cee18e6b8', 'a44e7f70cfea75329ae86710da2333da4955c2ec90e3a0661c241c6aa10f3622', '69ec7b96df458dbc674c4afdea4f76e818341e99a146498ca9cb5acb0f660fd2', '17d204df9e061304edde89e2c2e9ceb53cba784bf1e8ede1c206930001802488', 'c463f746ccc499f98e6ec2db030c8da2f02ed8883c5be4d30918c67fb5a6991b', '8fb03dbde31a14343e12e00269f71ca215a7196ce3195e2c593dde700404b331', 'ca5fc120d617f75891c9be49770c84c4123d6d83333529d824e29d5965b3774f', '7aa6ecfa6de6a69199bb303571dee0a5c0771d9f094a3ce912fe0c1adf39a87a', 'e5a41552ebfc6916116e5535179eb111b1558ee75ec57817d91b1d7f64b66899', '8ea36b9be70e96438ffa1bbd7666f51da07bae997fc0beb683150eeaf0835b69', '4c0f227d4dc47ac98d014db646f1742f4fd2cfc5c2eeaad18bf89bb1aa92644d', '2d632d624c08aaa5347a2635581b9c7a261421407b95ef31b6b5e1a83a3871be', 'aa20e5aad968e7e14df56a9aba1e69db7bbbbc880e8a061d8ae6ddfbf65ddba1', 'c2f2e91884ecd90e124bf77533eb021bdf676ed8d9d3eeffde47e9b8a9509255']",1547781175565
219,8e8c66cc4b520228e2dee896ad31dff22619b1a9ed2b03108d8bae06269e2e64,"[-0.18700140714645386, 0.08424101769924164, 0.06378430128097534, -0.07121898233890533, 0.13224747776985168, -0.023811601102352142, -0.051873769611120224, -0.10188080370426178, 0.006022419780492783, -0.08051806688308716, -0.1713944971561432, 0.032097164541482925, -0.09431479871273041, 0.11044766008853912, -0.15409967303276062, -0.040873389691114426, -0.02785063348710537, 0.0628800094127655, 0.031345218420028687, -0.007813705131411552, -0.02477063611149788, -0.038777172565460205, -0.013093218207359314, -0.03213784098625183, -0.016058247536420822, -0.031066568568348885, -0.0009953840635716915, 0.02521577663719654, 0.012201538309454918, 0.02228330634534359, 0.01413736306130886, -0.022578440606594086, 0.018651306629180908, 0.032844532281160355, -0.03151622414588928, 0.0001483093947172165, 0.0035127841401845217, 0.036494944244623184, -0.022836340591311455, -0.022195031866431236, -0.0033462350256741047, -0.023098357021808624, -0.02285921387374401, -0.022764964029192924, 0.0007755914703011513, -0.0018262788653373718, -0.011657747440040112, 0.003386323805898428, -0.006843797862529755, 0.004610005300492048]",,"['93e2c569e57fa73bc984b7afc42b40ca5fdadcf8ed165d8448a3cedaac1c6c50', '2dbe1e585443e8e73c67fea465f61ccf5d75c8987cd8a96592aa9c75fb979300', '8e9090353f3075e1c7dcb7de296bb6b178dd91331bd13216fcd578d03a564be1', '3388422a54afd5a5f1e4a980e651fcecaa40a81e8b4fd5bd22cc0e07345c48ae', '80488713b0b1e7576c3d459665422c62ddc2764c4a68bda580ffcc41dd418c3c', '17dac6985464a24cfb956829581427cfd0f65a4051415fe9eefe4323bb743c07', 'f38f02b27daf17aed4cde3eb3599baa5dd1ac76bb059c9696e8fd1f556e3d57f', 'a6040ccd537a3e337c5866e1f52a971825ac67a86bd338731ceb21c11724be90', '609bee0618d8c7e267418adfd20cbdcd80fa31755c905c1b587f543fcdf22402', '642306f7ba20b105131861e630929f4167f5bf3537203c4650dfc18bbf4e171f', 'eb8da0f56c05c4d5267f2587fe268896e6502ddbb3a23f8307b8ca4f91031ede', 'cef3f21b878d7c8bcafed6314cec794c50c3f06bd9e0cd09d4df5a9cee18e6b8', 'a44e7f70cfea75329ae86710da2333da4955c2ec90e3a0661c241c6aa10f3622', '69ec7b96df458dbc674c4afdea4f76e818341e99a146498ca9cb5acb0f660fd2', '17d204df9e061304edde89e2c2e9ceb53cba784bf1e8ede1c206930001802488', 'c463f746ccc499f98e6ec2db030c8da2f02ed8883c5be4d30918c67fb5a6991b', '8fb03dbde31a14343e12e00269f71ca215a7196ce3195e2c593dde700404b331', 'ca5fc120d617f75891c9be49770c84c4123d6d83333529d824e29d5965b3774f', '7aa6ecfa6de6a69199bb303571dee0a5c0771d9f094a3ce912fe0c1adf39a87a', 'e5a41552ebfc6916116e5535179eb111b1558ee75ec57817d91b1d7f64b66899', '8ea36b9be70e96438ffa1bbd7666f51da07bae997fc0beb683150eeaf0835b69', '4c0f227d4dc47ac98d014db646f1742f4fd2cfc5c2eeaad18bf89bb1aa92644d', '2d632d624c08aaa5347a2635581b9c7a261421407b95ef31b6b5e1a83a3871be', 'aa20e5aad968e7e14df56a9aba1e69db7bbbbc880e8a061d8ae6ddfbf65ddba1', 'c2f2e91884ecd90e124bf77533eb021bdf676ed8d9d3eeffde47e9b8a9509255']",1547781175565
220,8e8c66cc4b520228e2dee896ad31dff22619b1a9ed2b03108d8bae06269e2e64,"[-0.18700140714645386, 0.08424101769924164, 0.06378430128097534, -0.07121898233890533, 0.13224747776985168, -0.023811601102352142, -0.051873769611120224, -0.10188080370426178, 0.006022419780492783, -0.08051806688308716, -0.1713944971561432, 0.032097164541482925, -0.09431479871273041, 0.11044766008853912, -0.15409967303276062, -0.040873389691114426, -0.02785063348710537, 0.0628800094127655, 0.031345218420028687, -0.007813705131411552, -0.02477063611149788, -0.038777172565460205, -0.013093218207359314, -0.03213784098625183, -0.016058247536420822, -0.031066568568348885, -0.0009953840635716915, 0.02521577663719654, 0.012201538309454918, 0.02228330634534359, 0.01413736306130886, -0.022578440606594086, 0.018651306629180908, 0.032844532281160355, -0.03151622414588928, 0.0001483093947172165, 0.0035127841401845217, 0.036494944244623184, -0.022836340591311455, -0.022195031866431236, -0.0033462350256741047, -0.023098357021808624, -0.02285921387374401, -0.022764964029192924, 0.0007755914703011513, -0.0018262788653373718, -0.011657747440040112, 0.003386323805898428, -0.006843797862529755, 0.004610005300492048]",,"['93e2c569e57fa73bc984b7afc42b40ca5fdadcf8ed165d8448a3cedaac1c6c50', '2dbe1e585443e8e73c67fea465f61ccf5d75c8987cd8a96592aa9c75fb979300', '8e9090353f3075e1c7dcb7de296bb6b178dd91331bd13216fcd578d03a564be1', '3388422a54afd5a5f1e4a980e651fcecaa40a81e8b4fd5bd22cc0e07345c48ae', '80488713b0b1e7576c3d459665422c62ddc2764c4a68bda580ffcc41dd418c3c', '17dac6985464a24cfb956829581427cfd0f65a4051415fe9eefe4323bb743c07', 'f38f02b27daf17aed4cde3eb3599baa5dd1ac76bb059c9696e8fd1f556e3d57f', 'a6040ccd537a3e337c5866e1f52a971825ac67a86bd338731ceb21c11724be90', '609bee0618d8c7e267418adfd20cbdcd80fa31755c905c1b587f543fcdf22402', '642306f7ba20b105131861e630929f4167f5bf3537203c4650dfc18bbf4e171f', 'eb8da0f56c05c4d5267f2587fe268896e6502ddbb3a23f8307b8ca4f91031ede', 'cef3f21b878d7c8bcafed6314cec794c50c3f06bd9e0cd09d4df5a9cee18e6b8', 'a44e7f70cfea75329ae86710da2333da4955c2ec90e3a0661c241c6aa10f3622', '69ec7b96df458dbc674c4afdea4f76e818341e99a146498ca9cb5acb0f660fd2', '17d204df9e061304edde89e2c2e9ceb53cba784bf1e8ede1c206930001802488', 'c463f746ccc499f98e6ec2db030c8da2f02ed8883c5be4d30918c67fb5a6991b', '8fb03dbde31a14343e12e00269f71ca215a7196ce3195e2c593dde700404b331', 'ca5fc120d617f75891c9be49770c84c4123d6d83333529d824e29d5965b3774f', '7aa6ecfa6de6a69199bb303571dee0a5c0771d9f094a3ce912fe0c1adf39a87a', 'e5a41552ebfc6916116e5535179eb111b1558ee75ec57817d91b1d7f64b66899', '8ea36b9be70e96438ffa1bbd7666f51da07bae997fc0beb683150eeaf0835b69', '4c0f227d4dc47ac98d014db646f1742f4fd2cfc5c2eeaad18bf89bb1aa92644d', '2d632d624c08aaa5347a2635581b9c7a261421407b95ef31b6b5e1a83a3871be', 'aa20e5aad968e7e14df56a9aba1e69db7bbbbc880e8a061d8ae6ddfbf65ddba1', 'c2f2e91884ecd90e124bf77533eb021bdf676ed8d9d3eeffde47e9b8a9509255']",1547781175565
221,1258bfadd2e6ff449786a3545b4ed9d2b279a4d9b1a8c3e5f8cf6466f998b786,"[-0.024618830531835556, -0.10456520318984985, -0.02508598193526268, 0.10812349617481232, -0.15430553257465363, -0.006307616364210844, -0.11199001222848892, 0.01911880448460579, 0.019204307347536087, 0.004382879938930273, 0.06813620775938034, 0.004050760995596647, -0.05638447403907776, -0.09391516447067261, -0.00802010390907526, -0.012260712683200836, 0.007829269394278526, -0.01670946553349495, -0.10376798361539841, -0.06067024916410446, -0.04574473947286606, 0.003975169733166695, 0.041828352957963943, -0.0014794358285143971, 0.013311220332980156, 0.06272189319133759, -0.026832200586795807, 0.05062052980065346, -0.06571054458618164, 0.05280260741710663, 0.03114059381186962, 0.010935182683169842, -0.04549498111009598, 0.06573275476694107, -0.05574381351470947, -0.018766723573207855, -0.06811743974685669, -0.003988379146903753, 0.028158076107501984, 0.07003017514944077, -0.1474127620458603, 0.06344086676836014, 0.024299632757902145, -0.03986414521932602, -0.026228033006191254, -0.024670155718922615, 0.03579724580049515, -0.07517409324645996, -0.002043209969997406, -0.05392805486917496]",,"['666160cc80923477e65aa3a2c90a4ca9d0c520ab8e910079e0634f7af6893f61', '1cb444a4c074f51d5130d1934c115bd51e5766dfefa908115715765a57366a14', '5726e99b3425c24886a1f40618d1dccd906c57e4da0407766f39fcc42a8c98a5', '72b24191eb7796d2222a4cbf764153725d383496dcb750dd4f3260e5524c9ca0']",1547792087921
222,247db8d721703624e55bfacd4d16e792fb89fafafd43f266a353e9e30217bbe8,"[-0.018799802288413048, -0.2817137837409973, 0.12754514813423157, 0.06283983588218689, 0.003068487625569105, 0.016169896349310875, 0.04153359308838844, -0.003974690102040768, -0.004898102954030037, 0.024432681500911713, 0.0015594915021210909, -0.045026205480098724, -0.024051176384091377, -0.009228287264704704, 0.010707431472837925, -0.03374845162034035, -0.0017365673556923866, -0.008625096641480923, 0.05531135946512222, -0.057812318205833435, 0.04496525228023529, -0.10263655334711075, 0.002298950217664242, 0.036635421216487885, 0.0038518495857715607, -0.05264861136674881, 0.00760564673691988, -0.023444902151823044, 0.014416799880564213, -0.024524236097931862, -0.09993454813957214, 0.0296202190220356, 0.05014413595199585, 0.13355758786201477, -0.06869682669639587, 0.05178561434149742, 0.019047865644097328, -0.062345027923583984, 0.04327116161584854, 0.09833569824695587, 0.025306811556220055, 0.014146411791443825, -0.004121575504541397, 0.07505230605602264, -0.05275731533765793, -0.024148236960172653, 0.038751523941755295, 0.024498600512742996, 0.05524304509162903, 0.03376254066824913]",,,1549127371226
223,9c51900d7919ce58cf71f60b9364e20be998e7008ddbafd01b68b7836c9749c1,"[-0.00941082276403904, -0.3733048439025879, 0.0832938700914383, 0.14646625518798828, 0.02140672877430916, 0.10238413512706757, 0.045694950968027115, -0.03837166726589203, -0.08121412992477417, -0.09001941233873367, -0.09993042796850204, 0.06256908923387527, 0.002277478575706482, 0.02384336106479168, 0.024895010516047478, -0.05411460995674133, -0.03160925209522247, -0.13392959535121918, -0.023298567160964012, 0.03646349161863327, 0.030183235183358192, -0.015188842080533504, -0.09585905820131302, 0.06888149678707123, -0.0016528591513633728, -0.013591617345809937, 0.08020026236772537, -0.0059632351621985435, 0.11825786530971527, -0.03562399744987488, -0.054506681859493256, 0.05202045664191246, 0.04534795880317688, -0.002822685521095991, 0.00959707796573639, -0.048410482704639435, 0.007217430509626865, -0.03450702130794525, 0.04279181361198425, 0.07140049338340759, -0.00399705721065402, -0.022318510338664055, -0.0005328911356627941, 0.01747189834713936, -0.020969947800040245, -0.021312672644853592, -0.02053503505885601, -0.0430111438035965, 0.07346896827220917, 0.032477375119924545]",['ddea69f7ad95cc337aed119c26ffa40f4f4ccbe3d5bfab5fd9d92fd83d4589cd'],"['e5d7506b30152c8452377d53f7fa02a9afae8d9bcb57ae2fabccbf203adeb3de', 'ddea69f7ad95cc337aed119c26ffa40f4f4ccbe3d5bfab5fd9d92fd83d4589cd']",1548888732463
224,f3457849a8ed364ddf10b6e812c33cf978cf0ed0e54376b39fbd7d22425e1fd0,"[-0.004879745654761791, -0.24741621315479279, 0.06855770945549011, 0.07259301841259003, 0.12294302135705948, 0.03408890962600708, 0.0883258581161499, -0.056788135319948196, -0.01879987306892872, -0.0582057349383831, -0.018353663384914398, -0.015373939648270607, 0.002834683982655406, -0.026542991399765015, -0.003999054431915283, -0.0234004445374012, -0.013996054418385029, 0.0026118787936866283, 0.027180446311831474, 0.0213718693703413, 0.013905251398682594, -0.005030542612075806, 0.007381075993180275, 0.0010561412200331688, -0.0019655246287584305, 0.0010204326827079058, 0.0016639921814203262, 0.018430670723319054, 0.026433587074279785, -0.013158081099390984, -0.015684690326452255, -0.0030588917434215546, -0.031186850741505623, 0.019947132095694542, -0.004035280551761389, -0.006605661474168301, -0.011340565979480743, 0.004205482080578804, -0.0044288490898907185, 0.016960211098194122, 0.007006908301264048, -0.010100617073476315, 0.016410119831562042, -0.009964271448552608, 0.0072665950283408165, -0.007456965744495392, 0.016460593789815903, 0.017761318013072014, 0.018712276592850685, 0.003995158709585667]",,,1548119444471
225,f3457849a8ed364ddf10b6e812c33cf978cf0ed0e54376b39fbd7d22425e1fd0,"[-0.004879745654761791, -0.24741621315479279, 0.06855770945549011, 0.07259301841259003, 0.12294302135705948, 0.03408890962600708, 0.0883258581161499, -0.056788135319948196, -0.01879987306892872, -0.0582057349383831, -0.018353663384914398, -0.015373939648270607, 0.002834683982655406, -0.026542991399765015, -0.003999054431915283, -0.0234004445374012, -0.013996054418385029, 0.0026118787936866283, 0.027180446311831474, 0.0213718693703413, 0.013905251398682594, -0.005030542612075806, 0.007381075993180275, 0.0010561412200331688, -0.0019655246287584305, 0.0010204326827079058, 0.0016639921814203262, 0.018430670723319054, 0.026433587074279785, -0.013158081099390984, -0.015684690326452255, -0.0030588917434215546, -0.031186850741505623, 0.019947132095694542, -0.004035280551761389, -0.006605661474168301, -0.011340565979480743, 0.004205482080578804, -0.0044288490898907185, 0.016960211098194122, 0.007006908301264048, -0.010100617073476315, 0.016410119831562042, -0.009964271448552608, 0.0072665950283408165, -0.007456965744495392, 0.016460593789815903, 0.017761318013072014, 0.018712276592850685, 0.003995158709585667]",,,1548119444471
226,343e45d441324611559e2bd07eafe28cfec58dffe26006848642188bdccacc95,"[-0.08482929319143295, -0.1322026252746582, -0.03375380486249924, -0.006700972095131874, -0.11531616747379303, 0.06686791032552719, -0.02069682627916336, -0.03751899302005768, -0.1265881210565567, -0.24056433141231537, -0.07862673699855804, 0.027848219498991966, 0.02571932040154934, 0.013775503262877464, 0.09636679291725159, 0.012505915015935898, -0.08155497908592224, 0.023786084726452827, -0.042335398495197296, 0.051485635340213776, 0.035982612520456314, 0.12552286684513092, 0.02992578223347664, 0.029952621087431908, 0.024646557867527008, 0.04554162174463272, 0.013642609119415283, 0.0345974825322628, -0.047715313732624054, -0.034751541912555695, 0.04463610798120499, -0.05120006948709488, -0.045143336057662964, 0.014322048053145409, -0.06399523466825485, -0.007928101345896721, 0.04051220789551735, -0.012601550668478012, 0.021776899695396423, -0.024027451872825623, 0.0751948133111, -0.007340865675359964, 0.029477674514055252, -0.03889131546020508, 0.04799861088395119, 0.013723285868763924, 0.03420190140604973, -0.013826570473611355, -0.04612182825803757, 0.005195999518036842]",,"['7d9477e185a937fbffd03adefa30c84ee1d7e68b1fdae14cbcecbaca86286992', '67c9c006eff1be394e992acc3b495e9e5936fadb5f561bf803310e45d73a802e', '96a682a6e8b5e43d8074e0771629e00f02dad83403fba82b074750d3e6a747f3', 'fe752bd39fd0ab541312cf035dcf0071092e9bd56a886ac4d714ca44c40fb1b7', 'f3aab41b6ba992467282ee7fa257b4d86a9615b04db9de52caf03ef4cc26ae62']",1548098368939
227,343e45d441324611559e2bd07eafe28cfec58dffe26006848642188bdccacc95,"[-0.08482929319143295, -0.1322026252746582, -0.03375380486249924, -0.006700972095131874, -0.11531616747379303, 0.06686791032552719, -0.02069682627916336, -0.03751899302005768, -0.1265881210565567, -0.24056433141231537, -0.07862673699855804, 0.027848219498991966, 0.02571932040154934, 0.013775503262877464, 0.09636679291725159, 0.012505915015935898, -0.08155497908592224, 0.023786084726452827, -0.042335398495197296, 0.051485635340213776, 0.035982612520456314, 0.12552286684513092, 0.02992578223347664, 0.029952621087431908, 0.024646557867527008, 0.04554162174463272, 0.013642609119415283, 0.0345974825322628, -0.047715313732624054, -0.034751541912555695, 0.04463610798120499, -0.05120006948709488, -0.045143336057662964, 0.014322048053145409, -0.06399523466825485, -0.007928101345896721, 0.04051220789551735, -0.012601550668478012, 0.021776899695396423, -0.024027451872825623, 0.0751948133111, -0.007340865675359964, 0.029477674514055252, -0.03889131546020508, 0.04799861088395119, 0.013723285868763924, 0.03420190140604973, -0.013826570473611355, -0.04612182825803757, 0.005195999518036842]",,"['7d9477e185a937fbffd03adefa30c84ee1d7e68b1fdae14cbcecbaca86286992', '67c9c006eff1be394e992acc3b495e9e5936fadb5f561bf803310e45d73a802e', '96a682a6e8b5e43d8074e0771629e00f02dad83403fba82b074750d3e6a747f3', 'fe752bd39fd0ab541312cf035dcf0071092e9bd56a886ac4d714ca44c40fb1b7', 'f3aab41b6ba992467282ee7fa257b4d86a9615b04db9de52caf03ef4cc26ae62']",1548098368939
228,0c444ff0e3b40f0ab5fe47581e21b6d1d860c876edf2d0476c0ad40481a1f5db,"[-0.16219952702522278, 0.14081554114818573, 0.18894188106060028, 0.15881255269050598, 0.031201988458633423, 0.029834358021616936, -0.06566762924194336, -0.04637589305639267, 0.09226639568805695, -0.03283710405230522, 0.1032416969537735, 0.04139946401119232, 0.0016860514879226685, -0.03595825657248497, 0.0023821964859962463, -0.009546997025609016, -0.0498366504907608, 0.0033861249685287476, 0.03638824075460434, 0.003704822389408946, -0.007346571888774633, -0.010055821388959885, -0.019841771572828293, 0.02088584192097187, 0.07628849148750305, 0.01353524625301361, 0.05768313258886337, 0.0011216984130442142, -0.026323143392801285, 0.0015028174966573715, 0.01193895936012268, 0.025753183290362358, -0.031437113881111145, 0.00016136531485244632, -0.038790710270404816, 0.01649908907711506, -0.04160453379154205, -0.010735598392784595, 0.04054395109415054, -0.03572037070989609, 0.002415359951555729, -0.022848937660455704, -0.015008886344730854, -0.035268813371658325, 0.024188872426748276, 0.0117806950584054, 0.004714082460850477, 0.0034759175032377243, 0.0019139749929308891, 0.03721087425947189]","['9558cec0186602c0d3eab35b9f05da2a84f82aaaaa891756d10d372d5aa1c88b', '9558cec0186602c0d3eab35b9f05da2a84f82aaaaa891756d10d372d5aa1c88b', '9558cec0186602c0d3eab35b9f05da2a84f82aaaaa891756d10d372d5aa1c88b', '9558cec0186602c0d3eab35b9f05da2a84f82aaaaa891756d10d372d5aa1c88b', '9558cec0186602c0d3eab35b9f05da2a84f82aaaaa891756d10d372d5aa1c88b', '9558cec0186602c0d3eab35b9f05da2a84f82aaaaa891756d10d372d5aa1c88b', '9558cec0186602c0d3eab35b9f05da2a84f82aaaaa891756d10d372d5aa1c88b', '9558cec0186602c0d3eab35b9f05da2a84f82aaaaa891756d10d372d5aa1c88b', '9558cec0186602c0d3eab35b9f05da2a84f82aaaaa891756d10d372d5aa1c88b', '9558cec0186602c0d3eab35b9f05da2a84f82aaaaa891756d10d372d5aa1c88b', '9558cec0186602c0d3eab35b9f05da2a84f82aaaaa891756d10d372d5aa1c88b']","['fbb99a11d43df80b6e57ec546f35327ab11e3a2befbfc3aa873d686643b28208', '9558cec0186602c0d3eab35b9f05da2a84f82aaaaa891756d10d372d5aa1c88b', '4c5c0608bead7e4b06fae593de3f70fb2c839652e0d22b82b7f6de1b474c1eda', 'f9fb6e01e0ed5c1a018b8bfe439237cdbf016eda6853c2d644661e1b3da5496f', '293231f99098fc9552a19111d8ed7b6188bf0721b1a5016e9213ea20dfe3d6ae', 'f56ab674ec01aaad7ee0767c8147d523634d7ba97202e630aa621de63f116b6e', 'be67db031adef0d334ccbcc9fa22fe0794465b74c844b2987756b5348c2cad1d', 'b35e4a9f3da63b4b4610f8992e9e518f878d15f7b1521734329f8800ad2ca5a1', 'd73fd9aed157d67cd5d1ccc4efe17f821c0aecd9646e49b4e123a3cc82929ab0', '27db9ad869d01e269a3b410c5a10c47efffa9d91f563a09af28a7cfb2e4253dd', '5bd38817c74d47e962888a60e7665c1a17cf7ce11a8e21f172b0a27f3a239364', 'd9f70d2116940bcf10264d881fb4d29e9b4cebe9f75fd70edabf856350219ce9', '72b68848a747fe4b6d29820d5a8161324021f007ac6e5c96f4302b75aabab73c', 'b81e2e45a260e46be2b2c47f351bc639e80f1b7388a0a0843bc6692c5f4532a6', 'cbb5b59dd5b93ef3fcc6ccfdeaccf834fd3ae392c87256a5b8702f7cf3cf7523', '54fb21b68b0377706f4df6bbb2fd892fac29cbf45a7613fa57c6943ec2e8fb38', 'c942b3b73e6db68877801c5127782b75d52979f8758b810e9b32132c294767bc', 'f2848ec0faefb7d13231aee8b58541b9c744dc099ecbe0a4eb35be33f2cc4204', '9ce6f3f878ee43839f7a3c432248174b5f4e6044b7ca431917792fab5591576f', 'de22dbed7ba189010c2077e5f2789e7f82e76c0bd60bd4bad9b680fdf086d1f3', '884efe6fb259a45933903adc51ccab27bea552942b1ecdeb1194d23b710fa49b', '1add5331ec7c6901704076ac5f5b8e87ded693ed532b7e6a68f776d9038f16f1', '82daa5f04a476a4139e6b333857baf0c43f270714f4fbaa7259d95c5993b149d', '4966b716bf1551471172a50ccf6332ae36fed2ca9093ff6b4ab2ff0f45b1064b', '5fc771b1b0277db75a5f45dcf580b141161f66c2b0ee42143fddbddb0da7d01f']",1548007839842
229,c462d2707b440a73c2bf4855e82a3154e12b2cc409e7b740b4e55d514a12d8cb,"[-0.03031102754175663, -0.2988535165786743, 0.09715171158313751, 0.12391459941864014, -0.1786091923713684, 0.02547886222600937, -0.04240035638213158, 0.13519588112831116, -0.11736729741096497, -0.22933904826641083, -0.07295437157154083, 0.06942136585712433, -0.003694700077176094, 0.042194969952106476, 0.08432810008525848, -0.024805249646306038, -0.1256023496389389, 0.01416930090636015, 0.019719252362847328, -0.018884606659412384, -0.026752151548862457, 0.13386206328868866, 0.11975576728582382, 0.06235995888710022, 0.04128250852227211, -0.09435707330703735, 0.004671592731028795, 0.06025195121765137, 0.04050956666469574, -0.022269323468208313, -0.04505027085542679, -0.06443712115287781, -0.04359272122383118, 0.1092890053987503, 0.0053573958575725555, -0.027802158147096634, -0.031485721468925476, -0.10365854203701019, -0.03335869312286377, -0.09951232373714447, 0.03779106214642525, 0.022690925747156143, 0.05620415508747101, -0.014566082507371902, -0.0016205422580242157, -0.06942995637655258, 0.05065373331308365, -0.0010725772008299828, -0.07564900815486908, -0.043003521859645844]",,,1549139005259
230,056b11bfab6fa08520b0b963f55c3ac37b708797ffa8f85522a45009b669b98d,"[0.132139191031456, -0.3678528070449829, 0.15248706936836243, 0.14194658398628235, 0.09325524419546127, 0.024197641760110855, -0.0038115419447422028, -0.06006312370300293, -0.04249894618988037, 0.0259120874106884, 0.020673777908086777, 0.16074956953525543, 0.009421690367162228, -0.031187480315566063, -0.02102607674896717, -0.027873434126377106, -0.03882426396012306, -0.003046976402401924, -0.0020077060908079147, 0.000868634320795536, -0.05602209270000458, -0.029477860778570175, -0.014911608770489693, -0.012518702074885368, 0.02900155819952488, -0.08624908328056335, -0.009713450446724892, -0.04997404292225838, 0.060620855540037155, -0.005006364081054926, -0.0605333186686039, 0.0019468343816697598, 0.010577807202935219, -0.006912203039973974, 0.045967914164066315, -0.040942586958408356, 0.005357767455279827, -0.042303524911403656, -0.020323850214481354, -0.024562623351812363, 0.03829982876777649, -0.02118566259741783, 0.06952463090419769, 0.004243559204041958, -0.05051741003990173, 0.054361991584300995, 0.026903053745627403, 0.027955539524555206, -0.009131102822721004, -0.01499246247112751]",['e912747de763d3373f7a72feb9fba3af0abcbde159ec1c72d6a213fa2162d6cd'],"['524ff51ed9ea3498f1a2f38ad4ab76b7e6d3b70c42ec9d5f11fb0da6432a0c52', '02b53d428728356042addff56a8f5d8235ce024390e382eff062a9da26a60e28', '693180652650fb4d030d24fb0dc25d9aa741cab4b74a779474ce13ba8475440e', '1f5db901f59a16b9b34c1f905ef27afba37bce46159b974c495fbec96e12ab33', '653bca0cea3558758ae6f0483bc0c82e04c754aa850fd7b7ad59442708225169', '076e831962de4fb1021afc6c010605df328ca15c50bee2157df967e3033c1491', '52b7a9646d02ed7f78f340ceabc56fe121dabd9af1f02ff2bdbc5f1aaeadb460', '39bb3d20715f6b3757d8e9904230be12a9e008cf2d80724654c780b7adc5c2b6', 'e912747de763d3373f7a72feb9fba3af0abcbde159ec1c72d6a213fa2162d6cd', '99e2375d386425148bb24e038a582fb0491a63b90660ff1f2e0be0542bc822f3', 'd294db823ad2d20b4fec3510a74dc408d11e9e33b4368136dfa1e448417cce33', 'd46e378cf479d1722d4b81145c7d7c0fb79a0070a3b7018454c24d61f5bc1222', 'f2051981485a596784d43d92edb1dcdb41fc6483458d6f9847bc9bf4ae5d1d3a', '5fbf44a8722b1b2d88aff5672cdde670f61704f30e35ded5650838e33eb41dfc', 'd0a7a6822a68cba97e8f35e07d9772d3d6bb5967613228b1c2f6d25de4fbadbd', '7d716b425c224100d0e2753887b9179cf76a85657867e914289d67dd08ac5e77', '0514f29d9ed389401d39681ce0d5fec8ce9c0da13a54204d04f8835cd37beefc', 'a1200f604a1a02288135e6a720e7fefb700d97979f27a24378a13ceb99cb41da', 'ab107948476447f18f244a7275ed6f54a6ab3f4f7e73f873f39fbe86b2d9eefc', '792f007d2056d359e01825348a5fc03c709b959664afdb54534d03c9377ada5d', '2436f7c7c903aff202c4aa5ae96e142acdcece160584cfadf82a9cd3ac6c5583', 'af13d8c5600e33ab4e6e0430c9a804cbd7ae1fdee7f526573da56e64fd525d74', 'd8a73289a60b9fe4a7a2812ab4ee3a2cd95c48dfe6ec14e5896dcd919c725fed', 'c984ba41807163a373e37c5c4ec46aefd8883789532479215317c95d87cb2e5b', '748d38ea05e9d4ee97ed1ae43453925f54f205a88d27894b6d586c005e1bcc88']",1547929607074
231,503bf380ce52ee121b260230917e58a24778ca3c58472d0baaedc4031b609b11,"[-0.027131468057632446, -0.20153146982192993, 0.14282676577568054, 0.09493719786405563, 0.03755853697657585, -0.018188295885920525, -0.17391106486320496, -0.044387850910425186, 0.0705014318227768, 0.11581505835056305, 0.08057145029306412, -0.2002023607492447, 0.05663169175386429, 0.05012167990207672, -0.05537484213709831, -0.027486857026815414, -0.0035138260573148727, -0.061556458473205566, 0.09988496452569962, -0.02506464719772339, 0.019418055191636086, 0.05153237655758858, 0.04175897687673569, -0.07337126135826111, -0.08559833467006683, 0.04738099128007889, -0.10105125606060028, -0.0062915184535086155, 0.021244116127490997, -0.05824750289320946, 0.04002561420202255, -0.06783990561962128, -0.10431922972202301, 0.030769232660531998, -0.016649672761559486, 0.14783093333244324, -0.009652934968471527, -0.055819325149059296, -0.0346798300743103, 0.02444133535027504, 0.015183152630925179, 0.023999806493520737, -0.03222908079624176, -0.0327981673181057, -0.010055584833025932, 0.08734962344169617, 0.05304975435137749, 0.07976998388767242, -0.0003369823098182678, 0.025114379823207855]",,"['cb683bec5780e7cef18967a884c195f3805673abd6e641b1e0916a92402be291', '749969a0954d7a3140e28f5c4ed33dd31d17bf95b28f14bdf9b163dedcee6ebe', '0aea76bc482309a44ac4bb8a461446004855a9418029da36b2ce89a4fca3dd3a', 'b71ab0a84b084aabf8e1034e34d032b673fcc589f11101649581d31300de3d40', 'e2420f45d8f2e67708e5d0310e8361415be7f462663a18af7f256f9c7665b038', '8721b5ebd79b7a35ab787d1cd8a013eea80ffc99cf16b62268241d58b08ef121', '969aa90dd55696360524ba84fc39e77f13e75f9e0a667098b73d252c717f76f2', 'f34d087da9e1e9dc25a300c6571b9e768e46f350971b9c2460b562e6104bc49c', '56e9531819044bb70b80b2e3f798dbd4f71b08cd7a1a052c0fb7859c9aabaf07', '6d227bdd4e07f8b2536d04513fd2e4003b9550292a657c72cec6a8c9a1878371', '65c8589a43d383bc05623774d15c6a09c86c3ffd6d97a37b71f02ed30155064b', 'f82741bfc42307158e1366f0a0b0daf392be42ae0ae485c07b444c418f332793', 'a5f5bfa5a1d6acfbc2369571667c473b159e17650b6cdff08612cb249228ad4a']",1547735130849
232,503bf380ce52ee121b260230917e58a24778ca3c58472d0baaedc4031b609b11,"[-0.027131468057632446, -0.20153146982192993, 0.14282676577568054, 0.09493719786405563, 0.03755853697657585, -0.018188295885920525, -0.17391106486320496, -0.044387850910425186, 0.0705014318227768, 0.11581505835056305, 0.08057145029306412, -0.2002023607492447, 0.05663169175386429, 0.05012167990207672, -0.05537484213709831, -0.027486857026815414, -0.0035138260573148727, -0.061556458473205566, 0.09988496452569962, -0.02506464719772339, 0.019418055191636086, 0.05153237655758858, 0.04175897687673569, -0.07337126135826111, -0.08559833467006683, 0.04738099128007889, -0.10105125606060028, -0.0062915184535086155, 0.021244116127490997, -0.05824750289320946, 0.04002561420202255, -0.06783990561962128, -0.10431922972202301, 0.030769232660531998, -0.016649672761559486, 0.14783093333244324, -0.009652934968471527, -0.055819325149059296, -0.0346798300743103, 0.02444133535027504, 0.015183152630925179, 0.023999806493520737, -0.03222908079624176, -0.0327981673181057, -0.010055584833025932, 0.08734962344169617, 0.05304975435137749, 0.07976998388767242, -0.0003369823098182678, 0.025114379823207855]",,"['cb683bec5780e7cef18967a884c195f3805673abd6e641b1e0916a92402be291', '749969a0954d7a3140e28f5c4ed33dd31d17bf95b28f14bdf9b163dedcee6ebe', '0aea76bc482309a44ac4bb8a461446004855a9418029da36b2ce89a4fca3dd3a', 'b71ab0a84b084aabf8e1034e34d032b673fcc589f11101649581d31300de3d40', 'e2420f45d8f2e67708e5d0310e8361415be7f462663a18af7f256f9c7665b038', '8721b5ebd79b7a35ab787d1cd8a013eea80ffc99cf16b62268241d58b08ef121', '969aa90dd55696360524ba84fc39e77f13e75f9e0a667098b73d252c717f76f2', 'f34d087da9e1e9dc25a300c6571b9e768e46f350971b9c2460b562e6104bc49c', '56e9531819044bb70b80b2e3f798dbd4f71b08cd7a1a052c0fb7859c9aabaf07', '6d227bdd4e07f8b2536d04513fd2e4003b9550292a657c72cec6a8c9a1878371', '65c8589a43d383bc05623774d15c6a09c86c3ffd6d97a37b71f02ed30155064b', 'f82741bfc42307158e1366f0a0b0daf392be42ae0ae485c07b444c418f332793', 'a5f5bfa5a1d6acfbc2369571667c473b159e17650b6cdff08612cb249228ad4a']",1547735130849
233,503bf380ce52ee121b260230917e58a24778ca3c58472d0baaedc4031b609b11,"[0.10508611798286438, -0.30449897050857544, 0.09609340131282806, 0.09532296657562256, 0.2124418020248413, 0.003212147392332554, 0.02517079934477806, 0.047392576932907104, 0.022496560588479042, 0.1811370551586151, 0.05881234630942345, 0.06324593722820282, 0.01280688401311636, -0.02964838594198227, -0.020287660881876945, 0.0049149710685014725, 0.05994398146867752, -0.004836062900722027, 0.057143792510032654, -0.04717466980218887, 0.034788187593221664, -0.13174965977668762, -0.055000048130750656, 0.026831138879060745, -0.07835324108600616, -0.042376644909381866, -0.0038522519171237946, 0.00012182444334030151, 0.06582141667604446, -0.03940219059586525, -0.010212155058979988, -0.05439518392086029, -0.05066074803471565, -0.010594179853796959, -0.009990599006414413, 0.05823539197444916, -0.017114287242293358, 0.03811641037464142, -0.04103928431868553, -0.05640321224927902, -0.023470653221011162, -0.029892880469560623, 0.048004329204559326, -0.05250076204538345, 0.023650504648685455, 0.05933564156293869, 0.004268469754606485, 0.016384588554501534, 0.0004722476005554199, -0.032763898372650146]","['4ddc21155b5117d2ddda0d8955ec3f72e05c756e98413d461aeba7df19ee03e9', '4ddc21155b5117d2ddda0d8955ec3f72e05c756e98413d461aeba7df19ee03e9', '4ddc21155b5117d2ddda0d8955ec3f72e05c756e98413d461aeba7df19ee03e9', '4ddc21155b5117d2ddda0d8955ec3f72e05c756e98413d461aeba7df19ee03e9', '4ddc21155b5117d2ddda0d8955ec3f72e05c756e98413d461aeba7df19ee03e9', '4ddc21155b5117d2ddda0d8955ec3f72e05c756e98413d461aeba7df19ee03e9', '4ddc21155b5117d2ddda0d8955ec3f72e05c756e98413d461aeba7df19ee03e9', '4ddc21155b5117d2ddda0d8955ec3f72e05c756e98413d461aeba7df19ee03e9']","['9a48cc4f2bbf522382869068335cf2d945578d703344c28af832012c406327b3', '9ee9ffd7e2529a65f9a0b0c9eaae6330df85cf2e3af33ef58dcf70fb5856c86a', '43517b9e0504a69e87a9c0a5f290c41580c5ef012bdba06900ffc1de0c328f81', '39f6cc9cbb5e655a14b285e9ffe02451eda39ba0be413416fcbabc82b9e182ac', '3450940d4347e75a5a1d918b8748946e6d2dc751d00e5d7321fb066771e6ff73', 'a9e338bfa52d22ce20e1a8b8e4b6cb003fc71b82d04582fa83e862a9af196317', '4ddc21155b5117d2ddda0d8955ec3f72e05c756e98413d461aeba7df19ee03e9', '4367f3b54eded7d6f8800a381dec2970e3751dc9c14a1be6861ce25347662994', '186c609c7d09bdf89972e9219a8999ae06f791d310ccea55d02f4fbe78513cc2', '9fa4db179b1e420ebdc3af159760984705301c940b05f85287134e2f1f407540', '54f0f45519bbff585a55899d88e4cca03e61b88f90783edf17454131f9a5bb73', '6e83cedad4484d0c38b4cde3bfea0e4314331cb1c641bccb92a7732a0f87eecb', '575fff0d0e8c925038acaf4628f4fee2f2a97335912b4314bf5f9773063cb4f6']",1547735313888
234,503bf380ce52ee121b260230917e58a24778ca3c58472d0baaedc4031b609b11,"[0.10508611798286438, -0.30449897050857544, 0.09609340131282806, 0.09532296657562256, 0.2124418020248413, 0.003212147392332554, 0.02517079934477806, 0.047392576932907104, 0.022496560588479042, 0.1811370551586151, 0.05881234630942345, 0.06324593722820282, 0.01280688401311636, -0.02964838594198227, -0.020287660881876945, 0.0049149710685014725, 0.05994398146867752, -0.004836062900722027, 0.057143792510032654, -0.04717466980218887, 0.034788187593221664, -0.13174965977668762, -0.055000048130750656, 0.026831138879060745, -0.07835324108600616, -0.042376644909381866, -0.0038522519171237946, 0.00012182444334030151, 0.06582141667604446, -0.03940219059586525, -0.010212155058979988, -0.05439518392086029, -0.05066074803471565, -0.010594179853796959, -0.009990599006414413, 0.05823539197444916, -0.017114287242293358, 0.03811641037464142, -0.04103928431868553, -0.05640321224927902, -0.023470653221011162, -0.029892880469560623, 0.048004329204559326, -0.05250076204538345, 0.023650504648685455, 0.05933564156293869, 0.004268469754606485, 0.016384588554501534, 0.0004722476005554199, -0.032763898372650146]","['4ddc21155b5117d2ddda0d8955ec3f72e05c756e98413d461aeba7df19ee03e9', '4ddc21155b5117d2ddda0d8955ec3f72e05c756e98413d461aeba7df19ee03e9', '4ddc21155b5117d2ddda0d8955ec3f72e05c756e98413d461aeba7df19ee03e9', '4ddc21155b5117d2ddda0d8955ec3f72e05c756e98413d461aeba7df19ee03e9', '4ddc21155b5117d2ddda0d8955ec3f72e05c756e98413d461aeba7df19ee03e9', '4ddc21155b5117d2ddda0d8955ec3f72e05c756e98413d461aeba7df19ee03e9', '4ddc21155b5117d2ddda0d8955ec3f72e05c756e98413d461aeba7df19ee03e9', '4ddc21155b5117d2ddda0d8955ec3f72e05c756e98413d461aeba7df19ee03e9']","['9a48cc4f2bbf522382869068335cf2d945578d703344c28af832012c406327b3', '9ee9ffd7e2529a65f9a0b0c9eaae6330df85cf2e3af33ef58dcf70fb5856c86a', '43517b9e0504a69e87a9c0a5f290c41580c5ef012bdba06900ffc1de0c328f81', '39f6cc9cbb5e655a14b285e9ffe02451eda39ba0be413416fcbabc82b9e182ac', '3450940d4347e75a5a1d918b8748946e6d2dc751d00e5d7321fb066771e6ff73', 'a9e338bfa52d22ce20e1a8b8e4b6cb003fc71b82d04582fa83e862a9af196317', '4ddc21155b5117d2ddda0d8955ec3f72e05c756e98413d461aeba7df19ee03e9', '4367f3b54eded7d6f8800a381dec2970e3751dc9c14a1be6861ce25347662994', '186c609c7d09bdf89972e9219a8999ae06f791d310ccea55d02f4fbe78513cc2', '9fa4db179b1e420ebdc3af159760984705301c940b05f85287134e2f1f407540', '54f0f45519bbff585a55899d88e4cca03e61b88f90783edf17454131f9a5bb73', '6e83cedad4484d0c38b4cde3bfea0e4314331cb1c641bccb92a7732a0f87eecb', '575fff0d0e8c925038acaf4628f4fee2f2a97335912b4314bf5f9773063cb4f6']",1547735313888
235,310105102b0771fdb0f5e42308aec1613c72fc5420a1b199be0bd191d1c66c4f,"[-0.20474985241889954, -0.045676372945308685, -0.012170021422207355, -0.15047356486320496, -0.20371875166893005, -0.0048468150198459625, 0.1841927468776703, 0.0966196209192276, -0.05739026516675949, -0.06256815046072006, 0.0041391500271856785, 0.07876469939947128, -0.07961808145046234, 0.0282377190887928, -0.0818767100572586, 0.07981520891189575, 0.09055855125188828, 0.09126104414463043, -0.05173712223768234, 0.002725683618336916, 0.12316732108592987, 0.1307045817375183, 0.0442177876830101, -0.11346106231212616, 0.006764128804206848, 0.05771604925394058, 0.08223801851272583, -0.08733273297548294, -0.02819538675248623, -0.17082643508911133, -0.0016880743205547333, -0.014164122752845287, 0.0401470772922039, 0.10048890113830566, 0.09455321729183197, 0.0023914454504847527, 0.019398629665374756, 0.07863235473632812, -0.00040826742770150304, -0.0033086445182561874, 0.085016168653965, 0.06824379414319992, -0.036028314381837845, -0.0743495300412178, -0.09551549702882767, 0.08194299042224884, 0.029310068115592003, 0.020829148590564728, -0.10534778237342834, 0.13425679504871368]",,"['f18e59dff02c15facb2110a575525c97fb6a385ca1df02487519c6925f598484', 'bcb20fc3d805da5293ff71c7099bb5f684ffd673f4c9a012559390ed2cc8406f', '95cd82793082dd279d334217f5fcf3752ab4692d7190841bc64a63f9b4af27da', 'c713b0d2740b14752b1e355b0b64a7e2bba83207b5cef71ebff840c442c16849', 'acc49f917c80aabdda15d2693d67f5c2b6ffa42eaa6d10d0ed1fdb58a5f7e192', '593ed74ab8ac5977ca996bc2b4fafe194304e8336706b0e942bd77836c5fa752', '80b6f20bddd8e374f2a48ad787254204eeb82cb5ecd7d1ce71f70c1cb6acb447', '51878d2b89dd4ab6f7705a764c417b183f7c697fb705584ff407ca355149c316', '9214eae18dd6a6d93c5e2c329853d8573d9bfe3cd3950bb76f6f6271612fb406', 'e33bfa6619c3d7b70c3f8e509f378ba65fdd5fec805de7e17127188819198e3d', 'b8aa0f6d447a5c6c68fcf64a553b99ed63f344dc2faf56502b1a5306aa8c11c8', '7ecc4e41a751517ba1624727840844b153f4d2c6ff0e1d11a50632d20b0d035d', '559df2e63a03ba37ce9710522d84743f34b059e50b91d795c597a7461baec63f', 'ab33cea5c1994a1254ba1e6336c79e68286b8222aa134ec5b333d07465a491ab', '20935cad55bac7cbe6ad3c0e17023cf411abe504702632a67676d1f0c6db2192', '6bbf7b475edaac82fd13a2fd70aefecc930ee0f714a8f78a06a8677d12e2f66a', '3412efda2ae9db4930de2776005909a0e95404fc35abc4df6b15888cf5766b65', '3cf7dd8c8e3081b72bf822f3c792decabafb5cddaa6294356ae1dfaa3a5aed46', '25f2bacd97de667e8cadc32b79b0c7ce7aa58d240cb1603fff591d0fc7b16ba9', '7fb3563b896c7aabba54c807ff67f0514a74fb890c01d26b7f5a77b817a382fd']",1548979070991
236,310105102b0771fdb0f5e42308aec1613c72fc5420a1b199be0bd191d1c66c4f,"[-0.20474985241889954, -0.045676372945308685, -0.012170021422207355, -0.15047356486320496, -0.20371875166893005, -0.0048468150198459625, 0.1841927468776703, 0.0966196209192276, -0.05739026516675949, -0.06256815046072006, 0.0041391500271856785, 0.07876469939947128, -0.07961808145046234, 0.0282377190887928, -0.0818767100572586, 0.07981520891189575, 0.09055855125188828, 0.09126104414463043, -0.05173712223768234, 0.002725683618336916, 0.12316732108592987, 0.1307045817375183, 0.0442177876830101, -0.11346106231212616, 0.006764128804206848, 0.05771604925394058, 0.08223801851272583, -0.08733273297548294, -0.02819538675248623, -0.17082643508911133, -0.0016880743205547333, -0.014164122752845287, 0.0401470772922039, 0.10048890113830566, 0.09455321729183197, 0.0023914454504847527, 0.019398629665374756, 0.07863235473632812, -0.00040826742770150304, -0.0033086445182561874, 0.085016168653965, 0.06824379414319992, -0.036028314381837845, -0.0743495300412178, -0.09551549702882767, 0.08194299042224884, 0.029310068115592003, 0.020829148590564728, -0.10534778237342834, 0.13425679504871368]",,"['f18e59dff02c15facb2110a575525c97fb6a385ca1df02487519c6925f598484', 'bcb20fc3d805da5293ff71c7099bb5f684ffd673f4c9a012559390ed2cc8406f', '95cd82793082dd279d334217f5fcf3752ab4692d7190841bc64a63f9b4af27da', 'c713b0d2740b14752b1e355b0b64a7e2bba83207b5cef71ebff840c442c16849', 'acc49f917c80aabdda15d2693d67f5c2b6ffa42eaa6d10d0ed1fdb58a5f7e192', '593ed74ab8ac5977ca996bc2b4fafe194304e8336706b0e942bd77836c5fa752', '80b6f20bddd8e374f2a48ad787254204eeb82cb5ecd7d1ce71f70c1cb6acb447', '51878d2b89dd4ab6f7705a764c417b183f7c697fb705584ff407ca355149c316', '9214eae18dd6a6d93c5e2c329853d8573d9bfe3cd3950bb76f6f6271612fb406', 'e33bfa6619c3d7b70c3f8e509f378ba65fdd5fec805de7e17127188819198e3d', 'b8aa0f6d447a5c6c68fcf64a553b99ed63f344dc2faf56502b1a5306aa8c11c8', '7ecc4e41a751517ba1624727840844b153f4d2c6ff0e1d11a50632d20b0d035d', '559df2e63a03ba37ce9710522d84743f34b059e50b91d795c597a7461baec63f', 'ab33cea5c1994a1254ba1e6336c79e68286b8222aa134ec5b333d07465a491ab', '20935cad55bac7cbe6ad3c0e17023cf411abe504702632a67676d1f0c6db2192', '6bbf7b475edaac82fd13a2fd70aefecc930ee0f714a8f78a06a8677d12e2f66a', '3412efda2ae9db4930de2776005909a0e95404fc35abc4df6b15888cf5766b65', '3cf7dd8c8e3081b72bf822f3c792decabafb5cddaa6294356ae1dfaa3a5aed46', '25f2bacd97de667e8cadc32b79b0c7ce7aa58d240cb1603fff591d0fc7b16ba9', '7fb3563b896c7aabba54c807ff67f0514a74fb890c01d26b7f5a77b817a382fd']",1548979070991
237,61c238194bd7944947fa5a772e2ea355c8c1ba926b6fca2472e640ac1e2f76be,"[-0.1110328882932663, -0.08421537280082703, -0.028903812170028687, -0.0617106594145298, 0.07565787434577942, 0.008931884542107582, 0.04336116462945938, -0.09075699746608734, -0.05196932703256607, -0.03951582312583923, -0.0011953964130952954, -0.009754786267876625, 0.01891118846833706, 0.001551197376102209, -0.057662706822156906, -0.012537892907857895, 0.01638726145029068, 0.001301401061937213, 0.041246119886636734, 0.050063833594322205, 0.06695494055747986, -0.00312826712615788, -0.030025163665413857, -0.08127038180828094, 0.03709607571363449, 0.012682925909757614, 0.011106410063803196, 0.023717069998383522, 0.005350715480744839, -0.0018150683026760817, 0.027064599096775055, 0.041585829108953476, -0.05477135255932808, -0.03619997203350067, -0.04449716955423355, 0.027766142040491104, 0.020549260079860687, -0.018623612821102142, 0.0215427465736866, 0.010492375120520592, -0.04304341971874237, -0.013578599318861961, -0.003102486487478018, 0.012288321740925312, -0.019247163087129593, -0.03969448432326317, 0.0046170977875590324, -0.012438823468983173, -0.005606162361800671, -0.0033818462397903204]",,"['8b174e995747f2a1ed160732191e0a00666bdccb9a2995f6f3598d212c654f18', '006a4632bc8f46f27af72794c160ef8703b6553a2cd7f09cb9c05090083d9099', '44bac677e5e85fea4cc84adb582a2ee39f95e2b2d04cf315ffe5406e040cccdd', '9c66cc047cc559444bae480b10ea32310270b826668cd525bfae4f0fdaf46690', '3bb67ce10e71f6ced23334b6625f35a922ccded2a6267e91c13f6136805bb4f2', 'eb215b584ffd2eaea397970896b75533c28193e08866d4861019d37405f09743', '48798b9899d8fca7e7bddb0224eb54e67894d28f4049423a368df246d8a53c34', 'c4875d556df109a8c228f84aef103a9a342017890ed5cd6bc1185d4fe9677426', '96a8b4eb2a33e19c18579004b36eadc43b9915392ff6dd3b319fa3083b4a4112', 'e985b38eea574a36949a015fa47d6a7942f93057abc606f544bab659a20a02b3', '04bb94921ee256c7987df2215c7496962588b47ce2640c94c7a1e8bd057c2b13', '9836747e76cca5f049b584b3d4c2d9f0ccadb368df4a8f9ef0190818ec49ae9b', 'd9b0a4c4c681ffb1e3b4e60be1bbe57e0a387f9a12b2756d2b712a6d7a20aa2d', '41dd38f665690bf659770aa76d0afdb4ca7eb0d66388d0c64d17e818ad02d28a', '47ee68876bb92bd56014735c601e60aff64abf4441721eb18a768d62f440f2a2', 'edb9e1ae95b67809fb09dc238ff1c0678b06f21500640b958c95d811f4c0ba50', '7ef4204896590f371de90db30173844bbdea0009e8c05f7f16f1aa45b39e44b6', '20fb68c92b56478bda119fbc2d420f1f0ee0e759728c6ae9deecefdd5a107615', '5687f63b0bc9ba4eb25bf2dea9dd14a0459755173c5642479b074ee5f18f911c', '38a1ad8e6b22d29bcdfcb94f119dc166ac979df525f19f97b7d2cfdf3da5630c', '206e2e544972576b006f1f201269a494ff83831a5fa3b08cac0569e1ff6beed2', 'cdde7981e58f38234291584fa3a83f3136180ed69c91746215786d57bd0be5bf', 'de1bac6b106fd85104f93d75118ec7961f83951325d6e50e59e6f4db866f6872', 'b86221ff2896c306ff1bfa17b609c54c49fd3213b265d1dab609621fb5b3db38', '5bcaa81a3e6e09b6e760887933877cb19190023b1d24536ce4aa9eb390aa47cd']",1548025049362
238,61c238194bd7944947fa5a772e2ea355c8c1ba926b6fca2472e640ac1e2f76be,"[-0.1110328882932663, -0.08421537280082703, -0.028903812170028687, -0.0617106594145298, 0.07565787434577942, 0.008931884542107582, 0.04336116462945938, -0.09075699746608734, -0.05196932703256607, -0.03951582312583923, -0.0011953964130952954, -0.009754786267876625, 0.01891118846833706, 0.001551197376102209, -0.057662706822156906, -0.012537892907857895, 0.01638726145029068, 0.001301401061937213, 0.041246119886636734, 0.050063833594322205, 0.06695494055747986, -0.00312826712615788, -0.030025163665413857, -0.08127038180828094, 0.03709607571363449, 0.012682925909757614, 0.011106410063803196, 0.023717069998383522, 0.005350715480744839, -0.0018150683026760817, 0.027064599096775055, 0.041585829108953476, -0.05477135255932808, -0.03619997203350067, -0.04449716955423355, 0.027766142040491104, 0.020549260079860687, -0.018623612821102142, 0.0215427465736866, 0.010492375120520592, -0.04304341971874237, -0.013578599318861961, -0.003102486487478018, 0.012288321740925312, -0.019247163087129593, -0.03969448432326317, 0.0046170977875590324, -0.012438823468983173, -0.005606162361800671, -0.0033818462397903204]",,"['8b174e995747f2a1ed160732191e0a00666bdccb9a2995f6f3598d212c654f18', '006a4632bc8f46f27af72794c160ef8703b6553a2cd7f09cb9c05090083d9099', '44bac677e5e85fea4cc84adb582a2ee39f95e2b2d04cf315ffe5406e040cccdd', '9c66cc047cc559444bae480b10ea32310270b826668cd525bfae4f0fdaf46690', '3bb67ce10e71f6ced23334b6625f35a922ccded2a6267e91c13f6136805bb4f2', 'eb215b584ffd2eaea397970896b75533c28193e08866d4861019d37405f09743', '48798b9899d8fca7e7bddb0224eb54e67894d28f4049423a368df246d8a53c34', 'c4875d556df109a8c228f84aef103a9a342017890ed5cd6bc1185d4fe9677426', '96a8b4eb2a33e19c18579004b36eadc43b9915392ff6dd3b319fa3083b4a4112', 'e985b38eea574a36949a015fa47d6a7942f93057abc606f544bab659a20a02b3', '04bb94921ee256c7987df2215c7496962588b47ce2640c94c7a1e8bd057c2b13', '9836747e76cca5f049b584b3d4c2d9f0ccadb368df4a8f9ef0190818ec49ae9b', 'd9b0a4c4c681ffb1e3b4e60be1bbe57e0a387f9a12b2756d2b712a6d7a20aa2d', '41dd38f665690bf659770aa76d0afdb4ca7eb0d66388d0c64d17e818ad02d28a', '47ee68876bb92bd56014735c601e60aff64abf4441721eb18a768d62f440f2a2', 'edb9e1ae95b67809fb09dc238ff1c0678b06f21500640b958c95d811f4c0ba50', '7ef4204896590f371de90db30173844bbdea0009e8c05f7f16f1aa45b39e44b6', '20fb68c92b56478bda119fbc2d420f1f0ee0e759728c6ae9deecefdd5a107615', '5687f63b0bc9ba4eb25bf2dea9dd14a0459755173c5642479b074ee5f18f911c', '38a1ad8e6b22d29bcdfcb94f119dc166ac979df525f19f97b7d2cfdf3da5630c', '206e2e544972576b006f1f201269a494ff83831a5fa3b08cac0569e1ff6beed2', 'cdde7981e58f38234291584fa3a83f3136180ed69c91746215786d57bd0be5bf', 'de1bac6b106fd85104f93d75118ec7961f83951325d6e50e59e6f4db866f6872', 'b86221ff2896c306ff1bfa17b609c54c49fd3213b265d1dab609621fb5b3db38', '5bcaa81a3e6e09b6e760887933877cb19190023b1d24536ce4aa9eb390aa47cd']",1548025049362
239,61c238194bd7944947fa5a772e2ea355c8c1ba926b6fca2472e640ac1e2f76be,"[-0.1937272846698761, -0.0648764967918396, 0.04251980781555176, -0.1671563684940338, -0.2752828598022461, -0.047095827758312225, 0.3736652135848999, 0.1371944546699524, 0.03646238148212433, 0.017457980662584305, -0.013177119195461273, 0.13472998142242432, -0.18202954530715942, -0.03860718384385109, -0.07688137888908386, 0.012192262336611748, 0.12642723321914673, 0.07616259157657623, -0.024448582902550697, 0.023217614740133286, 0.13875848054885864, 0.014235731214284897, -0.040201544761657715, -0.15092924237251282, 0.04055481031537056, 0.06439271569252014, 0.053152140229940414, -0.0762740820646286, 0.08511757105588913, -0.1151885986328125, 0.08146822452545166, 0.05018945038318634, -0.033663589507341385, -0.026339493691921234, 0.015470445156097412, -0.006918211467564106, 0.03236684203147888, -0.006201302632689476, 0.05907183140516281, 0.015462387353181839, -0.02596138045191765, 0.07103729248046875, 0.030941680073738098, -0.02031800150871277, -0.051762599498033524, 0.05039612203836441, 0.04660400375723839, 0.01576857641339302, -0.011914600618183613, -0.010805939324200153]",,"['dc65fedbe2e429f3dcb1142d3baaaddb5db53a68939cce4c52d504dac6b41e85', '658d89d979342b473bcc6ffcb8fbafc53ef75a46b4e7724299c907f2d614ff98', '47d89bfd3746040bcf300486941e5638be66d2b5765e2e9a69152444787fe3c7', '09abf9dd9a7deb8bb6477cdda7f378bb9f79426fe0597dc62744ddc8655f2a2b', '8d57b53137e8b6f9dc6eebadb6fadcd52cfacff74fb88fbe88b52f507d56a857', 'cb455f45074fe47b932879f12bdb269eebc5f4652218b7a330deb3f353e18d05', '8d8dda4bf6011a7993e3de8bab234edc88603e1e0de85bd78d38b0936e4fd9ad', '3bfa964fcbf85f5bb0935068538b3c5773b6e14db1d7e8890fd03bef5220c214', '06625e641e45038566ad3955b914598624232bfe9aee6ba8f41fb2c15961c4c5', 'd6caa4acd0e8cdff9dd0bb8c79fa7406ece2f44bfc955117fe6368aaf3bbe618', '853aca114ce0965f9c098c2ae35957ba25aaf4b073f802487adef164e69c55ba', '912566a9a6d025aff793995b8d17b4c9a11dd2348ae55411c606ecfb95b94e84', '281b954b4bdd713bcfa639e0ae73a63d57c87250060d4edc75f64f4f78e2b52c', 'cf6af020158b3ccb66b84956c7665cb8e44abee41d94761464c37966830d21b2', '22f1dde7df258c1bbeb1db3e8b62e9d2430f5ede7a7e6c2e1646661ebd40ac3b', 'e4aa04a4117a5c64ad8296fd961d694e291aa68d898874154ccdfd22705b5cfa', '58ba5039d076a67c35d9ad89c20af1fb29f80d9e03b1e7077de2e6a0a57c3bc0', 'f691b45e7e3cfd9fb6c289e35d4e055d665328380d18ec2b372c8cd7a879a59c', '7dc8d4c97b0e87932fa08dfa5f2d757a0ddfed00a281043bf9499709e0d64a0c', '39b44bcd642f91da7e79788570ef9f9dda60d93fa647e8595af3b6ee3c254fd9', '2c0b5b24aa030baec8b34ba6df81fec722b9e332e0f7d3066fae165f51a8e1d0', '672bc9af34fdffaac24e88e8e5c3aec1cff9a6a1ea4021a3b92e9a5555cc937b', '3a5603f5a496c8b459f1685959d9399cefb60590b0afe05fb2bcdaea65e35eb6', 'c769fa98c0a738d7726bc0decacb720a871f7fe2eab6803fa52ba5db38164018', 'fcf7da98150d0f90a9658c1d3584b1a9f7f8b996bbcbe951f28b8ad2f2a544ef']",1548025088718
240,61c238194bd7944947fa5a772e2ea355c8c1ba926b6fca2472e640ac1e2f76be,"[-0.1937272846698761, -0.0648764967918396, 0.04251980781555176, -0.1671563684940338, -0.2752828598022461, -0.047095827758312225, 0.3736652135848999, 0.1371944546699524, 0.03646238148212433, 0.017457980662584305, -0.013177119195461273, 0.13472998142242432, -0.18202954530715942, -0.03860718384385109, -0.07688137888908386, 0.012192262336611748, 0.12642723321914673, 0.07616259157657623, -0.024448582902550697, 0.023217614740133286, 0.13875848054885864, 0.014235731214284897, -0.040201544761657715, -0.15092924237251282, 0.04055481031537056, 0.06439271569252014, 0.053152140229940414, -0.0762740820646286, 0.08511757105588913, -0.1151885986328125, 0.08146822452545166, 0.05018945038318634, -0.033663589507341385, -0.026339493691921234, 0.015470445156097412, -0.006918211467564106, 0.03236684203147888, -0.006201302632689476, 0.05907183140516281, 0.015462387353181839, -0.02596138045191765, 0.07103729248046875, 0.030941680073738098, -0.02031800150871277, -0.051762599498033524, 0.05039612203836441, 0.04660400375723839, 0.01576857641339302, -0.011914600618183613, -0.010805939324200153]",,"['dc65fedbe2e429f3dcb1142d3baaaddb5db53a68939cce4c52d504dac6b41e85', '658d89d979342b473bcc6ffcb8fbafc53ef75a46b4e7724299c907f2d614ff98', '47d89bfd3746040bcf300486941e5638be66d2b5765e2e9a69152444787fe3c7', '09abf9dd9a7deb8bb6477cdda7f378bb9f79426fe0597dc62744ddc8655f2a2b', '8d57b53137e8b6f9dc6eebadb6fadcd52cfacff74fb88fbe88b52f507d56a857', 'cb455f45074fe47b932879f12bdb269eebc5f4652218b7a330deb3f353e18d05', '8d8dda4bf6011a7993e3de8bab234edc88603e1e0de85bd78d38b0936e4fd9ad', '3bfa964fcbf85f5bb0935068538b3c5773b6e14db1d7e8890fd03bef5220c214', '06625e641e45038566ad3955b914598624232bfe9aee6ba8f41fb2c15961c4c5', 'd6caa4acd0e8cdff9dd0bb8c79fa7406ece2f44bfc955117fe6368aaf3bbe618', '853aca114ce0965f9c098c2ae35957ba25aaf4b073f802487adef164e69c55ba', '912566a9a6d025aff793995b8d17b4c9a11dd2348ae55411c606ecfb95b94e84', '281b954b4bdd713bcfa639e0ae73a63d57c87250060d4edc75f64f4f78e2b52c', 'cf6af020158b3ccb66b84956c7665cb8e44abee41d94761464c37966830d21b2', '22f1dde7df258c1bbeb1db3e8b62e9d2430f5ede7a7e6c2e1646661ebd40ac3b', 'e4aa04a4117a5c64ad8296fd961d694e291aa68d898874154ccdfd22705b5cfa', '58ba5039d076a67c35d9ad89c20af1fb29f80d9e03b1e7077de2e6a0a57c3bc0', 'f691b45e7e3cfd9fb6c289e35d4e055d665328380d18ec2b372c8cd7a879a59c', '7dc8d4c97b0e87932fa08dfa5f2d757a0ddfed00a281043bf9499709e0d64a0c', '39b44bcd642f91da7e79788570ef9f9dda60d93fa647e8595af3b6ee3c254fd9', '2c0b5b24aa030baec8b34ba6df81fec722b9e332e0f7d3066fae165f51a8e1d0', '672bc9af34fdffaac24e88e8e5c3aec1cff9a6a1ea4021a3b92e9a5555cc937b', '3a5603f5a496c8b459f1685959d9399cefb60590b0afe05fb2bcdaea65e35eb6', 'c769fa98c0a738d7726bc0decacb720a871f7fe2eab6803fa52ba5db38164018', 'fcf7da98150d0f90a9658c1d3584b1a9f7f8b996bbcbe951f28b8ad2f2a544ef']",1548025088718
241,61c238194bd7944947fa5a772e2ea355c8c1ba926b6fca2472e640ac1e2f76be,"[-0.26260292530059814, 0.0256463922560215, -0.014023895375430584, -0.1184629499912262, -0.10417717695236206, -0.04183163866400719, -0.08562968671321869, -0.11919546127319336, 0.15739285945892334, -0.07486851513385773, 0.01717349886894226, 0.07847468554973602, 0.05544271320104599, -0.032119832932949066, 0.12048705667257309, 0.03412317484617233, -0.011226439848542213, 0.02626579999923706, -0.040799662470817566, 0.012685800902545452, 0.0275647584348917, 0.00776791013777256, -0.029426366090774536, 0.028891555964946747, -0.01976289600133896, 0.034698713570833206, -0.0011737756431102753, -0.019266672432422638, -0.07252123951911926, -0.06585514545440674, 0.004978884011507034, 0.010158522054553032, 0.019006118178367615, -0.060204874724149704, 0.09905220568180084, 0.02879735454916954, -0.0008189026266336441, 0.0022460883483290672, 0.013509344309568405, 0.003557052230462432, 0.05465959012508392, 0.09987503290176392, 0.07375675439834595, -0.0033296504989266396, -0.04285280406475067, -0.018597647547721863, 0.0433884933590889, 0.002856900915503502, 0.016038551926612854, 0.006594216451048851]",,['52e6f04f3560c5f8d12b2990bbd8e4c38401ed9c63ca5326e21eb5ab24a995a0'],1548025118703
242,61c238194bd7944947fa5a772e2ea355c8c1ba926b6fca2472e640ac1e2f76be,"[-0.26260292530059814, 0.0256463922560215, -0.014023895375430584, -0.1184629499912262, -0.10417717695236206, -0.04183163866400719, -0.08562968671321869, -0.11919546127319336, 0.15739285945892334, -0.07486851513385773, 0.01717349886894226, 0.07847468554973602, 0.05544271320104599, -0.032119832932949066, 0.12048705667257309, 0.03412317484617233, -0.011226439848542213, 0.02626579999923706, -0.040799662470817566, 0.012685800902545452, 0.0275647584348917, 0.00776791013777256, -0.029426366090774536, 0.028891555964946747, -0.01976289600133896, 0.034698713570833206, -0.0011737756431102753, -0.019266672432422638, -0.07252123951911926, -0.06585514545440674, 0.004978884011507034, 0.010158522054553032, 0.019006118178367615, -0.060204874724149704, 0.09905220568180084, 0.02879735454916954, -0.0008189026266336441, 0.0022460883483290672, 0.013509344309568405, 0.003557052230462432, 0.05465959012508392, 0.09987503290176392, 0.07375675439834595, -0.0033296504989266396, -0.04285280406475067, -0.018597647547721863, 0.0433884933590889, 0.002856900915503502, 0.016038551926612854, 0.006594216451048851]",,['52e6f04f3560c5f8d12b2990bbd8e4c38401ed9c63ca5326e21eb5ab24a995a0'],1548025118703
243,174d2a86ea99a3600e05387b06957b212eb5d48272e7b03161fa45f43b252186,"[-0.1439853310585022, -0.17664162814617157, 0.018543869256973267, -0.06878816336393356, -0.1020219624042511, -0.0460645891726017, -0.007398761808872223, -0.022796643897891045, -0.037810541689395905, 0.034507203847169876, 0.030028367415070534, -0.0950591117143631, -0.04962778463959694, -0.006626061163842678, 0.03141075000166893, -0.047835782170295715, -0.0817791000008583, -0.057159073650836945, -0.08348986506462097, 0.04694916680455208, 0.08594286441802979, -0.07016359269618988, 0.012354289181530476, 0.05885940045118332, -0.040427736937999725, -0.059048913419246674, 0.08153067529201508, -0.054886527359485626, -0.02327723428606987, -0.005868269130587578, -0.1414061188697815, 0.012121852487325668, 0.13299785554409027, 0.07142304629087448, -0.1027967631816864, 0.00048628635704517365, -0.024077720940113068, 0.022253327071666718, -0.033810071647167206, 0.13895544409751892, -0.037928469479084015, 0.039042454212903976, -0.09798182547092438, 0.03379397839307785, -0.07611119002103806, -0.07553689181804657, -0.001385740004479885, 0.059122346341609955, 0.023706253618001938, 0.010130684822797775]",['6e76ba68a12154cf361b33acf5380bc81729217382e3b62d7a46a408d3e3320e'],"['808477f80ad2aef7b924bd6c5b23467f638c50ad046f91f510dd317567c87a71', 'f770cead34fe113e38439d7c9b6e6d26a7b556438c81e884aa8dabe7b78d51d5', 'aa09908bb109fd260e25b03fe8cdb6bfe4ca18c249e95f570338702855978dbb', 'e416bd5655dcaec7da7270032b1c7cf5e8ae9cca6994753aed05778d27fe52fc', 'e5accb0d4e85ed0b58114e686dfa7dec0f0d44f9f0b2ac4ef71f120c36cd430c', 'a7b1266284a643f7bc06ad83f4f43df187445bc8da89387288c593b1d20e211b', '6e76ba68a12154cf361b33acf5380bc81729217382e3b62d7a46a408d3e3320e', '9f5b933c2ed14e8187073cd8fc7046713b6fcc6c4239646da693eb61572af326', '6fe759206f02dfa0a84ec51d58346b91347226614206c48b9c4bc7bbcc8a69b3', '73904580cd08961607b1a90c69dca13af6d0f3920719179cc836b8c48b4a3c18', '1e02b5f280bb960e895b5b21450501bb6c8b447f9b1fbad141116d66bb36988a']",1549990590209
244,036305c6c4b53eb2d777d38d2626dc4633d66817990f54b374777e8c560a1c8b,"[-0.1439853310585022, -0.17664162814617157, 0.018543869256973267, -0.06878816336393356, -0.1020219624042511, -0.0460645891726017, -0.007398761808872223, -0.022796643897891045, -0.037810541689395905, 0.034507203847169876, 0.030028367415070534, -0.0950591117143631, -0.04962778463959694, -0.006626061163842678, 0.03141075000166893, -0.047835782170295715, -0.0817791000008583, -0.057159073650836945, -0.08348986506462097, 0.04694916680455208, 0.08594286441802979, -0.07016359269618988, 0.012354289181530476, 0.05885940045118332, -0.040427736937999725, -0.059048913419246674, 0.08153067529201508, -0.054886527359485626, -0.02327723428606987, -0.005868269130587578, -0.1414061188697815, 0.012121852487325668, 0.13299785554409027, 0.07142304629087448, -0.1027967631816864, 0.00048628635704517365, -0.024077720940113068, 0.022253327071666718, -0.033810071647167206, 0.13895544409751892, -0.037928469479084015, 0.039042454212903976, -0.09798182547092438, 0.03379397839307785, -0.07611119002103806, -0.07553689181804657, -0.001385740004479885, 0.059122346341609955, 0.023706253618001938, 0.010130684822797775]",['6e76ba68a12154cf361b33acf5380bc81729217382e3b62d7a46a408d3e3320e'],"['6e76ba68a12154cf361b33acf5380bc81729217382e3b62d7a46a408d3e3320e', 'f770cead34fe113e38439d7c9b6e6d26a7b556438c81e884aa8dabe7b78d51d5', 'aa09908bb109fd260e25b03fe8cdb6bfe4ca18c249e95f570338702855978dbb', '808477f80ad2aef7b924bd6c5b23467f638c50ad046f91f510dd317567c87a71', 'e416bd5655dcaec7da7270032b1c7cf5e8ae9cca6994753aed05778d27fe52fc', 'e5accb0d4e85ed0b58114e686dfa7dec0f0d44f9f0b2ac4ef71f120c36cd430c', '9f5b933c2ed14e8187073cd8fc7046713b6fcc6c4239646da693eb61572af326', '6fe759206f02dfa0a84ec51d58346b91347226614206c48b9c4bc7bbcc8a69b3', '73904580cd08961607b1a90c69dca13af6d0f3920719179cc836b8c48b4a3c18', '1e02b5f280bb960e895b5b21450501bb6c8b447f9b1fbad141116d66bb36988a']",1549941331973
245,036305c6c4b53eb2d777d38d2626dc4633d66817990f54b374777e8c560a1c8b,"[-0.1439853310585022, -0.17664162814617157, 0.018543869256973267, -0.06878816336393356, -0.1020219624042511, -0.0460645891726017, -0.007398761808872223, -0.022796643897891045, -0.037810541689395905, 0.034507203847169876, 0.030028367415070534, -0.0950591117143631, -0.04962778463959694, -0.006626061163842678, 0.03141075000166893, -0.047835782170295715, -0.0817791000008583, -0.057159073650836945, -0.08348986506462097, 0.04694916680455208, 0.08594286441802979, -0.07016359269618988, 0.012354289181530476, 0.05885940045118332, -0.040427736937999725, -0.059048913419246674, 0.08153067529201508, -0.054886527359485626, -0.02327723428606987, -0.005868269130587578, -0.1414061188697815, 0.012121852487325668, 0.13299785554409027, 0.07142304629087448, -0.1027967631816864, 0.00048628635704517365, -0.024077720940113068, 0.022253327071666718, -0.033810071647167206, 0.13895544409751892, -0.037928469479084015, 0.039042454212903976, -0.09798182547092438, 0.03379397839307785, -0.07611119002103806, -0.07553689181804657, -0.001385740004479885, 0.059122346341609955, 0.023706253618001938, 0.010130684822797775]",['6e76ba68a12154cf361b33acf5380bc81729217382e3b62d7a46a408d3e3320e'],"['6e76ba68a12154cf361b33acf5380bc81729217382e3b62d7a46a408d3e3320e', 'f770cead34fe113e38439d7c9b6e6d26a7b556438c81e884aa8dabe7b78d51d5', 'aa09908bb109fd260e25b03fe8cdb6bfe4ca18c249e95f570338702855978dbb', '808477f80ad2aef7b924bd6c5b23467f638c50ad046f91f510dd317567c87a71', 'e416bd5655dcaec7da7270032b1c7cf5e8ae9cca6994753aed05778d27fe52fc', 'e5accb0d4e85ed0b58114e686dfa7dec0f0d44f9f0b2ac4ef71f120c36cd430c', '9f5b933c2ed14e8187073cd8fc7046713b6fcc6c4239646da693eb61572af326', '6fe759206f02dfa0a84ec51d58346b91347226614206c48b9c4bc7bbcc8a69b3', '73904580cd08961607b1a90c69dca13af6d0f3920719179cc836b8c48b4a3c18', '1e02b5f280bb960e895b5b21450501bb6c8b447f9b1fbad141116d66bb36988a']",1549941331973
246,6930bdcbcb6eea3dd7f280c04e40f5e5ff68731a706a3545dc2cf584470c7f46,"[-0.14910364151000977, 0.04924183711409569, -0.09500175714492798, -0.09415996074676514, 0.2100994884967804, 0.030337076634168625, -0.05902644991874695, 0.046146929264068604, -0.04781726002693176, 0.09454058110713959, 0.0037663187831640244, -0.02534543164074421, -0.05649474635720253, 0.008966219611465931, 0.07066014409065247, -0.009303858503699303, -0.054614122956991196, 0.01955215446650982, 0.021590998396277428, 0.054974913597106934, -0.0061128390952944756, 0.11260797828435898, 0.05541914328932762, -0.03504160791635513, -0.012630628421902657, 0.057064637541770935, 0.037201348692178726, -0.0882997214794159, 0.045523546636104584, -0.045704957097768784, 0.03830782324075699, -0.01314541231840849, 0.016174674034118652, 0.0267668217420578, -0.011201108805835247, 0.021826978772878647, -0.010455145500600338, 0.00107419618871063, -0.005194869823753834, -0.00916985608637333, -0.023213626816868782, 0.00814701896160841, -0.03204536437988281, 0.04142831265926361, -0.01261305995285511, -0.018666056916117668, -0.006519975606352091, 0.03394755721092224, -0.030907180160284042, -0.02589593641459942]",,['eeb0a7e55500a25b0f095c47599f81ad500f0191388feba33eab1186e1d93dab'],1549041973568
247,6930bdcbcb6eea3dd7f280c04e40f5e5ff68731a706a3545dc2cf584470c7f46,"[-0.14910364151000977, 0.04924183711409569, -0.09500175714492798, -0.09415996074676514, 0.2100994884967804, 0.030337076634168625, -0.05902644991874695, 0.046146929264068604, -0.04781726002693176, 0.09454058110713959, 0.0037663187831640244, -0.02534543164074421, -0.05649474635720253, 0.008966219611465931, 0.07066014409065247, -0.009303858503699303, -0.054614122956991196, 0.01955215446650982, 0.021590998396277428, 0.054974913597106934, -0.0061128390952944756, 0.11260797828435898, 0.05541914328932762, -0.03504160791635513, -0.012630628421902657, 0.057064637541770935, 0.037201348692178726, -0.0882997214794159, 0.045523546636104584, -0.045704957097768784, 0.03830782324075699, -0.01314541231840849, 0.016174674034118652, 0.0267668217420578, -0.011201108805835247, 0.021826978772878647, -0.010455145500600338, 0.00107419618871063, -0.005194869823753834, -0.00916985608637333, -0.023213626816868782, 0.00814701896160841, -0.03204536437988281, 0.04142831265926361, -0.01261305995285511, -0.018666056916117668, -0.006519975606352091, 0.03394755721092224, -0.030907180160284042, -0.02589593641459942]",,['eeb0a7e55500a25b0f095c47599f81ad500f0191388feba33eab1186e1d93dab'],1549041973568
248,6930bdcbcb6eea3dd7f280c04e40f5e5ff68731a706a3545dc2cf584470c7f46,"[-0.18028849363327026, 0.10607507824897766, -0.10329790413379669, -0.07391595095396042, 0.0513375923037529, 0.009467155672609806, -0.05705194175243378, -0.13566520810127258, -0.002970906672999263, 0.11964340507984161, 0.050958216190338135, -0.002646857872605324, -0.08064627647399902, 0.04603290930390358, 0.036238472908735275, -0.07881425321102142, -0.06215957552194595, 0.013266259804368019, 0.058130715042352676, 0.06312164664268494, 0.03704613074660301, 0.1851823627948761, 0.08841028809547424, 0.04050852358341217, -0.027994446456432343, 0.024748923256993294, 0.024085335433483124, -0.10368937253952026, 0.09256695210933685, -0.06943628937005997, 0.047413263469934464, -0.051653072237968445, 0.1010584831237793, 0.0548270121216774, -0.01636618934571743, -0.004574223887175322, -0.02467903308570385, -0.041558898985385895, -0.0649215430021286, 0.01880250684916973, -0.021803200244903564, 0.005870340391993523, -0.04034226015210152, 0.08228392899036407, -0.006407210603356361, 0.04905012622475624, 0.0002016071230173111, 0.0336642786860466, -0.03750161826610565, -0.02164849080145359]",,"['d0b00258f78125b9fcc3e99a54e82af2c304d678dccaac48a3da086ffdde2589', 'c2c1ce44b352abacefc85225e7ebb44eec0e71cc77401b7c6a31c4909f6695a1', 'ca089db21669aabe32904308205ad3632574fd268e912c0c84ae887960986b68', 'eeb0a7e55500a25b0f095c47599f81ad500f0191388feba33eab1186e1d93dab', '00f18bf14f84b97de5d09e9363802f3f94518ae0164138564c449e5311aab3da', '31bbe1fa6d2fe405b057deab2fb9937319116873e4a9cac8ab70bca5d9538684', '20345cab144a88e2e55f8c7278a89065fc7d622d38db7a151cf9ec543efcbbfe', '5c05011d4376242ed29a50d25215abccae158b49bbfb1ff48b1ccd0569cc7688', '3603f6ae22b1c744adb512d84f209d9b10bdcd1b1121f1e61ce3970367189c2d', '4d1782dd678f2b68e43c4daca06859fa10171aa06857dc596495de77321ef67a', '014d3488e6da05d2d7377f5dab698046517ce6f19cfd02e47bd34b6787e6f2b7', '30b3adb33261ac4218efd618316d9ab93ce2cc91acd9adb38e1e62776d316db6', 'abdcee04d22ff3d60610880b84917571ebe50541fea99658bd315ecd6f20c96c', '195bef64389b6c327e6287e0abcd20eda23b8c3a3bc631d583ee0c05a12a542a', 'af297a48c85ee0fb44d384720b7ef012f1af4c1ede14b081d96d45743bd6b770', '66da095ec9e37e7936d131a8a4a5f85eb9cb7ffd1e755d3cb33cdc66fbb8fe94', '29d8aefbc9610a19be007c7522e34274c176552f40348b97bab65e00bacc6558', 'b105ea80351a06e555bab5cb5bc84cedcdd30649e84f319f2ecc22ba648eb084', '7c94567755ae2249e36a22b170b5c298f96c0c7e8ba31b488c781a0b0747bfc3', 'bf536102274058a8c6f9e4a87dc70ffd9cd7c6ea9eaf40bcc3434dbf95757783', '8bf199a7457c43064353b68cd782835c283edfe677918da64b49134f861c7986', 'c3cc829839af90cecaf01aaa4ed209331c923e740268d5da801b7e87c11a5502', '7a10171dcc39abc5637bfb99b92863f60e3b2d89f242c7937b3541e240d66227', '8b2c36477d689b4b6a372c5cac942b8eabd58596a44b8a0927287b1317fbb2a1', 'c82ca3d57fff496667e5af47b9a19e46812e0d4cad4ea223b4289ecd97240d96']",1549042047650
249,6930bdcbcb6eea3dd7f280c04e40f5e5ff68731a706a3545dc2cf584470c7f46,"[-0.18028849363327026, 0.10607507824897766, -0.10329790413379669, -0.07391595095396042, 0.0513375923037529, 0.009467155672609806, -0.05705194175243378, -0.13566520810127258, -0.002970906672999263, 0.11964340507984161, 0.050958216190338135, -0.002646857872605324, -0.08064627647399902, 0.04603290930390358, 0.036238472908735275, -0.07881425321102142, -0.06215957552194595, 0.013266259804368019, 0.058130715042352676, 0.06312164664268494, 0.03704613074660301, 0.1851823627948761, 0.08841028809547424, 0.04050852358341217, -0.027994446456432343, 0.024748923256993294, 0.024085335433483124, -0.10368937253952026, 0.09256695210933685, -0.06943628937005997, 0.047413263469934464, -0.051653072237968445, 0.1010584831237793, 0.0548270121216774, -0.01636618934571743, -0.004574223887175322, -0.02467903308570385, -0.041558898985385895, -0.0649215430021286, 0.01880250684916973, -0.021803200244903564, 0.005870340391993523, -0.04034226015210152, 0.08228392899036407, -0.006407210603356361, 0.04905012622475624, 0.0002016071230173111, 0.0336642786860466, -0.03750161826610565, -0.02164849080145359]",,"['d0b00258f78125b9fcc3e99a54e82af2c304d678dccaac48a3da086ffdde2589', 'c2c1ce44b352abacefc85225e7ebb44eec0e71cc77401b7c6a31c4909f6695a1', 'ca089db21669aabe32904308205ad3632574fd268e912c0c84ae887960986b68', 'eeb0a7e55500a25b0f095c47599f81ad500f0191388feba33eab1186e1d93dab', '00f18bf14f84b97de5d09e9363802f3f94518ae0164138564c449e5311aab3da', '31bbe1fa6d2fe405b057deab2fb9937319116873e4a9cac8ab70bca5d9538684', '20345cab144a88e2e55f8c7278a89065fc7d622d38db7a151cf9ec543efcbbfe', '5c05011d4376242ed29a50d25215abccae158b49bbfb1ff48b1ccd0569cc7688', '3603f6ae22b1c744adb512d84f209d9b10bdcd1b1121f1e61ce3970367189c2d', '4d1782dd678f2b68e43c4daca06859fa10171aa06857dc596495de77321ef67a', '014d3488e6da05d2d7377f5dab698046517ce6f19cfd02e47bd34b6787e6f2b7', '30b3adb33261ac4218efd618316d9ab93ce2cc91acd9adb38e1e62776d316db6', 'abdcee04d22ff3d60610880b84917571ebe50541fea99658bd315ecd6f20c96c', '195bef64389b6c327e6287e0abcd20eda23b8c3a3bc631d583ee0c05a12a542a', 'af297a48c85ee0fb44d384720b7ef012f1af4c1ede14b081d96d45743bd6b770', '66da095ec9e37e7936d131a8a4a5f85eb9cb7ffd1e755d3cb33cdc66fbb8fe94', '29d8aefbc9610a19be007c7522e34274c176552f40348b97bab65e00bacc6558', 'b105ea80351a06e555bab5cb5bc84cedcdd30649e84f319f2ecc22ba648eb084', '7c94567755ae2249e36a22b170b5c298f96c0c7e8ba31b488c781a0b0747bfc3', 'bf536102274058a8c6f9e4a87dc70ffd9cd7c6ea9eaf40bcc3434dbf95757783', '8bf199a7457c43064353b68cd782835c283edfe677918da64b49134f861c7986', 'c3cc829839af90cecaf01aaa4ed209331c923e740268d5da801b7e87c11a5502', '7a10171dcc39abc5637bfb99b92863f60e3b2d89f242c7937b3541e240d66227', '8b2c36477d689b4b6a372c5cac942b8eabd58596a44b8a0927287b1317fbb2a1', 'c82ca3d57fff496667e5af47b9a19e46812e0d4cad4ea223b4289ecd97240d96']",1549042047650
250,029c7731cc6b9386ed326d90108c6dd89756a36521ec6c1876d8557856cf9884,"[-0.14910364151000977, 0.04924183711409569, -0.09500175714492798, -0.09415996074676514, 0.2100994884967804, 0.030337076634168625, -0.05902644991874695, 0.046146929264068604, -0.04781726002693176, 0.09454058110713959, 0.0037663187831640244, -0.02534543164074421, -0.05649474635720253, 0.008966219611465931, 0.07066014409065247, -0.009303858503699303, -0.054614122956991196, 0.01955215446650982, 0.021590998396277428, 0.054974913597106934, -0.0061128390952944756, 0.11260797828435898, 0.05541914328932762, -0.03504160791635513, -0.012630628421902657, 0.057064637541770935, 0.037201348692178726, -0.0882997214794159, 0.045523546636104584, -0.045704957097768784, 0.03830782324075699, -0.01314541231840849, 0.016174674034118652, 0.0267668217420578, -0.011201108805835247, 0.021826978772878647, -0.010455145500600338, 0.00107419618871063, -0.005194869823753834, -0.00916985608637333, -0.023213626816868782, 0.00814701896160841, -0.03204536437988281, 0.04142831265926361, -0.01261305995285511, -0.018666056916117668, -0.006519975606352091, 0.03394755721092224, -0.030907180160284042, -0.02589593641459942]",,['eeb0a7e55500a25b0f095c47599f81ad500f0191388feba33eab1186e1d93dab'],1549054842889
251,029c7731cc6b9386ed326d90108c6dd89756a36521ec6c1876d8557856cf9884,"[-0.18028849363327026, 0.10607507824897766, -0.10329790413379669, -0.07391595095396042, 0.0513375923037529, 0.009467155672609806, -0.05705194175243378, -0.13566520810127258, -0.002970906672999263, 0.11964340507984161, 0.050958216190338135, -0.002646857872605324, -0.08064627647399902, 0.04603290930390358, 0.036238472908735275, -0.07881425321102142, -0.06215957552194595, 0.013266259804368019, 0.058130715042352676, 0.06312164664268494, 0.03704613074660301, 0.1851823627948761, 0.08841028809547424, 0.04050852358341217, -0.027994446456432343, 0.024748923256993294, 0.024085335433483124, -0.10368937253952026, 0.09256695210933685, -0.06943628937005997, 0.047413263469934464, -0.051653072237968445, 0.1010584831237793, 0.0548270121216774, -0.01636618934571743, -0.004574223887175322, -0.02467903308570385, -0.041558898985385895, -0.0649215430021286, 0.01880250684916973, -0.021803200244903564, 0.005870340391993523, -0.04034226015210152, 0.08228392899036407, -0.006407210603356361, 0.04905012622475624, 0.0002016071230173111, 0.0336642786860466, -0.03750161826610565, -0.02164849080145359]",['20345cab144a88e2e55f8c7278a89065fc7d622d38db7a151cf9ec543efcbbfe'],"['d0b00258f78125b9fcc3e99a54e82af2c304d678dccaac48a3da086ffdde2589', 'c2c1ce44b352abacefc85225e7ebb44eec0e71cc77401b7c6a31c4909f6695a1', 'ca089db21669aabe32904308205ad3632574fd268e912c0c84ae887960986b68', 'eeb0a7e55500a25b0f095c47599f81ad500f0191388feba33eab1186e1d93dab', '00f18bf14f84b97de5d09e9363802f3f94518ae0164138564c449e5311aab3da', '31bbe1fa6d2fe405b057deab2fb9937319116873e4a9cac8ab70bca5d9538684', '20345cab144a88e2e55f8c7278a89065fc7d622d38db7a151cf9ec543efcbbfe', '5c05011d4376242ed29a50d25215abccae158b49bbfb1ff48b1ccd0569cc7688', '3603f6ae22b1c744adb512d84f209d9b10bdcd1b1121f1e61ce3970367189c2d', '4d1782dd678f2b68e43c4daca06859fa10171aa06857dc596495de77321ef67a', '014d3488e6da05d2d7377f5dab698046517ce6f19cfd02e47bd34b6787e6f2b7', '30b3adb33261ac4218efd618316d9ab93ce2cc91acd9adb38e1e62776d316db6', 'abdcee04d22ff3d60610880b84917571ebe50541fea99658bd315ecd6f20c96c', '195bef64389b6c327e6287e0abcd20eda23b8c3a3bc631d583ee0c05a12a542a', 'af297a48c85ee0fb44d384720b7ef012f1af4c1ede14b081d96d45743bd6b770', '66da095ec9e37e7936d131a8a4a5f85eb9cb7ffd1e755d3cb33cdc66fbb8fe94', '29d8aefbc9610a19be007c7522e34274c176552f40348b97bab65e00bacc6558', 'b105ea80351a06e555bab5cb5bc84cedcdd30649e84f319f2ecc22ba648eb084', '7c94567755ae2249e36a22b170b5c298f96c0c7e8ba31b488c781a0b0747bfc3', 'bf536102274058a8c6f9e4a87dc70ffd9cd7c6ea9eaf40bcc3434dbf95757783', '8bf199a7457c43064353b68cd782835c283edfe677918da64b49134f861c7986', 'c3cc829839af90cecaf01aaa4ed209331c923e740268d5da801b7e87c11a5502', '7a10171dcc39abc5637bfb99b92863f60e3b2d89f242c7937b3541e240d66227', '8b2c36477d689b4b6a372c5cac942b8eabd58596a44b8a0927287b1317fbb2a1', 'c82ca3d57fff496667e5af47b9a19e46812e0d4cad4ea223b4289ecd97240d96']",1549054870436
252,cea963d91605ec765ff503f167b9ab661a34c692cf877cd09c92f3330f44042e,"[-0.07101796567440033, -0.10846999287605286, -0.031290095299482346, -0.00033283664379268885, 0.12350031733512878, 0.026613052934408188, 0.010714022442698479, -0.09750813245773315, -0.044429123401641846, 0.03445512428879738, -0.01170861255377531, -0.01841377466917038, -0.039757706224918365, 0.062657430768013, 0.035274334251880646, 0.0016672479687258601, 0.023326348513364792, 0.004390418529510498, -0.03295891731977463, 0.00017064705025404692, -0.026759061962366104, 0.02829742804169655, 0.04410812631249428, -0.025490496307611465, -0.01919564977288246, 0.014726351015269756, 0.017995163798332214, -0.0850156769156456, -0.013785265386104584, 0.009839506819844246, 0.020717784762382507, 0.0041347164660692215, -0.026348009705543518, 0.013754244893789291, 0.012975923717021942, 0.03631196916103363, -0.02960825152695179, 0.0303658340126276, 0.05031811445951462, -0.013696784153580666, -0.00286410772241652, 0.03849119693040848, -0.0029058754444122314, 0.0022694109939038754, 0.01430675107985735, -0.014660689979791641, -0.003467726055532694, 0.014558234252035618, -0.039601538330316544, 0.0031778113916516304]",,"['ca089db21669aabe32904308205ad3632574fd268e912c0c84ae887960986b68', 'd0b00258f78125b9fcc3e99a54e82af2c304d678dccaac48a3da086ffdde2589', '5c05011d4376242ed29a50d25215abccae158b49bbfb1ff48b1ccd0569cc7688', '20345cab144a88e2e55f8c7278a89065fc7d622d38db7a151cf9ec543efcbbfe', '4d1782dd678f2b68e43c4daca06859fa10171aa06857dc596495de77321ef67a', '66da095ec9e37e7936d131a8a4a5f85eb9cb7ffd1e755d3cb33cdc66fbb8fe94', '30b3adb33261ac4218efd618316d9ab93ce2cc91acd9adb38e1e62776d316db6', '00f18bf14f84b97de5d09e9363802f3f94518ae0164138564c449e5311aab3da', 'eeb0a7e55500a25b0f095c47599f81ad500f0191388feba33eab1186e1d93dab', 'c2c1ce44b352abacefc85225e7ebb44eec0e71cc77401b7c6a31c4909f6695a1', '31bbe1fa6d2fe405b057deab2fb9937319116873e4a9cac8ab70bca5d9538684', '3603f6ae22b1c744adb512d84f209d9b10bdcd1b1121f1e61ce3970367189c2d', '014d3488e6da05d2d7377f5dab698046517ce6f19cfd02e47bd34b6787e6f2b7', '29d8aefbc9610a19be007c7522e34274c176552f40348b97bab65e00bacc6558', 'bef27daabf56a923aad9178f8bb9a609fd593e77f1ff53298e4c77dc57a42ff7', 'abdcee04d22ff3d60610880b84917571ebe50541fea99658bd315ecd6f20c96c', '195bef64389b6c327e6287e0abcd20eda23b8c3a3bc631d583ee0c05a12a542a', 'af297a48c85ee0fb44d384720b7ef012f1af4c1ede14b081d96d45743bd6b770']",1548726723512
253,e96f9a540d2b0138fe41cbc8c357d27dc3914db64f1d0856590d80a2dd6a7712,"[-0.062454625964164734, -0.22390836477279663, -0.01309831254184246, 0.015754934400320053, 0.039033446460962296, 0.0807000920176506, 0.0409129336476326, -0.08051405102014542, -0.04867330938577652, 0.020698189735412598, -0.05514365807175636, -0.03790657967329025, -0.022211775183677673, 0.14160822331905365, 0.08594026416540146, 0.00982406735420227, -0.004865189548581839, -0.038689013570547104, -0.04701642319560051, 0.06397566199302673, -0.03254667669534683, 0.016364043578505516, 0.0623321533203125, -0.02481216937303543, 0.027233043685555458, 0.03129589930176735, 0.04753712937235832, -0.10004307329654694, 0.011537820100784302, -0.020737405866384506, 0.019756626337766647, 0.02466837503015995, -0.03293609991669655, -0.03898131847381592, 0.012071832083165646, 0.0277447197586298, -0.0042634932324290276, 0.04729621112346649, 0.035646285861730576, -0.011336570605635643, 0.005982766393572092, -0.025911381468176842, -0.03135664016008377, 0.017954528331756592, -0.0011376608163118362, -0.048512451350688934, -0.012908468022942543, 0.03695544973015785, -0.028955617919564247, -0.0003199605271220207]",,"['7c94567755ae2249e36a22b170b5c298f96c0c7e8ba31b488c781a0b0747bfc3', '64772266469b36a56d546833f75a20cd1b32714c555aee4c3664f635ea17ae7f', '2b10515544ad849a3a76c69bae71040bd91ab06eb73f9e175b4a8535141a9d84', '60804d7b2271509087e0038bc29d51b63e982dc18aff36bb295278c2b1a4da45', '5df9188b4592d073f5aee7b0f7307b4beee64bc4acb795cb9643caf7f04661ac', '6c11f9180bb3f6eeef83c1d2a557fabb30be40b4654a2858fbfae140f7b61b50', 'cb9646ae1fe3c7366b6a8a31fafc8541cf0dbbb3e346d3e5dcca733e85d61e78', '0e86e093b1e73070541cafe644c74526d42662c1e4723f31177129617db4a613', '3cda34396cd9d8ef4c510fcf95a0a2d9d5735d19a050eaf3329d7c96793bf351', '8051c93aa64f74eafe5e8b1484567abb13725ce0c7ca4dc659b6327b216dea4b', '65ad9406f7e89c061f8d9f4ba74f59660668200eff35a62b95a2cf28c6490399', '49a1ced38aa0e37852b903c4a1f97022090e5ba5605dfe7d90a661955b868021', 'e17fd901a1d88b7c1be7cc373b0d7e2bf762b3d2b783e14b987107a531deb69a', '12c883d018763c11ed4cce16ee0dd6f8818107e75372475d5d6088c00aaadc25', 'c25f49e3b90a0bb47bb9a1a4f376c8415ac5b69324e2d6801aa6198a820d8bc9', 'd61ad00a2f07f91cb44a248ef86b955487a7d3382afc5a05c962c4705544d704', 'b56f3a4b0902f2d0562cb629af97a4143d87bb6035c3cc75344c19081a796797', '4f833e713b1af9b15246699cd31ba7dcde49809b0d9e722272f8c2ccdbfd5c0a', '3d1c077ec4df406d6f6875f0aaa9298deefdd03ee7a68e6a4fcb6ac31755b7cd', '359e708a47cfd612d52887986f5712c1cf482038b3bb0a9e8deab55f95156a10', '4048a91fdd664d15f24aa6aaa3e6b1964b28180b6ccb490d4288e85a7bbe50c3', '412ea0dffe3207f04576be3d6e9e7842ed6f5c54a5f76381491f75ba2d323acd', '5ab55b66c6bc4a0c48e6ed3844dfe3e2d81b99ae97b936aab8f5cf9b8b5e6213', '69524db09c78d9b0335d4c326659948dd1ffe6701519c5f87680a55ca4bc8593', '94ae095263d3a46dc50fc5104c872fb464488f8d046ffe081d90bc9c1a14fee9']",1548614368310
254,e96f9a540d2b0138fe41cbc8c357d27dc3914db64f1d0856590d80a2dd6a7712,"[-0.062454625964164734, -0.22390836477279663, -0.01309831254184246, 0.015754934400320053, 0.039033446460962296, 0.0807000920176506, 0.0409129336476326, -0.08051405102014542, -0.04867330938577652, 0.020698189735412598, -0.05514365807175636, -0.03790657967329025, -0.022211775183677673, 0.14160822331905365, 0.08594026416540146, 0.00982406735420227, -0.004865189548581839, -0.038689013570547104, -0.04701642319560051, 0.06397566199302673, -0.03254667669534683, 0.016364043578505516, 0.0623321533203125, -0.02481216937303543, 0.027233043685555458, 0.03129589930176735, 0.04753712937235832, -0.10004307329654694, 0.011537820100784302, -0.020737405866384506, 0.019756626337766647, 0.02466837503015995, -0.03293609991669655, -0.03898131847381592, 0.012071832083165646, 0.0277447197586298, -0.0042634932324290276, 0.04729621112346649, 0.035646285861730576, -0.011336570605635643, 0.005982766393572092, -0.025911381468176842, -0.03135664016008377, 0.017954528331756592, -0.0011376608163118362, -0.048512451350688934, -0.012908468022942543, 0.03695544973015785, -0.028955617919564247, -0.0003199605271220207]",,"['7c94567755ae2249e36a22b170b5c298f96c0c7e8ba31b488c781a0b0747bfc3', '64772266469b36a56d546833f75a20cd1b32714c555aee4c3664f635ea17ae7f', '2b10515544ad849a3a76c69bae71040bd91ab06eb73f9e175b4a8535141a9d84', '60804d7b2271509087e0038bc29d51b63e982dc18aff36bb295278c2b1a4da45', '5df9188b4592d073f5aee7b0f7307b4beee64bc4acb795cb9643caf7f04661ac', '6c11f9180bb3f6eeef83c1d2a557fabb30be40b4654a2858fbfae140f7b61b50', 'cb9646ae1fe3c7366b6a8a31fafc8541cf0dbbb3e346d3e5dcca733e85d61e78', '0e86e093b1e73070541cafe644c74526d42662c1e4723f31177129617db4a613', '3cda34396cd9d8ef4c510fcf95a0a2d9d5735d19a050eaf3329d7c96793bf351', '8051c93aa64f74eafe5e8b1484567abb13725ce0c7ca4dc659b6327b216dea4b', '65ad9406f7e89c061f8d9f4ba74f59660668200eff35a62b95a2cf28c6490399', '49a1ced38aa0e37852b903c4a1f97022090e5ba5605dfe7d90a661955b868021', 'e17fd901a1d88b7c1be7cc373b0d7e2bf762b3d2b783e14b987107a531deb69a', '12c883d018763c11ed4cce16ee0dd6f8818107e75372475d5d6088c00aaadc25', 'c25f49e3b90a0bb47bb9a1a4f376c8415ac5b69324e2d6801aa6198a820d8bc9', 'd61ad00a2f07f91cb44a248ef86b955487a7d3382afc5a05c962c4705544d704', 'b56f3a4b0902f2d0562cb629af97a4143d87bb6035c3cc75344c19081a796797', '4f833e713b1af9b15246699cd31ba7dcde49809b0d9e722272f8c2ccdbfd5c0a', '3d1c077ec4df406d6f6875f0aaa9298deefdd03ee7a68e6a4fcb6ac31755b7cd', '359e708a47cfd612d52887986f5712c1cf482038b3bb0a9e8deab55f95156a10', '4048a91fdd664d15f24aa6aaa3e6b1964b28180b6ccb490d4288e85a7bbe50c3', '412ea0dffe3207f04576be3d6e9e7842ed6f5c54a5f76381491f75ba2d323acd', '5ab55b66c6bc4a0c48e6ed3844dfe3e2d81b99ae97b936aab8f5cf9b8b5e6213', '69524db09c78d9b0335d4c326659948dd1ffe6701519c5f87680a55ca4bc8593', '94ae095263d3a46dc50fc5104c872fb464488f8d046ffe081d90bc9c1a14fee9']",1548614368310
255,e96f9a540d2b0138fe41cbc8c357d27dc3914db64f1d0856590d80a2dd6a7712,"[-0.062454625964164734, -0.22390836477279663, -0.01309831254184246, 0.015754934400320053, 0.039033446460962296, 0.0807000920176506, 0.0409129336476326, -0.08051405102014542, -0.04867330938577652, 0.020698189735412598, -0.05514365807175636, -0.03790657967329025, -0.022211775183677673, 0.14160822331905365, 0.08594026416540146, 0.00982406735420227, -0.004865189548581839, -0.038689013570547104, -0.04701642319560051, 0.06397566199302673, -0.03254667669534683, 0.016364043578505516, 0.0623321533203125, -0.02481216937303543, 0.027233043685555458, 0.03129589930176735, 0.04753712937235832, -0.10004307329654694, 0.011537820100784302, -0.020737405866384506, 0.019756626337766647, 0.02466837503015995, -0.03293609991669655, -0.03898131847381592, 0.012071832083165646, 0.0277447197586298, -0.0042634932324290276, 0.04729621112346649, 0.035646285861730576, -0.011336570605635643, 0.005982766393572092, -0.025911381468176842, -0.03135664016008377, 0.017954528331756592, -0.0011376608163118362, -0.048512451350688934, -0.012908468022942543, 0.03695544973015785, -0.028955617919564247, -0.0003199605271220207]",,"['7c94567755ae2249e36a22b170b5c298f96c0c7e8ba31b488c781a0b0747bfc3', '64772266469b36a56d546833f75a20cd1b32714c555aee4c3664f635ea17ae7f', '2b10515544ad849a3a76c69bae71040bd91ab06eb73f9e175b4a8535141a9d84', '60804d7b2271509087e0038bc29d51b63e982dc18aff36bb295278c2b1a4da45', '5df9188b4592d073f5aee7b0f7307b4beee64bc4acb795cb9643caf7f04661ac', '6c11f9180bb3f6eeef83c1d2a557fabb30be40b4654a2858fbfae140f7b61b50', 'cb9646ae1fe3c7366b6a8a31fafc8541cf0dbbb3e346d3e5dcca733e85d61e78', '0e86e093b1e73070541cafe644c74526d42662c1e4723f31177129617db4a613', '3cda34396cd9d8ef4c510fcf95a0a2d9d5735d19a050eaf3329d7c96793bf351', '8051c93aa64f74eafe5e8b1484567abb13725ce0c7ca4dc659b6327b216dea4b', '65ad9406f7e89c061f8d9f4ba74f59660668200eff35a62b95a2cf28c6490399', '49a1ced38aa0e37852b903c4a1f97022090e5ba5605dfe7d90a661955b868021', 'e17fd901a1d88b7c1be7cc373b0d7e2bf762b3d2b783e14b987107a531deb69a', '12c883d018763c11ed4cce16ee0dd6f8818107e75372475d5d6088c00aaadc25', 'c25f49e3b90a0bb47bb9a1a4f376c8415ac5b69324e2d6801aa6198a820d8bc9', 'd61ad00a2f07f91cb44a248ef86b955487a7d3382afc5a05c962c4705544d704', 'b56f3a4b0902f2d0562cb629af97a4143d87bb6035c3cc75344c19081a796797', '4f833e713b1af9b15246699cd31ba7dcde49809b0d9e722272f8c2ccdbfd5c0a', '3d1c077ec4df406d6f6875f0aaa9298deefdd03ee7a68e6a4fcb6ac31755b7cd', '359e708a47cfd612d52887986f5712c1cf482038b3bb0a9e8deab55f95156a10', '4048a91fdd664d15f24aa6aaa3e6b1964b28180b6ccb490d4288e85a7bbe50c3', '412ea0dffe3207f04576be3d6e9e7842ed6f5c54a5f76381491f75ba2d323acd', '5ab55b66c6bc4a0c48e6ed3844dfe3e2d81b99ae97b936aab8f5cf9b8b5e6213', '69524db09c78d9b0335d4c326659948dd1ffe6701519c5f87680a55ca4bc8593', '94ae095263d3a46dc50fc5104c872fb464488f8d046ffe081d90bc9c1a14fee9']",1548614368310
256,e96f9a540d2b0138fe41cbc8c357d27dc3914db64f1d0856590d80a2dd6a7712,"[-0.062454625964164734, -0.22390836477279663, -0.01309831254184246, 0.015754934400320053, 0.039033446460962296, 0.0807000920176506, 0.0409129336476326, -0.08051405102014542, -0.04867330938577652, 0.020698189735412598, -0.05514365807175636, -0.03790657967329025, -0.022211775183677673, 0.14160822331905365, 0.08594026416540146, 0.00982406735420227, -0.004865189548581839, -0.038689013570547104, -0.04701642319560051, 0.06397566199302673, -0.03254667669534683, 0.016364043578505516, 0.0623321533203125, -0.02481216937303543, 0.027233043685555458, 0.03129589930176735, 0.04753712937235832, -0.10004307329654694, 0.011537820100784302, -0.020737405866384506, 0.019756626337766647, 0.02466837503015995, -0.03293609991669655, -0.03898131847381592, 0.012071832083165646, 0.0277447197586298, -0.0042634932324290276, 0.04729621112346649, 0.035646285861730576, -0.011336570605635643, 0.005982766393572092, -0.025911381468176842, -0.03135664016008377, 0.017954528331756592, -0.0011376608163118362, -0.048512451350688934, -0.012908468022942543, 0.03695544973015785, -0.028955617919564247, -0.0003199605271220207]",,"['7c94567755ae2249e36a22b170b5c298f96c0c7e8ba31b488c781a0b0747bfc3', '64772266469b36a56d546833f75a20cd1b32714c555aee4c3664f635ea17ae7f', '2b10515544ad849a3a76c69bae71040bd91ab06eb73f9e175b4a8535141a9d84', '60804d7b2271509087e0038bc29d51b63e982dc18aff36bb295278c2b1a4da45', '5df9188b4592d073f5aee7b0f7307b4beee64bc4acb795cb9643caf7f04661ac', '6c11f9180bb3f6eeef83c1d2a557fabb30be40b4654a2858fbfae140f7b61b50', 'cb9646ae1fe3c7366b6a8a31fafc8541cf0dbbb3e346d3e5dcca733e85d61e78', '0e86e093b1e73070541cafe644c74526d42662c1e4723f31177129617db4a613', '3cda34396cd9d8ef4c510fcf95a0a2d9d5735d19a050eaf3329d7c96793bf351', '8051c93aa64f74eafe5e8b1484567abb13725ce0c7ca4dc659b6327b216dea4b', '65ad9406f7e89c061f8d9f4ba74f59660668200eff35a62b95a2cf28c6490399', '49a1ced38aa0e37852b903c4a1f97022090e5ba5605dfe7d90a661955b868021', 'e17fd901a1d88b7c1be7cc373b0d7e2bf762b3d2b783e14b987107a531deb69a', '12c883d018763c11ed4cce16ee0dd6f8818107e75372475d5d6088c00aaadc25', 'c25f49e3b90a0bb47bb9a1a4f376c8415ac5b69324e2d6801aa6198a820d8bc9', 'd61ad00a2f07f91cb44a248ef86b955487a7d3382afc5a05c962c4705544d704', 'b56f3a4b0902f2d0562cb629af97a4143d87bb6035c3cc75344c19081a796797', '4f833e713b1af9b15246699cd31ba7dcde49809b0d9e722272f8c2ccdbfd5c0a', '3d1c077ec4df406d6f6875f0aaa9298deefdd03ee7a68e6a4fcb6ac31755b7cd', '359e708a47cfd612d52887986f5712c1cf482038b3bb0a9e8deab55f95156a10', '4048a91fdd664d15f24aa6aaa3e6b1964b28180b6ccb490d4288e85a7bbe50c3', '412ea0dffe3207f04576be3d6e9e7842ed6f5c54a5f76381491f75ba2d323acd', '5ab55b66c6bc4a0c48e6ed3844dfe3e2d81b99ae97b936aab8f5cf9b8b5e6213', '69524db09c78d9b0335d4c326659948dd1ffe6701519c5f87680a55ca4bc8593', '94ae095263d3a46dc50fc5104c872fb464488f8d046ffe081d90bc9c1a14fee9']",1548614368310
257,e96f9a540d2b0138fe41cbc8c357d27dc3914db64f1d0856590d80a2dd6a7712,"[-0.07101796567440033, -0.10846999287605286, -0.031290095299482346, -0.00033283664379268885, 0.12350031733512878, 0.026613052934408188, 0.010714022442698479, -0.09750813245773315, -0.044429123401641846, 0.03445512428879738, -0.01170861255377531, -0.01841377466917038, -0.039757706224918365, 0.062657430768013, 0.035274334251880646, 0.0016672479687258601, 0.023326348513364792, 0.004390418529510498, -0.03295891731977463, 0.00017064705025404692, -0.026759061962366104, 0.02829742804169655, 0.04410812631249428, -0.025490496307611465, -0.01919564977288246, 0.014726351015269756, 0.017995163798332214, -0.0850156769156456, -0.013785265386104584, 0.009839506819844246, 0.020717784762382507, 0.0041347164660692215, -0.026348009705543518, 0.013754244893789291, 0.012975923717021942, 0.03631196916103363, -0.02960825152695179, 0.0303658340126276, 0.05031811445951462, -0.013696784153580666, -0.00286410772241652, 0.03849119693040848, -0.0029058754444122314, 0.0022694109939038754, 0.01430675107985735, -0.014660689979791641, -0.003467726055532694, 0.014558234252035618, -0.039601538330316544, 0.0031778113916516304]",,"['ca089db21669aabe32904308205ad3632574fd268e912c0c84ae887960986b68', '5c05011d4376242ed29a50d25215abccae158b49bbfb1ff48b1ccd0569cc7688', 'd0b00258f78125b9fcc3e99a54e82af2c304d678dccaac48a3da086ffdde2589', '20345cab144a88e2e55f8c7278a89065fc7d622d38db7a151cf9ec543efcbbfe', '4d1782dd678f2b68e43c4daca06859fa10171aa06857dc596495de77321ef67a', '66da095ec9e37e7936d131a8a4a5f85eb9cb7ffd1e755d3cb33cdc66fbb8fe94', '30b3adb33261ac4218efd618316d9ab93ce2cc91acd9adb38e1e62776d316db6', '00f18bf14f84b97de5d09e9363802f3f94518ae0164138564c449e5311aab3da', '31bbe1fa6d2fe405b057deab2fb9937319116873e4a9cac8ab70bca5d9538684', 'eeb0a7e55500a25b0f095c47599f81ad500f0191388feba33eab1186e1d93dab', 'c2c1ce44b352abacefc85225e7ebb44eec0e71cc77401b7c6a31c4909f6695a1', '3603f6ae22b1c744adb512d84f209d9b10bdcd1b1121f1e61ce3970367189c2d', '014d3488e6da05d2d7377f5dab698046517ce6f19cfd02e47bd34b6787e6f2b7', '29d8aefbc9610a19be007c7522e34274c176552f40348b97bab65e00bacc6558', 'bef27daabf56a923aad9178f8bb9a609fd593e77f1ff53298e4c77dc57a42ff7', 'abdcee04d22ff3d60610880b84917571ebe50541fea99658bd315ecd6f20c96c', '195bef64389b6c327e6287e0abcd20eda23b8c3a3bc631d583ee0c05a12a542a', 'af297a48c85ee0fb44d384720b7ef012f1af4c1ede14b081d96d45743bd6b770']",1548614449476
258,e96f9a540d2b0138fe41cbc8c357d27dc3914db64f1d0856590d80a2dd6a7712,"[-0.07101796567440033, -0.10846999287605286, -0.031290095299482346, -0.00033283664379268885, 0.12350031733512878, 0.026613052934408188, 0.010714022442698479, -0.09750813245773315, -0.044429123401641846, 0.03445512428879738, -0.01170861255377531, -0.01841377466917038, -0.039757706224918365, 0.062657430768013, 0.035274334251880646, 0.0016672479687258601, 0.023326348513364792, 0.004390418529510498, -0.03295891731977463, 0.00017064705025404692, -0.026759061962366104, 0.02829742804169655, 0.04410812631249428, -0.025490496307611465, -0.01919564977288246, 0.014726351015269756, 0.017995163798332214, -0.0850156769156456, -0.013785265386104584, 0.009839506819844246, 0.020717784762382507, 0.0041347164660692215, -0.026348009705543518, 0.013754244893789291, 0.012975923717021942, 0.03631196916103363, -0.02960825152695179, 0.0303658340126276, 0.05031811445951462, -0.013696784153580666, -0.00286410772241652, 0.03849119693040848, -0.0029058754444122314, 0.0022694109939038754, 0.01430675107985735, -0.014660689979791641, -0.003467726055532694, 0.014558234252035618, -0.039601538330316544, 0.0031778113916516304]",,"['ca089db21669aabe32904308205ad3632574fd268e912c0c84ae887960986b68', '5c05011d4376242ed29a50d25215abccae158b49bbfb1ff48b1ccd0569cc7688', 'd0b00258f78125b9fcc3e99a54e82af2c304d678dccaac48a3da086ffdde2589', '20345cab144a88e2e55f8c7278a89065fc7d622d38db7a151cf9ec543efcbbfe', '4d1782dd678f2b68e43c4daca06859fa10171aa06857dc596495de77321ef67a', '66da095ec9e37e7936d131a8a4a5f85eb9cb7ffd1e755d3cb33cdc66fbb8fe94', '30b3adb33261ac4218efd618316d9ab93ce2cc91acd9adb38e1e62776d316db6', '00f18bf14f84b97de5d09e9363802f3f94518ae0164138564c449e5311aab3da', '31bbe1fa6d2fe405b057deab2fb9937319116873e4a9cac8ab70bca5d9538684', 'eeb0a7e55500a25b0f095c47599f81ad500f0191388feba33eab1186e1d93dab', 'c2c1ce44b352abacefc85225e7ebb44eec0e71cc77401b7c6a31c4909f6695a1', '3603f6ae22b1c744adb512d84f209d9b10bdcd1b1121f1e61ce3970367189c2d', '014d3488e6da05d2d7377f5dab698046517ce6f19cfd02e47bd34b6787e6f2b7', '29d8aefbc9610a19be007c7522e34274c176552f40348b97bab65e00bacc6558', 'bef27daabf56a923aad9178f8bb9a609fd593e77f1ff53298e4c77dc57a42ff7', 'abdcee04d22ff3d60610880b84917571ebe50541fea99658bd315ecd6f20c96c', '195bef64389b6c327e6287e0abcd20eda23b8c3a3bc631d583ee0c05a12a542a', 'af297a48c85ee0fb44d384720b7ef012f1af4c1ede14b081d96d45743bd6b770']",1548614449476
259,e96f9a540d2b0138fe41cbc8c357d27dc3914db64f1d0856590d80a2dd6a7712,"[-0.07101796567440033, -0.10846999287605286, -0.031290095299482346, -0.00033283664379268885, 0.12350031733512878, 0.026613052934408188, 0.010714022442698479, -0.09750813245773315, -0.044429123401641846, 0.03445512428879738, -0.01170861255377531, -0.01841377466917038, -0.039757706224918365, 0.062657430768013, 0.035274334251880646, 0.0016672479687258601, 0.023326348513364792, 0.004390418529510498, -0.03295891731977463, 0.00017064705025404692, -0.026759061962366104, 0.02829742804169655, 0.04410812631249428, -0.025490496307611465, -0.01919564977288246, 0.014726351015269756, 0.017995163798332214, -0.0850156769156456, -0.013785265386104584, 0.009839506819844246, 0.020717784762382507, 0.0041347164660692215, -0.026348009705543518, 0.013754244893789291, 0.012975923717021942, 0.03631196916103363, -0.02960825152695179, 0.0303658340126276, 0.05031811445951462, -0.013696784153580666, -0.00286410772241652, 0.03849119693040848, -0.0029058754444122314, 0.0022694109939038754, 0.01430675107985735, -0.014660689979791641, -0.003467726055532694, 0.014558234252035618, -0.039601538330316544, 0.0031778113916516304]",,"['ca089db21669aabe32904308205ad3632574fd268e912c0c84ae887960986b68', '5c05011d4376242ed29a50d25215abccae158b49bbfb1ff48b1ccd0569cc7688', 'd0b00258f78125b9fcc3e99a54e82af2c304d678dccaac48a3da086ffdde2589', '20345cab144a88e2e55f8c7278a89065fc7d622d38db7a151cf9ec543efcbbfe', '4d1782dd678f2b68e43c4daca06859fa10171aa06857dc596495de77321ef67a', '66da095ec9e37e7936d131a8a4a5f85eb9cb7ffd1e755d3cb33cdc66fbb8fe94', '30b3adb33261ac4218efd618316d9ab93ce2cc91acd9adb38e1e62776d316db6', '00f18bf14f84b97de5d09e9363802f3f94518ae0164138564c449e5311aab3da', '31bbe1fa6d2fe405b057deab2fb9937319116873e4a9cac8ab70bca5d9538684', 'eeb0a7e55500a25b0f095c47599f81ad500f0191388feba33eab1186e1d93dab', 'c2c1ce44b352abacefc85225e7ebb44eec0e71cc77401b7c6a31c4909f6695a1', '3603f6ae22b1c744adb512d84f209d9b10bdcd1b1121f1e61ce3970367189c2d', '014d3488e6da05d2d7377f5dab698046517ce6f19cfd02e47bd34b6787e6f2b7', '29d8aefbc9610a19be007c7522e34274c176552f40348b97bab65e00bacc6558', 'bef27daabf56a923aad9178f8bb9a609fd593e77f1ff53298e4c77dc57a42ff7', 'abdcee04d22ff3d60610880b84917571ebe50541fea99658bd315ecd6f20c96c', '195bef64389b6c327e6287e0abcd20eda23b8c3a3bc631d583ee0c05a12a542a', 'af297a48c85ee0fb44d384720b7ef012f1af4c1ede14b081d96d45743bd6b770']",1548614449476
260,e96f9a540d2b0138fe41cbc8c357d27dc3914db64f1d0856590d80a2dd6a7712,"[-0.07101796567440033, -0.10846999287605286, -0.031290095299482346, -0.00033283664379268885, 0.12350031733512878, 0.026613052934408188, 0.010714022442698479, -0.09750813245773315, -0.044429123401641846, 0.03445512428879738, -0.01170861255377531, -0.01841377466917038, -0.039757706224918365, 0.062657430768013, 0.035274334251880646, 0.0016672479687258601, 0.023326348513364792, 0.004390418529510498, -0.03295891731977463, 0.00017064705025404692, -0.026759061962366104, 0.02829742804169655, 0.04410812631249428, -0.025490496307611465, -0.01919564977288246, 0.014726351015269756, 0.017995163798332214, -0.0850156769156456, -0.013785265386104584, 0.009839506819844246, 0.020717784762382507, 0.0041347164660692215, -0.026348009705543518, 0.013754244893789291, 0.012975923717021942, 0.03631196916103363, -0.02960825152695179, 0.0303658340126276, 0.05031811445951462, -0.013696784153580666, -0.00286410772241652, 0.03849119693040848, -0.0029058754444122314, 0.0022694109939038754, 0.01430675107985735, -0.014660689979791641, -0.003467726055532694, 0.014558234252035618, -0.039601538330316544, 0.0031778113916516304]",,"['ca089db21669aabe32904308205ad3632574fd268e912c0c84ae887960986b68', '5c05011d4376242ed29a50d25215abccae158b49bbfb1ff48b1ccd0569cc7688', 'd0b00258f78125b9fcc3e99a54e82af2c304d678dccaac48a3da086ffdde2589', '20345cab144a88e2e55f8c7278a89065fc7d622d38db7a151cf9ec543efcbbfe', '4d1782dd678f2b68e43c4daca06859fa10171aa06857dc596495de77321ef67a', '66da095ec9e37e7936d131a8a4a5f85eb9cb7ffd1e755d3cb33cdc66fbb8fe94', '30b3adb33261ac4218efd618316d9ab93ce2cc91acd9adb38e1e62776d316db6', '00f18bf14f84b97de5d09e9363802f3f94518ae0164138564c449e5311aab3da', '31bbe1fa6d2fe405b057deab2fb9937319116873e4a9cac8ab70bca5d9538684', 'eeb0a7e55500a25b0f095c47599f81ad500f0191388feba33eab1186e1d93dab', 'c2c1ce44b352abacefc85225e7ebb44eec0e71cc77401b7c6a31c4909f6695a1', '3603f6ae22b1c744adb512d84f209d9b10bdcd1b1121f1e61ce3970367189c2d', '014d3488e6da05d2d7377f5dab698046517ce6f19cfd02e47bd34b6787e6f2b7', '29d8aefbc9610a19be007c7522e34274c176552f40348b97bab65e00bacc6558', 'bef27daabf56a923aad9178f8bb9a609fd593e77f1ff53298e4c77dc57a42ff7', 'abdcee04d22ff3d60610880b84917571ebe50541fea99658bd315ecd6f20c96c', '195bef64389b6c327e6287e0abcd20eda23b8c3a3bc631d583ee0c05a12a542a', 'af297a48c85ee0fb44d384720b7ef012f1af4c1ede14b081d96d45743bd6b770']",1548614449476
261,52cb02d6242681891c12387f97626f8ef3e77395520371b6c7bfdad8cc7512c3,"[-0.13380324840545654, -0.08452558517456055, 0.03348367661237717, -0.13242599368095398, -0.11346781253814697, -0.0722026377916336, -0.1194792240858078, -0.01910637691617012, -0.01835694909095764, 0.06258847564458847, 0.07503876090049744, -0.1347646713256836, -0.009087854996323586, 0.022448116913437843, -0.06425119191408157, 0.026418380439281464, 0.05537736415863037, -0.00278117461130023, 0.02751157432794571, -0.053406305611133575, 0.09707474708557129, -0.11857521533966064, -0.04666100814938545, -0.04045664146542549, 0.0019767554476857185, -0.02127528376877308, -0.04363590106368065, -0.04434753209352493, -0.0630510225892067, 0.0006684493273496628, -0.05394436791539192, 0.04793499782681465, 0.004442884121090174, 0.07098495960235596, -0.06317757815122604, 0.0407668799161911, 0.0010152715258300304, -0.05636898800730705, 0.08825648576021194, 0.10222963243722916, -0.01255933940410614, 0.03140754997730255, 0.012570029124617577, 0.03133002668619156, -0.06017366424202919, -0.007574566639959812, 0.03641420975327492, -0.0378587543964386, 0.019393326714634895, -0.049737632274627686]",['a54a92dc00ae9b8bcebc0fb9fd5f90f3802dcd016b0ded21b1e70c9b92ef46c8'],"['1edb7272a08ff6eb518c51d274289b2150bbbe5f600545d46d03f73815ac7d17', '79928919ff0c835eb55128c3508983768453cea4a6b099da18ae4b5a30050fee', 'a54a92dc00ae9b8bcebc0fb9fd5f90f3802dcd016b0ded21b1e70c9b92ef46c8', 'bd9d7c8992ff9aed6d223981da4041d103a3ec85eb2c21c4411819509407aec4', 'e48246c2b33ce0dc7afe73a494b437a068bfafd0a827310b451a7b3b12328060']",1549830836079
262,19777b9208291618bca57e5e12b7dac89e37579de3dad4f8d78bfae316a4b3cd,"[-0.1770164966583252, -0.009481724351644516, 0.18458998203277588, -0.07436291128396988, 0.21729089319705963, -0.019489731639623642, -0.06103624403476715, 0.3272058367729187, -0.002201850526034832, 0.010038746520876884, -0.18493956327438354, -0.07432734966278076, -0.08131147921085358, 0.05331665650010109, 0.023694857954978943, 0.032635509967803955, -0.06737743318080902, 0.006118960678577423, 0.005637992173433304, 0.014350851997733116, -0.03248542174696922, 0.004069983959197998, -0.04262898117303848, -0.06821756809949875, -0.03187503665685654, 0.023683149367570877, -0.004399542231112719, 0.03220482915639877, -0.04433109611272812, 0.04686175659298897, -0.013277476653456688, -0.011284771375358105, 0.014168515801429749, 0.0192998219281435, 0.003989849239587784, -0.011153250001370907, 0.002465386874973774, 0.006098737008869648, -0.03737417608499527, 0.010256495326757431, -0.0025686370208859444, -0.008389590308070183, -0.018409088253974915, -0.020011868327856064, 0.027600456029176712, -0.011740515008568764, -0.007929636165499687, 0.015814386308193207, -0.005466654896736145, -0.016584372147917747]","['d55b50bb3a188168a31dc2cfe965cfde13bfe3a49f461b8404252e7827da042f', 'd55b50bb3a188168a31dc2cfe965cfde13bfe3a49f461b8404252e7827da042f', 'd55b50bb3a188168a31dc2cfe965cfde13bfe3a49f461b8404252e7827da042f']","['d8cbba48db47b4ed744c852ba8a1a56002eec6726ef7a5c6d380e7a20feb054a', 'b6881658f4c6b5d9c1713d952c3188b2036888c0757d463816e5b1b472e1d365', '0f99c88b04bd819602cd3b4fdeb96027adb8bb88c69426c04cf375afb25d054f', '2560c5d94867cb3b75438a360fb64312064716bbfbb4bfa8d0f46415911cc910', 'd55b50bb3a188168a31dc2cfe965cfde13bfe3a49f461b8404252e7827da042f', '3a87d4a019a73f2fd7d2947a7a74bc244ba2019f3f01664c6e59631f020e91e2', '2ab4bb443365da1e0f593aaee65ff8bc222dcabae902bb0ce0d9f97855219210', '7826de1a80b52927d5659dee71dbec85ae0963a86259fd7753a8efc780e19877', '6b23c3ff4ae6805484955a314b2f46823c8e32876ea288f4a2cd9aab215e4f83', '28c73f12f432be767d56ded519d61a0105c3ace56d6d3684fafbd883effdab83', 'f33faea2301150e2219e22d39be92d9f6e911294ee71f0f48bc3a47aa20a8620', 'cecbbc187ea7865f072e4fc1fdbf8115cbbdf173f354ee52ef5d23adc11cd4db', '1fdde6d1b53dd0c44079404f260df514d709181027ef877f58c5361a1edb6771', '64bad7864e61326e773f90a572cef18ef8b4b06004b4af0f1d082fb5de0dead3', '7a0141a5ccfdd7cbfe3cb63507657b4ec68652cb4f4ea37c9a359a83c10e81e1', 'd886ec7b606243afd3ee6426a480108a8f2f76c646621234988929defc5b04e7', '362a8fdb28332845197a230e7b8606ff9b48ad4a32b2936041f8f118cd4c6014', '129800257e86d07341ebf08984b5f58930c7ac655ffab4b3a57880d492eae0fa', 'a5cd0a01aebddb0ffdefa5b01850e1caeb80460ce34685d9444fcdc0576c6d04', 'e68679b67131e276221212487933db8d1aa67ba7317d4b14bd2a85e15ab518ba', 'a982fed2046d4aeccc774dcec5d26283878213bf1370687cf6954cd6a9c63497', 'c579ed128adca40d22d2212c8a2dbc7444090a64d1153b457ab6a5c7d372f9d7', '56d466f6ef21d847028164278a485ac648e38ef995df855586cb3756f497a7d4', '6273e2a2de10eb20b83a544ace90793d446fe7a8d0f1c2b2f39537ef056199f1', '84dfc580c61e4062257cc9d78f5cf395946730ae3aac0f8831350a31c254aa5f']",1548543936701
263,19777b9208291618bca57e5e12b7dac89e37579de3dad4f8d78bfae316a4b3cd,"[-0.11211811006069183, -0.12722434103488922, 0.36839690804481506, 0.11537011712789536, 0.03482465445995331, -0.005284459330141544, 0.026777030900120735, 0.06622308492660522, -0.007032068911939859, -0.044822659343481064, -0.15836027264595032, -0.0741693377494812, -0.059350334107875824, 0.11366927623748779, -0.06284920871257782, -0.010623469948768616, -0.051019877195358276, 0.010693587362766266, 0.04747731238603592, -0.026302747428417206, -0.07138605415821075, -0.010543419048190117, 0.010448896326124668, -0.030794115737080574, -0.03642408922314644, -0.021844839677214622, -0.012882314622402191, 0.03578146547079086, 0.012337064370512962, 0.04868891462683678, 0.0051451753824949265, -0.04347030818462372, 0.01785908453166485, 0.020062534138560295, 0.03244420513510704, 0.005062761250883341, -0.00026775337755680084, -0.0014098891988396645, -0.07867112755775452, -0.0018479116261005402, 0.02593284100294113, -0.00668301060795784, 0.009812375530600548, -0.019531866535544395, 0.028568893671035767, 0.032780393958091736, -0.002944052219390869, 0.01743912696838379, -0.008641201071441174, -0.06201177462935448]",,"['d8cbba48db47b4ed744c852ba8a1a56002eec6726ef7a5c6d380e7a20feb054a', 'b6881658f4c6b5d9c1713d952c3188b2036888c0757d463816e5b1b472e1d365', '0f99c88b04bd819602cd3b4fdeb96027adb8bb88c69426c04cf375afb25d054f', 'beb66ace0250d26e96473a13b8d6475e73166774c5cc20737a962930db1e6fb8', '2560c5d94867cb3b75438a360fb64312064716bbfbb4bfa8d0f46415911cc910', 'd55b50bb3a188168a31dc2cfe965cfde13bfe3a49f461b8404252e7827da042f', '3a87d4a019a73f2fd7d2947a7a74bc244ba2019f3f01664c6e59631f020e91e2', 'e418c532fd0ec3157ae8dc75d004ac49493790676fdfa674e0e3cadb899f79ac', '2ab4bb443365da1e0f593aaee65ff8bc222dcabae902bb0ce0d9f97855219210', '7826de1a80b52927d5659dee71dbec85ae0963a86259fd7753a8efc780e19877', '146fe770af2def18eabb819e02c3ac158509f14fa3f368764f07dc5bfed72193', '52f06421b08e4e54ae28247e2b5fa8750580c80f4daf9e4a2e714c721df9a5a5', '6b23c3ff4ae6805484955a314b2f46823c8e32876ea288f4a2cd9aab215e4f83', '28c73f12f432be767d56ded519d61a0105c3ace56d6d3684fafbd883effdab83', '60ba0fd6919531b8f276cd40547671cad7fc0570f265ac9de4f2e2ffeadbc844', 'e5d7b74bfd652d25a736493c8c3cda173c7e9169d9a5caa3d208fcd1b74a4804', 'f33faea2301150e2219e22d39be92d9f6e911294ee71f0f48bc3a47aa20a8620', 'cecbbc187ea7865f072e4fc1fdbf8115cbbdf173f354ee52ef5d23adc11cd4db', '6ee49e372f4db5e2d593365e9b3ef4907954787c3e26f2ccb5c81ef594ff2264', '1fdde6d1b53dd0c44079404f260df514d709181027ef877f58c5361a1edb6771', 'e49498ee8ac12e9fcc94b449e2b122c78287682cd68431d043f067741b39f88f', '64bad7864e61326e773f90a572cef18ef8b4b06004b4af0f1d082fb5de0dead3', '7ba0a5ebf5b42711ce3e14f7280b8377974c2c7824dd9e9838c7ddbed2251e4a', '7a0141a5ccfdd7cbfe3cb63507657b4ec68652cb4f4ea37c9a359a83c10e81e1', '9c9dfd93585c5095f5cd08c739d4a37a37f702f5023969a2d349f416b07f062e']",1548544528535
264,19777b9208291618bca57e5e12b7dac89e37579de3dad4f8d78bfae316a4b3cd,"[-0.0022086603567004204, -0.32518455386161804, 0.10336175560951233, 0.06518661975860596, -0.029228147119283676, 0.007868741638958454, -0.052552394568920135, 0.020265748724341393, 0.004599915351718664, -0.018971681594848633, -0.016484346240758896, -0.0718909502029419, -0.037527892738580704, 0.015445953235030174, 0.02662421390414238, -0.04264538735151291, -0.04665002599358559, 0.017190750688314438, -0.022856617346405983, 0.001886456273496151, -0.07365962117910385, -0.03194844722747803, 0.05286342278122902, 0.04892829805612564, 0.016101837158203125, -0.025636570528149605, -0.015738751739263535, 0.01714346930384636, 0.012585867196321487, -0.017350271344184875, -0.023389628157019615, 0.024927854537963867, -0.0054090567864477634, 0.018720826134085655, 0.011291633360087872, -0.009121530689299107, -0.03976185619831085, -0.008053751662373543, 0.0030708240810781717, 0.009925395250320435, 0.005781867075711489, -0.013545628637075424, 0.03164792060852051, -0.014090816490352154, -0.013157567009329796, -0.006330268923193216, -0.02063657157123089, -0.007366320118308067, 0.04413378983736038, -0.02417615056037903]",,"['4d45479446a63680c0a03c1f4a31b9e9a6cba5a9dface8c27f4aa816cf4603f5', '4a2a9bd5a05567384af2f7044800be99c8d0884be91db90416f13ebed52c993a', '7bcc7b64b90f3394fbcfb63b9a77d767ece4c42d36dcdf7fd9eff83828ee0269', 'b3af32bc0f4f65173e7a180fa9400d934c2964b2056f3a3c43d3582e992975ab', 'e43e9eb122213387c9dbc9f067e24164cbc70bf48a89fc84536357e9f9fa0adc', 'eb3335d08f85191923f7b8ffca25f01e41adcb6f6d97ee4a2ca6272c6dc09242', '84ab2546942afe5b4c02f1b594e66251d0080da319e9573db9d0951077629d14', '2405e3ce17e80863d1ee6824015c89f44ede425080ffe80ee4d79cb34f26baae', 'd269bbd6cf30fffa379dcfeaa65db09b038f1715f8be532f60c71b625e017b74', '12ba6a98f7373adfe11c368836e91e9074cf5fe7f96344bdb8613f0699f22eeb', 'f8c16ca99647b90bc72085ca557ff359140b9fc45436cfce1dc1546510df2c63', '74dba832e1be117e847277e073f63a2cb044cea47cbda024593ae29b51821956', 'b53a9f6ecb58fabb613b26b3c796c35f07616500846230ae4d13b585fbc71f8c', '1b0a92c64c3008f136f370e27b696184f4bfbb24000dbe016ee1641b8435e875', '45e87206ae9b02d35c6cbc025d449fc237c4fffef897cd2b6de83faa4a9a1a8c', '79b48192ff55c553c84e99f85b290aa4fa11c83223a24da9c281732cf1c27ba5', '3b81c4fe45be926232a186278eefa2158a2fe78c1f3c1ca58b7b7abd8ced6a7b', '89ebda843c2ff508fb37e267fbe6bebb41a77af34c4ccf0a425fc130c41fb6f9', '19b09ad244ccda9f58d441ee9b73e2f703553ab2fdb969de16fe64b9d5e6b521', '8bde1aaae7f74c6b413e1f3a6a11cf9633b4d2eea603153715a11d608b9b1f10', 'd241f4fd53a28142c3361cae84da3bf0cee7c419fd8fc64787786e856dac768b', '4ed4ae0280e781b83e51618d0d9a7ae6cbca45491cf45c7dc583b3b517fb3ec6', 'f0999c89e453bad5ee6900df54d6c04ea04eedd7082adb5ef11b3709a1f706ab', '1099cf12d2ba50842467014c61fa383f8597e95aac8f5bc537a764ca648dacd0', '742ce8904ce2f53187f639daae29f3cd07f002beb6e708e10bbf3bd6b18efcaf']",1548544622457
265,9465201ee4b4a6c850012b5c2834aac14b5a7ae40e3d86140c3129abdbbafee0,"[-0.10378429293632507, -0.06982450932264328, -0.03801743686199188, -0.01938309520483017, 0.10204872488975525, 0.06746877729892731, 0.008612355217337608, -0.044083259999752045, -0.019810188561677933, -0.1047169417142868, 0.08924254775047302, 0.0276285819709301, 0.03753776103258133, -0.017641613259911537, -0.009277191944420338, 0.03529968485236168, -0.010393564589321613, -0.040024738758802414, 0.0051712095737457275, -0.0106543879956007, -0.003850295441225171, 0.012207341380417347, -0.0022228811867535114, -0.04873770475387573, -0.015406769700348377, -0.0591915100812912, -0.003278725314885378, -0.020197641104459763, 0.03902244567871094, 0.004327865783125162, 0.010192886926233768, 0.005036433693021536, 0.003950351849198341, -0.014887075871229172, -0.0070733376778662205, -0.009820949286222458, 0.01591661013662815, -0.0017115013906732202, -0.008612329140305519, -0.028525814414024353, 0.002950113732367754, -0.0006159236654639244, -0.031088951975107193, 0.002602695021778345, 0.019297480583190918, -0.05377786606550217, -0.009657397866249084, -0.01072201132774353, 0.026168541982769966, 0.032132577151060104]",,"['3081a7d7515091e6f782230d5766ec5ed886f62be52009f7959b8b0d08bbaff5', 'ad21a963c968788d3c551537ab4c4ae8b9b09b8d5d41666988733c80d203f67e', '1ebc1a520cfd818c2097fcf3ecbb4ad5bbce28131846a961c0994b381713556d', '7d0e102674efba618ef97f812a23045294afd88098d1ba8ca02f36de06486b4c', '94d275d87c5189e325707abf842584f327b7fbe91a9edf9e82e8594f96766418', '1712cfc57c55f9074fd86e64195b0703e352ba955368afcbae3c46a8ff61a231', '47b320e27d1bdb7c95fa4ad47f945cf419926138ce7f99213099ff1301b99a39', 'd115a8dff79190885cfb0ddad0bd9313d367ba0eef9f46db6fdc6b3083c94ae0', '3b8edd19589910b9cd33aa7b0ed7b82cbff0eaf3aaafd121b5dd70867e9c1892', '1d0fc0986be9474d3d690e443a25b1a80cfa1ab8b1196656054d436af9e9a608', '224edfe9d2de7df34a226a4d079b8e8590d1cb2ccb58588f730b1f45b063a058', '6468c443846a430b5778026cf166e7ff11b1c187dded241f6031124beb1f9b3c', 'd0ed9a98200981dddeedb2f4f4e1b872b5a47067246313bd22405c535f7d286b', 'c8166c0448515d8bf5752201f0be4fee3c3be2be801e2cbeacfb6fb1e560eb52', 'bbaa1c220246f9d4dfb8d16388e49db425d491aec3501ec8bae70dc88098353f', '0edd50bf57289583533e279f7f5953072633c1d32ad6c55e895624e7d6f5c5fc', '8ce6f27bfc1b37393b8449cfef603b440411caece06c4a19dd3ffa002582f55c', '858c0e651e04fc75c15eba15439ca6d8bd2ee5cc597650c67d05076c09293cd0', '7d8099a6e1cecab227d039bf977ca0fcd86cda9e0aefb89ef05d4f3d126f9f04', '61a0befe365cb4fc5b6f42412b4bb373c733752c31943e7d9e4c79a7da561c78', 'd2033f87fce2dc5feb162e6215491a2baad305ea1af0bb0bd6fe7b3b657b0344', '0af2901422409c43b57c4365bc044f1c0877a1df44e7a64cdb9a74812000f28c', '9f5185f18642eeff252baf70e61c61eab7368903f028bffbb781512d48c8755c', '30378c70d72790d4b499781fd918c1cf85f75212c5986f2fb99a30b70d2e73fb', '708208d882e626747120a455504e936723428517184cfee0788dcf1d24a133be']",1548261703377
266,9465201ee4b4a6c850012b5c2834aac14b5a7ae40e3d86140c3129abdbbafee0,"[-0.10249882936477661, 0.02211836911737919, 0.3118746280670166, 0.2630349397659302, 0.04069114848971367, 0.05837276205420494, -0.04499426856637001, 0.03081241063773632, 0.14439207315444946, -0.04655768349766731, 0.11640045046806335, -0.032648857682943344, -0.028003953397274017, -0.04346329718828201, 0.03250010311603546, -0.009467769414186478, -0.015395375899970531, 0.015589835122227669, -0.01868588477373123, -0.0032084290869534016, -0.011785078793764114, -0.026617981493473053, -0.009679019451141357, 2.2251391783356667e-05, 0.06734617054462433, 0.005242072511464357, 0.03633550554513931, -0.020640896633267403, 0.02638133615255356, 0.022541124373674393, 0.05227207392454147, -0.006483395583927631, -0.0038064206019043922, 0.020620357245206833, -0.022126084193587303, 0.0419783890247345, -0.03574515879154205, -0.007252671290189028, 0.016662390902638435, -0.0046640364453196526, -0.0028397529385983944, 0.0026107323355972767, -0.01785830222070217, -0.01112273894250393, 0.01596255972981453, 0.03443240374326706, 0.015232132747769356, 0.01481824554502964, 0.01591460593044758, -0.0050589232705533504]",,,1548261761426
267,9465201ee4b4a6c850012b5c2834aac14b5a7ae40e3d86140c3129abdbbafee0,"[0.0016033935826271772, -0.252014696598053, 0.07687453925609589, 0.08874407410621643, 0.11422307044267654, 0.04324482008814812, 0.10226141661405563, -0.045258231461048126, -0.03207783028483391, -0.022958245128393173, -0.01219040248543024, -0.017448220402002335, 0.004341674968600273, 0.006748699117451906, -0.014974415302276611, 0.0034536700695753098, -0.040548358112573624, -0.022468220442533493, 0.02366933971643448, 0.043014828115701675, 0.03739292174577713, 0.009665149264037609, -0.025005077943205833, 0.002178741618990898, 0.028823744505643845, -0.016991596668958664, 0.005076779052615166, 0.05389094725251198, -0.03489459678530693, 0.0131160207092762, 0.007378639653325081, -0.04082391411066055, -0.03861634060740471, 0.021108586341142654, -0.0023275609128177166, 0.005283265374600887, 0.005152797792106867, -0.015395855531096458, -0.026754144579172134, 0.012474454939365387, 0.014286249876022339, 0.024907134473323822, -0.02849889174103737, -0.022669514641165733, 0.06504303961992264, 0.026489699259400368, -0.007967988960444927, -0.0004498502239584923, 0.005438671912997961, -0.0020118665415793657]",,"['32ead81a7b89168dc472d162a3d7654db02d99bb88b32ab0764d2644f55f3b00', '12fe1e8a3e5f1e143516f8b1b50b7f4e95e33d475ea0e7d3e4d8dc348f51e4ed', '7198608028bbc9d2ca72e82ac863ce82d985806cfbae9bc1e5cb442d2c6ff70b', '6dfcaa19ea6d45ce86266a7860678809eb8b369db7ea7cc405ce35e0eac39718', 'ad42d3cf1984c3785baaa2e610e15c871d163eb82d79537c936d792fc8c42af5', 'f0593a3934650e0ed9ff139b0048a118410cb892cf308f33594c5b11eb31cb63', '6b2380b341a908e6c2d5a0e5c41a1e05d225d37ae567a02b15c34ca09c46ae62', '3d7e1c5423230bc5d50e475af9c7fc9fc0f672099970b825179a9752288255f3', '765d0af97b259b3f33a4d8641f525d439c2969205974b6ddec1a40188dc4187c', '3807f335332499db46a7345f05a4406628598de800039643a40784ee882f3a21', 'b47786e9ef9e23f7db6ab5fdcee9b625d32baedd79e8c8dff466b28e13fdac10', '927254fbf2338825e000586a227a084afb69024350bc3bde2704a950739b7204', '781215be31a2e43f1a8b480342de711a7d90769e7328e15195daef6449c6ad8a', 'd9b0571e16216e2940ca4ca866f705bee601847280233fe1abf962d7b4f3c876', '4b88f86174052f2b876fc11109a966214e8a60c40129172a5bf820dae329dfd0', 'b2acb1be48388564f28e8fdebb4036b0c976b60773efa50881a0ed36c0e57f62', 'eb5680c795b77db54d86c7b32044901bb6251d2220cf6be7ee0a69ec659d4ecc', 'ca90e2939e08da43965e917992611c6829d08550615362c6be5081b1120f886e', '925a5fc4f00390b1d31e90b39f5785ca89a8a2156806b7c0ff9d4054c0b02eb5', 'c87cfadb5180f63e013a779f273e534bd14349690054504a5667e1064b43cc00', '793d9421c7f6ad5c0ecf900f866cba61abf1372c3df398368c7da96e9444ad97', '5a85a23677b75f7ab413c463d2f855cd9b1e8483b5faf44e9a007c3c6ce5304e', 'ee3709fac9e0e9fc4b0902724e1fca93609b6dde670778c376a450a7c7a88748', 'ed196d5b1488fe2dbcc3b529e43e586f48159900b885d5569a47e366f94a4381', '63008f10db399ffd4997f7e2b8cd43ac0c950464f6c165b6c5fddd9053025950']",1548261836517
268,56ad2fb2d26fdc7a9a9dc396b776d03e085189374ea94e9d2b3a5d1369f7c2e3,"[-0.0936652347445488, -0.044616784900426865, -0.004759902134537697, 0.02468000166118145, -0.02598005160689354, 0.08498558402061462, 0.021172814071178436, 0.04477492719888687, -0.15078294277191162, -0.18365773558616638, 0.019714074209332466, 0.1096094399690628, -0.04825732856988907, -0.05354836955666542, 0.06778901815414429, -0.05438618361949921, 0.06291521340608597, 0.15484319627285004, -0.04580742493271828, -0.035164620727300644, 0.16000986099243164, 0.12684355676174164, -0.08867675065994263, -0.10363982617855072, -0.04980659857392311, 0.04696804657578468, -0.03399690240621567, 0.0774669200181961, -0.028145572170615196, -0.13603056967258453, -0.044447507709264755, -0.04773765057325363, 0.10132934153079987, 0.10789059102535248, 0.027406848967075348, -0.0010366030037403107, 0.10058259218931198, 0.10721686482429504, -0.026132818311452866, 0.002836352214217186, 0.03673792630434036, 0.03885921463370323, -0.01663816347718239, -0.008131040260195732, 0.0617518350481987, 0.06430599093437195, 0.08770998567342758, -0.08375781029462814, -0.026560580357909203, 0.04489671066403389]",,"['aec608ae34d83df652a8a90f11baa4901f096f250f1a63e19b18dd936f22e091', 'fd108ec6cb157b1dd54307d896163114453a94e4cdce5515f5d3489f78ba3c96', '729a9f75c2df46251f91fa20b54019c8958f3776b78906ce0adbc255d36a8f1b', '3eecead7ac8c155e3f81ae8680787b64105f066cebba60bf86a4187279d5796c', '7dc8e525dac5668d47d1ef821047506e66c5900182d8dc2ebb002c371da81a90', 'c5ed193e3f1594314da7ab780c96cf9234a43eee3d8bb482e067947d077c8d37']",1548546591834
269,56ad2fb2d26fdc7a9a9dc396b776d03e085189374ea94e9d2b3a5d1369f7c2e3,"[-0.0936652347445488, -0.044616784900426865, -0.004759902134537697, 0.02468000166118145, -0.02598005160689354, 0.08498558402061462, 0.021172814071178436, 0.04477492719888687, -0.15078294277191162, -0.18365773558616638, 0.019714074209332466, 0.1096094399690628, -0.04825732856988907, -0.05354836955666542, 0.06778901815414429, -0.05438618361949921, 0.06291521340608597, 0.15484319627285004, -0.04580742493271828, -0.035164620727300644, 0.16000986099243164, 0.12684355676174164, -0.08867675065994263, -0.10363982617855072, -0.04980659857392311, 0.04696804657578468, -0.03399690240621567, 0.0774669200181961, -0.028145572170615196, -0.13603056967258453, -0.044447507709264755, -0.04773765057325363, 0.10132934153079987, 0.10789059102535248, 0.027406848967075348, -0.0010366030037403107, 0.10058259218931198, 0.10721686482429504, -0.026132818311452866, 0.002836352214217186, 0.03673792630434036, 0.03885921463370323, -0.01663816347718239, -0.008131040260195732, 0.0617518350481987, 0.06430599093437195, 0.08770998567342758, -0.08375781029462814, -0.026560580357909203, 0.04489671066403389]",,"['aec608ae34d83df652a8a90f11baa4901f096f250f1a63e19b18dd936f22e091', 'fd108ec6cb157b1dd54307d896163114453a94e4cdce5515f5d3489f78ba3c96', '729a9f75c2df46251f91fa20b54019c8958f3776b78906ce0adbc255d36a8f1b', '3eecead7ac8c155e3f81ae8680787b64105f066cebba60bf86a4187279d5796c', '7dc8e525dac5668d47d1ef821047506e66c5900182d8dc2ebb002c371da81a90', 'c5ed193e3f1594314da7ab780c96cf9234a43eee3d8bb482e067947d077c8d37']",1548546591834
270,56ad2fb2d26fdc7a9a9dc396b776d03e085189374ea94e9d2b3a5d1369f7c2e3,"[-0.0936652347445488, -0.044616784900426865, -0.004759902134537697, 0.02468000166118145, -0.02598005160689354, 0.08498558402061462, 0.021172814071178436, 0.04477492719888687, -0.15078294277191162, -0.18365773558616638, 0.019714074209332466, 0.1096094399690628, -0.04825732856988907, -0.05354836955666542, 0.06778901815414429, -0.05438618361949921, 0.06291521340608597, 0.15484319627285004, -0.04580742493271828, -0.035164620727300644, 0.16000986099243164, 0.12684355676174164, -0.08867675065994263, -0.10363982617855072, -0.04980659857392311, 0.04696804657578468, -0.03399690240621567, 0.0774669200181961, -0.028145572170615196, -0.13603056967258453, -0.044447507709264755, -0.04773765057325363, 0.10132934153079987, 0.10789059102535248, 0.027406848967075348, -0.0010366030037403107, 0.10058259218931198, 0.10721686482429504, -0.026132818311452866, 0.002836352214217186, 0.03673792630434036, 0.03885921463370323, -0.01663816347718239, -0.008131040260195732, 0.0617518350481987, 0.06430599093437195, 0.08770998567342758, -0.08375781029462814, -0.026560580357909203, 0.04489671066403389]",,"['aec608ae34d83df652a8a90f11baa4901f096f250f1a63e19b18dd936f22e091', 'fd108ec6cb157b1dd54307d896163114453a94e4cdce5515f5d3489f78ba3c96', '729a9f75c2df46251f91fa20b54019c8958f3776b78906ce0adbc255d36a8f1b', '3eecead7ac8c155e3f81ae8680787b64105f066cebba60bf86a4187279d5796c', '7dc8e525dac5668d47d1ef821047506e66c5900182d8dc2ebb002c371da81a90', 'c5ed193e3f1594314da7ab780c96cf9234a43eee3d8bb482e067947d077c8d37']",1548546591834
271,56ad2fb2d26fdc7a9a9dc396b776d03e085189374ea94e9d2b3a5d1369f7c2e3,"[-0.17543049156665802, 0.10081063210964203, -0.04186113551259041, -0.03740231320261955, -0.018435897305607796, 0.07673443853855133, -0.027269523590803146, -0.04918183758854866, -0.15791527926921844, 0.0010222550481557846, 0.054844871163368225, 0.04273253679275513, -0.032720256596803665, -0.045944541692733765, 0.06394225358963013, -0.11649467051029205, -0.013618172146379948, 0.1514088660478592, 0.017158979550004005, 0.009085379540920258, 0.0802442878484726, 0.17988204956054688, 0.006262160837650299, -0.0673389881849289, -0.0505991205573082, 0.06564626097679138, -0.03204823285341263, 0.0025628097355365753, 0.07457011938095093, -0.11355285346508026, -0.024333413690328598, -0.07420159131288528, 0.11628539115190506, 0.06348355859518051, -0.0338229238986969, 0.0033013559877872467, 0.04345580190420151, 0.04714798182249069, -0.11977985501289368, 0.002223691903054714, 0.009886739775538445, 0.052447013556957245, -0.03259089216589928, 0.0032503437250852585, 0.014560217037796974, 0.03804325684905052, 0.09300117194652557, -0.002608422888442874, 0.008269049227237701, 0.025692299008369446]","['729a9f75c2df46251f91fa20b54019c8958f3776b78906ce0adbc255d36a8f1b', '729a9f75c2df46251f91fa20b54019c8958f3776b78906ce0adbc255d36a8f1b']","['750b38fcab2a87b3312d322e29591e4950a160062e01e9f52c86fa345ed29414', '7dc8e525dac5668d47d1ef821047506e66c5900182d8dc2ebb002c371da81a90', 'c5ed193e3f1594314da7ab780c96cf9234a43eee3d8bb482e067947d077c8d37', '729a9f75c2df46251f91fa20b54019c8958f3776b78906ce0adbc255d36a8f1b', '3eecead7ac8c155e3f81ae8680787b64105f066cebba60bf86a4187279d5796c', 'fd108ec6cb157b1dd54307d896163114453a94e4cdce5515f5d3489f78ba3c96', 'aec608ae34d83df652a8a90f11baa4901f096f250f1a63e19b18dd936f22e091', 'bc3faf7215801c724e8968fb0c1d60467f28ad5f2d1cc25b8e19e674ef0ab3b8', 'f7025e3a50df89e0a80d15c7a2c5025b7fd8aca891234b317a15eb6f4b700918', '2ac2733746307846d183de0cfa004d7f6e17a10dc9263f1c1169cdf68ee07e6b', '465f591f753d23991ab7cdb9b06d4893c6d676da10c62ec41696089c345e7514', '11027f055685d4aa1ce2a43ea2a50dd844b6e1afffbc7daef92e276efdf6d910', 'b105ea80351a06e555bab5cb5bc84cedcdd30649e84f319f2ecc22ba648eb084', 'fe71f08a0f314e043d06a1340383d32cf513f34c6f610281fb6f46d329e361ec', 'b8326f9b3f9a428b4005c82cd665c06cbe5e712bd55bfc0f1e37dd913e608c17', '534e5cb480180b621fb127c88094d0004ccb3f19008b55fbb354eb8f6b1471db', 'b3b17dd01708ad474e00bef60f4a25d2e109ee4a22a74364ce15d3becb4d149a', 'd328796515934fee83034135e1fe5a73fceb22b8bebacb28ae51a4dc48b8611a', 'b16ab84732af1cab60a883b07d9fe59537baa06568897bd0ea7371fde48a1920', 'f3a1bfa6c94ad962a435d54adb9fb849620e7ad1108260dc56639ae9131f1aef', '2eeb94d199d1ef09a073fda2509f6f738cad3b27ce9c78c78b6fe8c5f977f7a6', 'f73cbaae92e803fa4feafbaffdd0d437335a2dce78618b0b375dee15d78141e1', 'eb677d510fecd844ae7a53cb8d44ea029ef9c2a64680f161ec10caa337819ac6', '2f0f1b223106413480aee19b87c37e1c4ee2f04529f31773645533cf8668f537', 'df82b572ddb640cf05f58dd52933425923c608621be91efa6ac236eafe4539bf']",1548546638591
272,56ad2fb2d26fdc7a9a9dc396b776d03e085189374ea94e9d2b3a5d1369f7c2e3,"[-0.17543049156665802, 0.10081063210964203, -0.04186113551259041, -0.03740231320261955, -0.018435897305607796, 0.07673443853855133, -0.027269523590803146, -0.04918183758854866, -0.15791527926921844, 0.0010222550481557846, 0.054844871163368225, 0.04273253679275513, -0.032720256596803665, -0.045944541692733765, 0.06394225358963013, -0.11649467051029205, -0.013618172146379948, 0.1514088660478592, 0.017158979550004005, 0.009085379540920258, 0.0802442878484726, 0.17988204956054688, 0.006262160837650299, -0.0673389881849289, -0.0505991205573082, 0.06564626097679138, -0.03204823285341263, 0.0025628097355365753, 0.07457011938095093, -0.11355285346508026, -0.024333413690328598, -0.07420159131288528, 0.11628539115190506, 0.06348355859518051, -0.0338229238986969, 0.0033013559877872467, 0.04345580190420151, 0.04714798182249069, -0.11977985501289368, 0.002223691903054714, 0.009886739775538445, 0.052447013556957245, -0.03259089216589928, 0.0032503437250852585, 0.014560217037796974, 0.03804325684905052, 0.09300117194652557, -0.002608422888442874, 0.008269049227237701, 0.025692299008369446]","['729a9f75c2df46251f91fa20b54019c8958f3776b78906ce0adbc255d36a8f1b', '729a9f75c2df46251f91fa20b54019c8958f3776b78906ce0adbc255d36a8f1b']","['750b38fcab2a87b3312d322e29591e4950a160062e01e9f52c86fa345ed29414', '7dc8e525dac5668d47d1ef821047506e66c5900182d8dc2ebb002c371da81a90', 'c5ed193e3f1594314da7ab780c96cf9234a43eee3d8bb482e067947d077c8d37', '729a9f75c2df46251f91fa20b54019c8958f3776b78906ce0adbc255d36a8f1b', '3eecead7ac8c155e3f81ae8680787b64105f066cebba60bf86a4187279d5796c', 'fd108ec6cb157b1dd54307d896163114453a94e4cdce5515f5d3489f78ba3c96', 'aec608ae34d83df652a8a90f11baa4901f096f250f1a63e19b18dd936f22e091', 'bc3faf7215801c724e8968fb0c1d60467f28ad5f2d1cc25b8e19e674ef0ab3b8', 'f7025e3a50df89e0a80d15c7a2c5025b7fd8aca891234b317a15eb6f4b700918', '2ac2733746307846d183de0cfa004d7f6e17a10dc9263f1c1169cdf68ee07e6b', '465f591f753d23991ab7cdb9b06d4893c6d676da10c62ec41696089c345e7514', '11027f055685d4aa1ce2a43ea2a50dd844b6e1afffbc7daef92e276efdf6d910', 'b105ea80351a06e555bab5cb5bc84cedcdd30649e84f319f2ecc22ba648eb084', 'fe71f08a0f314e043d06a1340383d32cf513f34c6f610281fb6f46d329e361ec', 'b8326f9b3f9a428b4005c82cd665c06cbe5e712bd55bfc0f1e37dd913e608c17', '534e5cb480180b621fb127c88094d0004ccb3f19008b55fbb354eb8f6b1471db', 'b3b17dd01708ad474e00bef60f4a25d2e109ee4a22a74364ce15d3becb4d149a', 'd328796515934fee83034135e1fe5a73fceb22b8bebacb28ae51a4dc48b8611a', 'b16ab84732af1cab60a883b07d9fe59537baa06568897bd0ea7371fde48a1920', 'f3a1bfa6c94ad962a435d54adb9fb849620e7ad1108260dc56639ae9131f1aef', '2eeb94d199d1ef09a073fda2509f6f738cad3b27ce9c78c78b6fe8c5f977f7a6', 'f73cbaae92e803fa4feafbaffdd0d437335a2dce78618b0b375dee15d78141e1', 'eb677d510fecd844ae7a53cb8d44ea029ef9c2a64680f161ec10caa337819ac6', '2f0f1b223106413480aee19b87c37e1c4ee2f04529f31773645533cf8668f537', 'df82b572ddb640cf05f58dd52933425923c608621be91efa6ac236eafe4539bf']",1548546638591
273,56ad2fb2d26fdc7a9a9dc396b776d03e085189374ea94e9d2b3a5d1369f7c2e3,"[-0.17543049156665802, 0.10081063210964203, -0.04186113551259041, -0.03740231320261955, -0.018435897305607796, 0.07673443853855133, -0.027269523590803146, -0.04918183758854866, -0.15791527926921844, 0.0010222550481557846, 0.054844871163368225, 0.04273253679275513, -0.032720256596803665, -0.045944541692733765, 0.06394225358963013, -0.11649467051029205, -0.013618172146379948, 0.1514088660478592, 0.017158979550004005, 0.009085379540920258, 0.0802442878484726, 0.17988204956054688, 0.006262160837650299, -0.0673389881849289, -0.0505991205573082, 0.06564626097679138, -0.03204823285341263, 0.0025628097355365753, 0.07457011938095093, -0.11355285346508026, -0.024333413690328598, -0.07420159131288528, 0.11628539115190506, 0.06348355859518051, -0.0338229238986969, 0.0033013559877872467, 0.04345580190420151, 0.04714798182249069, -0.11977985501289368, 0.002223691903054714, 0.009886739775538445, 0.052447013556957245, -0.03259089216589928, 0.0032503437250852585, 0.014560217037796974, 0.03804325684905052, 0.09300117194652557, -0.002608422888442874, 0.008269049227237701, 0.025692299008369446]","['729a9f75c2df46251f91fa20b54019c8958f3776b78906ce0adbc255d36a8f1b', '729a9f75c2df46251f91fa20b54019c8958f3776b78906ce0adbc255d36a8f1b']","['750b38fcab2a87b3312d322e29591e4950a160062e01e9f52c86fa345ed29414', '7dc8e525dac5668d47d1ef821047506e66c5900182d8dc2ebb002c371da81a90', 'c5ed193e3f1594314da7ab780c96cf9234a43eee3d8bb482e067947d077c8d37', '729a9f75c2df46251f91fa20b54019c8958f3776b78906ce0adbc255d36a8f1b', '3eecead7ac8c155e3f81ae8680787b64105f066cebba60bf86a4187279d5796c', 'fd108ec6cb157b1dd54307d896163114453a94e4cdce5515f5d3489f78ba3c96', 'aec608ae34d83df652a8a90f11baa4901f096f250f1a63e19b18dd936f22e091', 'bc3faf7215801c724e8968fb0c1d60467f28ad5f2d1cc25b8e19e674ef0ab3b8', 'f7025e3a50df89e0a80d15c7a2c5025b7fd8aca891234b317a15eb6f4b700918', '2ac2733746307846d183de0cfa004d7f6e17a10dc9263f1c1169cdf68ee07e6b', '465f591f753d23991ab7cdb9b06d4893c6d676da10c62ec41696089c345e7514', '11027f055685d4aa1ce2a43ea2a50dd844b6e1afffbc7daef92e276efdf6d910', 'b105ea80351a06e555bab5cb5bc84cedcdd30649e84f319f2ecc22ba648eb084', 'fe71f08a0f314e043d06a1340383d32cf513f34c6f610281fb6f46d329e361ec', 'b8326f9b3f9a428b4005c82cd665c06cbe5e712bd55bfc0f1e37dd913e608c17', '534e5cb480180b621fb127c88094d0004ccb3f19008b55fbb354eb8f6b1471db', 'b3b17dd01708ad474e00bef60f4a25d2e109ee4a22a74364ce15d3becb4d149a', 'd328796515934fee83034135e1fe5a73fceb22b8bebacb28ae51a4dc48b8611a', 'b16ab84732af1cab60a883b07d9fe59537baa06568897bd0ea7371fde48a1920', 'f3a1bfa6c94ad962a435d54adb9fb849620e7ad1108260dc56639ae9131f1aef', '2eeb94d199d1ef09a073fda2509f6f738cad3b27ce9c78c78b6fe8c5f977f7a6', 'f73cbaae92e803fa4feafbaffdd0d437335a2dce78618b0b375dee15d78141e1', 'eb677d510fecd844ae7a53cb8d44ea029ef9c2a64680f161ec10caa337819ac6', '2f0f1b223106413480aee19b87c37e1c4ee2f04529f31773645533cf8668f537', 'df82b572ddb640cf05f58dd52933425923c608621be91efa6ac236eafe4539bf']",1548546638591
274,56ad2fb2d26fdc7a9a9dc396b776d03e085189374ea94e9d2b3a5d1369f7c2e3,"[-0.22100399434566498, 0.12673857808113098, 0.13708007335662842, 0.02280329167842865, -0.06982157379388809, 0.0764407217502594, -0.04219896346330643, -0.019616909325122833, -0.1916191577911377, -0.05353051424026489, 0.027024822309613228, 0.020688727498054504, 0.10490801930427551, -0.08392900228500366, 0.12224110960960388, -0.13098682463169098, 0.004351370967924595, 0.12679417431354523, -0.041773974895477295, 0.029349764809012413, -0.07267814129590988, 0.04242635518312454, -0.08027351647615433, -0.050640761852264404, -0.015386437065899372, 0.016728024929761887, -0.15512073040008545, -0.0011221840977668762, 0.05640236288309097, 0.01578403264284134, 0.014793983660638332, -0.05786436051130295, 0.12840160727500916, -0.04738694801926613, -0.12627150118350983, 0.0853334292769432, -0.024254577234387398, -0.014256514608860016, -0.11961686611175537, 0.008677752688527107, -0.0007250197231769562, -0.006928347982466221, 0.036322180181741714, 0.03293720632791519, 0.08299074321985245, -0.024463580921292305, 0.0860920399427414, -0.047057412564754486, 0.039688773453235626, 0.09669025242328644]",,"['f2a708dca828b28ba0d2ef14a3198a9fab24442989f9cceff51ebab9181449e1', '9d8f502813ddfa3247b17081cbd99d0ad4f99961721a1c7a5cd23969b1cde3b9', '993b5baecf4d1cd2d839b08e47ad362997e43c1126a09e26144b8853931230ad', '89753abec48f90e2d8351bfc33500b54003601c4c0a32153d9ea1920924ed060', '73efe7277a811e0f71ca224ecaa61ca0fe7103898c01331d2e655d0d300ba6a9', '5e0e6cf4ae699de21ff05f21677614f7824fd506e36b5d1192f25c22bbfad878', '92454365a92b702e92a6d63aabdadc212e3fe8a730d24815bcc5da2a572f9142', '83afef8b7bd3b4275ce2f2f1156073a1d56defe74db2cd2632a4bdf3277bc1f6', '8dbb637d7ecf8aba31882d756da785b84571f85888ef398ccb2995b7ff20c1f7']",1548546863679
275,56ad2fb2d26fdc7a9a9dc396b776d03e085189374ea94e9d2b3a5d1369f7c2e3,"[-0.22100399434566498, 0.12673857808113098, 0.13708007335662842, 0.02280329167842865, -0.06982157379388809, 0.0764407217502594, -0.04219896346330643, -0.019616909325122833, -0.1916191577911377, -0.05353051424026489, 0.027024822309613228, 0.020688727498054504, 0.10490801930427551, -0.08392900228500366, 0.12224110960960388, -0.13098682463169098, 0.004351370967924595, 0.12679417431354523, -0.041773974895477295, 0.029349764809012413, -0.07267814129590988, 0.04242635518312454, -0.08027351647615433, -0.050640761852264404, -0.015386437065899372, 0.016728024929761887, -0.15512073040008545, -0.0011221840977668762, 0.05640236288309097, 0.01578403264284134, 0.014793983660638332, -0.05786436051130295, 0.12840160727500916, -0.04738694801926613, -0.12627150118350983, 0.0853334292769432, -0.024254577234387398, -0.014256514608860016, -0.11961686611175537, 0.008677752688527107, -0.0007250197231769562, -0.006928347982466221, 0.036322180181741714, 0.03293720632791519, 0.08299074321985245, -0.024463580921292305, 0.0860920399427414, -0.047057412564754486, 0.039688773453235626, 0.09669025242328644]",,"['f2a708dca828b28ba0d2ef14a3198a9fab24442989f9cceff51ebab9181449e1', '9d8f502813ddfa3247b17081cbd99d0ad4f99961721a1c7a5cd23969b1cde3b9', '993b5baecf4d1cd2d839b08e47ad362997e43c1126a09e26144b8853931230ad', '89753abec48f90e2d8351bfc33500b54003601c4c0a32153d9ea1920924ed060', '73efe7277a811e0f71ca224ecaa61ca0fe7103898c01331d2e655d0d300ba6a9', '5e0e6cf4ae699de21ff05f21677614f7824fd506e36b5d1192f25c22bbfad878', '92454365a92b702e92a6d63aabdadc212e3fe8a730d24815bcc5da2a572f9142', '83afef8b7bd3b4275ce2f2f1156073a1d56defe74db2cd2632a4bdf3277bc1f6', '8dbb637d7ecf8aba31882d756da785b84571f85888ef398ccb2995b7ff20c1f7']",1548546863679
276,56ad2fb2d26fdc7a9a9dc396b776d03e085189374ea94e9d2b3a5d1369f7c2e3,"[-0.22100399434566498, 0.12673857808113098, 0.13708007335662842, 0.02280329167842865, -0.06982157379388809, 0.0764407217502594, -0.04219896346330643, -0.019616909325122833, -0.1916191577911377, -0.05353051424026489, 0.027024822309613228, 0.020688727498054504, 0.10490801930427551, -0.08392900228500366, 0.12224110960960388, -0.13098682463169098, 0.004351370967924595, 0.12679417431354523, -0.041773974895477295, 0.029349764809012413, -0.07267814129590988, 0.04242635518312454, -0.08027351647615433, -0.050640761852264404, -0.015386437065899372, 0.016728024929761887, -0.15512073040008545, -0.0011221840977668762, 0.05640236288309097, 0.01578403264284134, 0.014793983660638332, -0.05786436051130295, 0.12840160727500916, -0.04738694801926613, -0.12627150118350983, 0.0853334292769432, -0.024254577234387398, -0.014256514608860016, -0.11961686611175537, 0.008677752688527107, -0.0007250197231769562, -0.006928347982466221, 0.036322180181741714, 0.03293720632791519, 0.08299074321985245, -0.024463580921292305, 0.0860920399427414, -0.047057412564754486, 0.039688773453235626, 0.09669025242328644]",,"['f2a708dca828b28ba0d2ef14a3198a9fab24442989f9cceff51ebab9181449e1', '9d8f502813ddfa3247b17081cbd99d0ad4f99961721a1c7a5cd23969b1cde3b9', '993b5baecf4d1cd2d839b08e47ad362997e43c1126a09e26144b8853931230ad', '89753abec48f90e2d8351bfc33500b54003601c4c0a32153d9ea1920924ed060', '73efe7277a811e0f71ca224ecaa61ca0fe7103898c01331d2e655d0d300ba6a9', '5e0e6cf4ae699de21ff05f21677614f7824fd506e36b5d1192f25c22bbfad878', '92454365a92b702e92a6d63aabdadc212e3fe8a730d24815bcc5da2a572f9142', '83afef8b7bd3b4275ce2f2f1156073a1d56defe74db2cd2632a4bdf3277bc1f6', '8dbb637d7ecf8aba31882d756da785b84571f85888ef398ccb2995b7ff20c1f7']",1548546863679
277,56ad2fb2d26fdc7a9a9dc396b776d03e085189374ea94e9d2b3a5d1369f7c2e3,"[-0.1728476881980896, 0.021696049720048904, -0.0520346574485302, -0.06079358980059624, -0.08742278814315796, 0.10777606070041656, 0.003447434864938259, -0.01785413548350334, -0.1813812106847763, -0.1923559308052063, -0.022749105468392372, 0.13544785976409912, -0.012594266794621944, -0.06665444374084473, 0.06665558367967606, -0.044751957058906555, 0.01948731206357479, 0.14264148473739624, -0.031499721109867096, 0.004308522678911686, 0.13117381930351257, 0.12097819894552231, -0.08178858458995819, -0.08112877607345581, -0.011334685608744621, 0.056437138468027115, -0.01981068029999733, 0.06775376200675964, -0.040938399732112885, -0.15734410285949707, -0.049297645688056946, -0.04249679669737816, 0.08423483371734619, 0.09397994726896286, 0.04788587614893913, 0.015196051448583603, 0.10317954421043396, 0.07430989295244217, -0.03287317976355553, 0.006999248638749123, 0.054667383432388306, 0.036666389554739, -0.011536255478858948, -0.026511304080486298, 0.06426271051168442, 0.085930734872818, 0.08129207789897919, -0.07354866713285446, -0.026693494990468025, 0.06303972005844116]",['aec608ae34d83df652a8a90f11baa4901f096f250f1a63e19b18dd936f22e091'],"['aec608ae34d83df652a8a90f11baa4901f096f250f1a63e19b18dd936f22e091', 'fd108ec6cb157b1dd54307d896163114453a94e4cdce5515f5d3489f78ba3c96']",1548546903669
278,56ad2fb2d26fdc7a9a9dc396b776d03e085189374ea94e9d2b3a5d1369f7c2e3,"[-0.1728476881980896, 0.021696049720048904, -0.0520346574485302, -0.06079358980059624, -0.08742278814315796, 0.10777606070041656, 0.003447434864938259, -0.01785413548350334, -0.1813812106847763, -0.1923559308052063, -0.022749105468392372, 0.13544785976409912, -0.012594266794621944, -0.06665444374084473, 0.06665558367967606, -0.044751957058906555, 0.01948731206357479, 0.14264148473739624, -0.031499721109867096, 0.004308522678911686, 0.13117381930351257, 0.12097819894552231, -0.08178858458995819, -0.08112877607345581, -0.011334685608744621, 0.056437138468027115, -0.01981068029999733, 0.06775376200675964, -0.040938399732112885, -0.15734410285949707, -0.049297645688056946, -0.04249679669737816, 0.08423483371734619, 0.09397994726896286, 0.04788587614893913, 0.015196051448583603, 0.10317954421043396, 0.07430989295244217, -0.03287317976355553, 0.006999248638749123, 0.054667383432388306, 0.036666389554739, -0.011536255478858948, -0.026511304080486298, 0.06426271051168442, 0.085930734872818, 0.08129207789897919, -0.07354866713285446, -0.026693494990468025, 0.06303972005844116]",['aec608ae34d83df652a8a90f11baa4901f096f250f1a63e19b18dd936f22e091'],"['aec608ae34d83df652a8a90f11baa4901f096f250f1a63e19b18dd936f22e091', 'fd108ec6cb157b1dd54307d896163114453a94e4cdce5515f5d3489f78ba3c96']",1548546903669
279,56ad2fb2d26fdc7a9a9dc396b776d03e085189374ea94e9d2b3a5d1369f7c2e3,"[-0.1728476881980896, 0.021696049720048904, -0.0520346574485302, -0.06079358980059624, -0.08742278814315796, 0.10777606070041656, 0.003447434864938259, -0.01785413548350334, -0.1813812106847763, -0.1923559308052063, -0.022749105468392372, 0.13544785976409912, -0.012594266794621944, -0.06665444374084473, 0.06665558367967606, -0.044751957058906555, 0.01948731206357479, 0.14264148473739624, -0.031499721109867096, 0.004308522678911686, 0.13117381930351257, 0.12097819894552231, -0.08178858458995819, -0.08112877607345581, -0.011334685608744621, 0.056437138468027115, -0.01981068029999733, 0.06775376200675964, -0.040938399732112885, -0.15734410285949707, -0.049297645688056946, -0.04249679669737816, 0.08423483371734619, 0.09397994726896286, 0.04788587614893913, 0.015196051448583603, 0.10317954421043396, 0.07430989295244217, -0.03287317976355553, 0.006999248638749123, 0.054667383432388306, 0.036666389554739, -0.011536255478858948, -0.026511304080486298, 0.06426271051168442, 0.085930734872818, 0.08129207789897919, -0.07354866713285446, -0.026693494990468025, 0.06303972005844116]",['aec608ae34d83df652a8a90f11baa4901f096f250f1a63e19b18dd936f22e091'],"['aec608ae34d83df652a8a90f11baa4901f096f250f1a63e19b18dd936f22e091', 'fd108ec6cb157b1dd54307d896163114453a94e4cdce5515f5d3489f78ba3c96']",1548546903669
280,32a2e603a424d93daf18a56e8d2b9a07d55095fb80cb3d9f222f18d5e4c624a7,"[-0.04411918669939041, -0.15845978260040283, -0.009281666949391365, 0.011358190327882767, 0.13564151525497437, 0.035926155745983124, 0.002915444318205118, -0.053907766938209534, -0.03655140846967697, 0.03388146311044693, 0.017802590504288673, 0.011679357849061489, -0.00855996459722519, 0.06359228491783142, 0.04268532991409302, -0.0008567939512431622, 0.042997002601623535, 0.012734921649098396, -0.04341619834303856, -0.010898656211793423, -0.011800551787018776, 0.02641736902296543, 0.032252974808216095, -0.030565384775400162, -0.04675592482089996, 0.009620828554034233, -0.004951602313667536, -0.09162071347236633, -0.006070525385439396, -0.020869329571723938, 0.005222593434154987, 0.006517751142382622, -0.041098836809396744, 0.02463262900710106, -0.009023373946547508, 0.035542022436857224, -0.027196597307920456, 0.03151156008243561, 0.038763079792261124, -0.010683130472898483, -0.00349619472399354, 0.015322535298764706, 0.006655629724264145, -0.0040246061980724335, 0.013107284903526306, -0.002595202997326851, 0.004197778180241585, 0.004788577556610107, -0.04414921626448631, 0.016198309138417244]",,"['12db169815cb93aaeeb1d427d6c0eea62ba4961e43c4026bb21d94f43c548fef', 'ad098c31427e9858b01cffb915741ee7eccb0a4d4897df71a7c9a0aa1684e87f', 'ea898a2bf159c9eeced320a7b31b6459a9cdf9f81f8c09eff90b8ef11bd39cbf', 'f023b48bf46355aa4844b8c9bd51e478a22f17b9be837ea2f92ce2caa6bdb025', 'ed07ca27702a4068d8d2dfa4a30e9070374d5f3525d6c9f1abe1de67f2323b4f', '2901d00c55fc2e4e60ea0d0e7a48ee843491e31025afaba2aabd4dbbe33d0485', 'e5f6aaaaf576a90dc81439e7d2770ba0c67d548a179fa2244d632db64da5bcff', 'f7de8ec5eeb754fbc2a8081cb44d44d643259047bff2b6cf6684dc94a6337c05', '089277ea2712f044b77bc88bfb49ade9f14d4005392916214b6265f93759f44e', '3253155990b71bffbcb4c7ef8f90ebbf17b063c10cc9ff135b49209124a3115d', '369a0e15976b636866f4c42b18c2dcf763757414df2513a4da2f1e5764b761d1', 'd11cc1b6d69ff6d5dd78e367fd82c433285b82ac9eced63a004b2ef5104ddbb7', 'f706d1c864e7153a637add15e2bbb25fb8a1e3eb04c5100e446d874fab39d45f', '196accc64448573ab97d18067dbd30d6a6c4839c32f77233d001b75d3e6c0570', 'c6f1d140ac889fe8b7dd1ff30d680e1bbcdeee208011c4a54b7f55c7ffaa7974', '1d171f6879be2418ff25218c65027f023240bdae7580830bd081f39e2b9e7910', '0b14423b0bddc397fa30e869f20ccedeb0a9cc83b2433bd8ca794fbddd4b0c57', 'a74ee0844c3ab2cea7dd635a2c756f9e464223d6822c20d8544c29da2734ce47', 'd48536d8a5803b84934b4ce1ab3cb16efeada723703b37eb1d9400392c3de351', '56fa52a88541cf1919ef7d66d6f1f58239a132b2e2031f5c9558d6b673e63d4c']",1548699303785
281,987717a286f2dcf543a9208f64cfd98d31aee064a2d956feb0879a4c51b21a47,"[0.06998233497142792, 0.15731316804885864, -0.20311443507671356, 0.10841864347457886, -0.04175477474927902, 0.012173516675829887, -0.06936180591583252, 0.0386873334646225, -0.08923128247261047, -0.13245996832847595, -0.041444286704063416, 0.08526913821697235, -0.1831614077091217, -0.03521675243973732, 0.14103996753692627, -0.1304851472377777, 0.29785674810409546, -0.12297657132148743, 0.06263851374387741, 0.2563822865486145, -0.05854836106300354, -0.17966246604919434, 0.15304192900657654, -0.08408555388450623, 0.0438452884554863, 0.00910034216940403, -0.00586303323507309, 0.02846544422209263, -0.021843435242772102, 0.06631409376859665, -0.002696393057703972, -0.055738452821969986, -0.024167530238628387, 0.08772481977939606, 0.053864799439907074, -0.12931901216506958, 0.0012031984515488148, 0.014613121747970581, -0.0413849838078022, 0.06917806714773178, -0.05789005011320114, 0.001014715526252985, 0.014549612998962402, -0.05700882151722908, -0.06280737370252609, -0.026390142738819122, 0.04279696196317673, 0.07295216619968414, -0.04901498556137085, 0.010843454860150814]","['0cc3edfc4388cedec459fb1a0422e83870d0c7540f30f39157c43856a135cdf0', 'bcc27da7c244c07ed99d4f649644bac819fec1e8686632475017def717f7beb1', '0cc3edfc4388cedec459fb1a0422e83870d0c7540f30f39157c43856a135cdf0', '0cc3edfc4388cedec459fb1a0422e83870d0c7540f30f39157c43856a135cdf0', '0cc3edfc4388cedec459fb1a0422e83870d0c7540f30f39157c43856a135cdf0', '0cc3edfc4388cedec459fb1a0422e83870d0c7540f30f39157c43856a135cdf0', '0cc3edfc4388cedec459fb1a0422e83870d0c7540f30f39157c43856a135cdf0']","['0cc3edfc4388cedec459fb1a0422e83870d0c7540f30f39157c43856a135cdf0', 'bcc27da7c244c07ed99d4f649644bac819fec1e8686632475017def717f7beb1', '9ee83f60555f5acfea71bc23e4a59bc8895eecafadb9d28a7208b7118616e8b0', '38a5c3626bf03b80e68bd33c824c23019eb2818ab67cfa0049192732944faa02', 'f59dda6387e8f7468735c8631e5ce4d69badb5cac17f0c75f36ddb4d55f18780']",1549122702230
282,38acf00b33a60241aa1bcb00fad94a3cda35f93394f6ff7f3565ff2afe3446c0,"[0.05355864763259888, -0.1802668571472168, 0.03604336455464363, 0.07811833918094635, 0.22248399257659912, 0.020022179931402206, 0.057167813181877136, -0.08655683696269989, -0.02178926393389702, 0.02047073096036911, 0.04608168452978134, 0.050903573632240295, -0.01815411075949669, -0.05995792895555496, -0.02917054295539856, -0.0012512831017374992, 0.008478578180074692, 0.03951280564069748, 0.039586447179317474, -0.025284714996814728, -0.0033452389761805534, -0.009451297111809254, 0.028545720502734184, -0.021040625870227814, -0.006601244211196899, -0.03787536174058914, -0.019202589988708496, -0.019870709627866745, -0.0026359923649579287, 0.025674156844615936, -0.011310247704386711, -0.006740022450685501, -0.025053590536117554, -0.0032012786250561476, -0.010655208490788937, -0.02494886890053749, -0.006689339876174927, 0.025940071791410446, 0.009609081782400608, -0.0228355061262846, 0.010707411915063858, 0.012971509248018265, 0.011029759421944618, -0.011684047058224678, -0.0014666242059320211, 0.014457644894719124, 0.01371479406952858, 0.01885930821299553, -0.00849974900484085, -0.0031282042618840933]",,,1548690923156
283,38acf00b33a60241aa1bcb00fad94a3cda35f93394f6ff7f3565ff2afe3446c0,"[0.05355864763259888, -0.1802668571472168, 0.03604336455464363, 0.07811833918094635, 0.22248399257659912, 0.020022179931402206, 0.057167813181877136, -0.08655683696269989, -0.02178926393389702, 0.02047073096036911, 0.04608168452978134, 0.050903573632240295, -0.01815411075949669, -0.05995792895555496, -0.02917054295539856, -0.0012512831017374992, 0.008478578180074692, 0.03951280564069748, 0.039586447179317474, -0.025284714996814728, -0.0033452389761805534, -0.009451297111809254, 0.028545720502734184, -0.021040625870227814, -0.006601244211196899, -0.03787536174058914, -0.019202589988708496, -0.019870709627866745, -0.0026359923649579287, 0.025674156844615936, -0.011310247704386711, -0.006740022450685501, -0.025053590536117554, -0.0032012786250561476, -0.010655208490788937, -0.02494886890053749, -0.006689339876174927, 0.025940071791410446, 0.009609081782400608, -0.0228355061262846, 0.010707411915063858, 0.012971509248018265, 0.011029759421944618, -0.011684047058224678, -0.0014666242059320211, 0.014457644894719124, 0.01371479406952858, 0.01885930821299553, -0.00849974900484085, -0.0031282042618840933]",,,1548690923156
284,a0bd715fa72737461228b71b64d0caf3de234a5aeafffcd92ed29d4f646205be,"[-0.06788468360900879, -0.20717093348503113, 0.008632056415081024, -0.02682473137974739, 0.03459879010915756, 0.04028601199388504, 0.003728708252310753, -0.06308071315288544, -0.007574332877993584, 0.0816044956445694, 0.007593679241836071, -0.04128860682249069, -0.0017120074480772018, 0.16971686482429504, 0.09598957002162933, 0.0011892803013324738, -0.012402605265378952, -0.021253112703561783, -0.015019966289401054, 0.018785256892442703, -0.005799110047519207, 0.01743745431303978, -0.0020599104464054108, -0.036504022777080536, -0.0027550109662115574, 0.02675599232316017, 0.00465141236782074, -0.07526115328073502, 0.009620217606425285, -0.03663720563054085, 0.015206984244287014, -0.009688322432339191, -0.03726304695010185, 0.004148464649915695, 0.012693066149950027, 0.044874705374240875, -0.06008800119161606, 0.05400289595127106, 0.001653340645134449, 0.021165430545806885, -0.013004733249545097, 0.0024628974497318268, -0.021675478667020798, -0.03326048702001572, 0.008033080026507378, -0.025953058153390884, -0.012407870963215828, 0.004425706807523966, 0.005885870195925236, 0.017743244767189026]",,"['23a07304d1c03dfc4434d8e8dd0c5ddec94610c4238f05a5677d987c9eafbe84', '7bb4254125aa3ea76a44e4c931e4d8fb95ff85367e83f62c35d67af3bc9b7742', '776622c522f2c67d6bbb092ca13aed1be3be30217185eb67f7935a5aff5cfafa', '0234504ee7b9519f33b1792f030a96acf0e92e8fac9b1b743758e9584b6f17d7', 'e6a287fc9809d0e3c5e84cc73658c8cf12ad2eb8c853cd42b41bd792eaa791c0', 'f24689443cc19dcb3201120ba8272c92c409e4041e9ef17f612e11188736972f', '53155e42100e1fd0b21f243abf3cc099715df9dbaebd03942ba4bee8b8e6f755', '2c5b4bffc0775d47493491867607e79381dd30940db10802d8dc73d5e9e14e03', '91fc8aa94e2aa70798bd1ec043f625ae94803cbeecad03eb9b2ab452379151ab', '298c19f62ce4bd9e4a95bbf8dfbe65ee85b792684c1ec29b31cc84a592b48911', 'd6d0207ea79fd70879024ffc79fbb0598c0cd7807729a96c8d9cb6e730211e1e', '79113ff20b015472190ac26bba8712c8147b190d4a586bca360cde35b614ade7', '538fbce9f39574bc3a5d5bf704bce5b7c915b18d692bb9ccf2e7740e070ead9a', '7945cc1833baa6d9bd3508d853b84bb0cb86ae41bc70de6ece82f6aad9c5dc20', 'b73ae3c719c2f3801ad4149c21c1c7d00582592cb3e9c2cc357602f6b4423857', '4502a84eec37fc7de38c36a027a189e40fe17a5d1cc86d608b17f6a00e648c18', 'b391f377d15259b9b94780046e42e46415096c550349067c3eac5d12e7abfaa6', 'f744eb923f29b37c25a9d32ca6e671f48246507c7586b378184cd027b3b48d38']",1547749770277
285,a0bd715fa72737461228b71b64d0caf3de234a5aeafffcd92ed29d4f646205be,"[-0.24246427416801453, -0.056121598929166794, -0.02979067713022232, -0.10637931525707245, -0.0491936132311821, -0.00047047343105077744, 0.03687233477830887, -0.10090536624193192, 0.09934312105178833, -0.0998631939291954, -0.047741908580064774, 0.10643510520458221, 0.037293314933776855, 0.06141888350248337, 0.12939579784870148, -0.1585361659526825, -0.10855945199728012, 0.14931568503379822, 0.023637617006897926, -0.02441246248781681, -0.08214361220598221, -0.08389022201299667, -0.11971323192119598, 0.008610129356384277, 0.023149695247411728, -0.022801894694566727, 0.07300849258899689, -0.04062571004033089, 0.058365777134895325, -0.023909464478492737, 0.005231845658272505, 0.06640057265758514, 0.07136480510234833, -0.13347838819026947, 0.04252827540040016, 0.08073262870311737, -0.10038966685533524, 0.027206450700759888, -0.06916643679141998, -0.046390436589717865, -0.06656220555305481, 0.0663638636469841, -0.12686830759048462, -0.10843601822853088, -0.04548393189907074, -0.09033946692943573, -0.08752180635929108, 0.03338075429201126, -0.021438423544168472, -0.0445813313126564]",,"['f49b7af8258b633d3f44840a5318ee5ad8b6d2d955c1619c08fdd7b820f5fb7e', '868ebdd831f39a9d5ef49807c92f2b1be7702436e089e323c8dabd40f7c482fc', 'a371cf382c804d71e36055a1e9b97241d97c4d9e3461c8bb3d6df7675936e31c', 'ec040979927a42e0d6d736da8beeea1d002491589897ff062fdc59ec5179d24d', '9c9dfd93585c5095f5cd08c739d4a37a37f702f5023969a2d349f416b07f062e', 'f91f71bd4d325ac9ceffc30bf76be4be5ad55d199692b84423ba6f554f17d915', 'dae8c949451de9f1a3f125698c751f97ac4355c1152f6bc4b74b1203deb282bb', 'b6881658f4c6b5d9c1713d952c3188b2036888c0757d463816e5b1b472e1d365', '6b23c3ff4ae6805484955a314b2f46823c8e32876ea288f4a2cd9aab215e4f83', 'a11d0a0ab796dc652cc363bb42f132abfaa505d8fa77be8e05432f05365cd30a', '4ac1df28f8a3b41f1f36569b1a1207201aed42fb897bf0b8315b21adebe8155d', '45342f54c8d8c0b165ded5fc1d49af410e846f5b43c6a129ce089e4cae1383c2', '6ee49e372f4db5e2d593365e9b3ef4907954787c3e26f2ccb5c81ef594ff2264', '7a0141a5ccfdd7cbfe3cb63507657b4ec68652cb4f4ea37c9a359a83c10e81e1', '2ab4bb443365da1e0f593aaee65ff8bc222dcabae902bb0ce0d9f97855219210', 'f3c6cef7cceb72d983a88355e42adc93d1b75f40e75b1f7872d0fa53dcc077f1', '65482a7f6ad90a2304cab06e5aae065f779efd6e02c88fa0df0c87bbb14ec99b', 'dba64bdb861beaf46c33407927bb06497fe58cbbaeee17a9665fdd5ba4a6295b', 'eeed88d25e4d8225b7b06b153c3b0be5179cece763a908e45f639777bd3b6740', 'f63321bb78c61554817217596aed6be5d4bfb6ef8157f54bec345d613d22b5d9', '55d602915ccb999a190c4159995348ebfb676065457b198a5ec01ea12fedc9a5', 'dcfdc1685a035166e1192b1fc2d00b3b97571b158115fe1b896c9290d07b549e', '342384412866bdb79d6c6c71e9b6b711443f1915f769b37b21d98a76f68aff8a', 'bd2e7b0b5b399b68ed68794f1cb5d56fbd779009f86d7ca151b532be55b654b3', '4854d5e026a143d5cf86f3e1ce00ff9147567a42e437b4d6d3e35e3a242d0058']",1547749912564
286,0928b5f0f441a1822bfd9f42b2c6e2c6ad0fed7282cda160ed535e8691237f2e,"[-0.12297508865594864, -0.13007032871246338, 0.007951588369905949, -0.03657696768641472, 0.005300150252878666, -0.006966979242861271, 0.03336565941572189, -0.07274258881807327, -0.01635211706161499, -0.04161081463098526, -0.05299903079867363, -0.03238007798790932, -0.009119266644120216, -0.023702986538410187, 0.007164351642131805, -0.0041613029316067696, -0.00728292390704155, 0.011020836420357227, -0.004227018915116787, 0.001764410873875022, 0.006864876952022314, -0.016932735219597816, 0.015186143107712269, 0.010856347158551216, 0.011957071721553802, 0.03374157473444939, -0.01759805902838707, -0.01197861973196268, 0.0019693411886692047, -0.0061993845738470554, -0.012224235571920872, 0.042081840336322784, 0.003914584405720234, -0.03432628512382507, 0.0061471061781048775, -0.03374297171831131, -0.007635287940502167, -0.009952924214303493, 0.010971230454742908, 0.020448647439479828, -0.0033362777903676033, -0.03104550950229168, -0.061106935143470764, -0.027732757851481438, 0.02102760411798954, -0.012199431657791138, -0.01513124629855156, 0.005123259499669075, 0.013727216050028801, 0.02287847176194191]",,"['a7ada685aacde1bfb67ed18042921cc92869b90fd18e2473f1f90a34a0aba2f2', '42677b5eb4baaa66de08290cff6816193257386f71857ec5971de46e2e69c636']",1549805839095
287,0928b5f0f441a1822bfd9f42b2c6e2c6ad0fed7282cda160ed535e8691237f2e,"[-0.23069609701633453, 0.23751962184906006, 0.23368039727210999, 0.16854725778102875, -4.882831126451492e-05, 0.039903268218040466, -0.09733323752880096, -0.018181387335062027, 0.15442001819610596, -0.037134941667318344, 0.20108690857887268, -0.0002273903228342533, -0.030143089592456818, 0.013107530772686005, -0.04890510067343712, -0.020370516926050186, -0.013638724572956562, -0.040732014924287796, -0.07738141715526581, 0.022438306361436844, -0.0036736400797963142, -0.08586832880973816, -0.08777906000614166, -1.12876296043396e-06, 0.044988200068473816, 0.01297006942331791, 0.01760277897119522, -0.03323167935013771, 0.02028089389204979, -0.05490468069911003, -0.04936477541923523, 0.013742521405220032, -0.06722575426101685, 0.003812282346189022, -0.0782657116651535, 0.06864091753959656, -0.06845080852508545, -0.08103403449058533, 0.09417760372161865, -0.06767262518405914, -0.08249332755804062, -0.004259789362549782, -0.032544855028390884, -0.022664738819003105, 0.020142609253525734, 0.06036447733640671, 0.019962487742304802, 0.04188653081655502, -0.02764057368040085, 0.019098861142992973]",,"['c8c633ead7535ba8e8424b1591ff238a9261f9500a9cbd1a4cc5d5a76e7b8221', 'a1160c6988a31ad3851cdfa401ba3a73bfb415ef18611cbe5c648192d8e83f81', '4e0e969ae7cdf453b31a6ba555f65ff1b84104431878ec726e3a6b176bd5322c', '7840ded8ef6da91749c303fbdd10d9920f60d8aa135ef5c057bc72b3a00c53e4', '87926e9aa2d59b357be75679f7137c334f50b9079e7b6324229ec14b9126c863', 'fa4f6ed1a464c9898b9dc69d494574c508201c333d2ec16806616bd7a60a631f', '0221eb41620ed9eaa6ab33092f6e4e365648924d07edd6957b15b7d6a384a069', 'e3c30b1ca9efaf74fb64a74f2416121d3efe169936d8a7a35fa9a5a656ba0158', '350d733609b18601b249aefe707f0ed0c17168b9df2e57e9f32339f5e3606beb', 'a092f075a26ce6623dc9f45aa5e6b35dd209a4b32980a7506e31bc0ab800bd67', '9903a42d264fd89f4498fb9ead6ee25f1bd77f2e523efe4733995838b9fd1398', '6b2b809c93a3dace76db6770d6f6eb41a67e0a67de8d16a783b23653cadf90eb', '74276ff6ebd9d9034bb4dbd29d067d2e7aae92e83f7d7c3660dd5da4447f7646', 'aedb1d651625114565fb41a856828783e4226a454f83bff46d3acf08096fb94a', '1a970818d44c346e4e8eb9327ae558b82524f2444d7838529ad5da107ab8b60f', '986aaa6bcfc47377006dfdddf972e44adb2af0d65b986d3e8d005967e458b47f', '9cff085d7884dd9b5eb7f68a90c50b140ba05c78fdd7099f56fec20b38203e9a', 'bc054b074cf782e6abcdd2d331b0b6d4614dbb41c3a4009a4384ee1983ed6b0b', '26ce666181e06a5c1894c39e85f134c2479f7b1e5b30ca4f74bda53df1ecc41a', 'a297f4f8e3d9f9f555469bf2630f47e99a151a602e95f78e7c1c33c78b2ea326', '9d069d6bed36cd959fef28215b60ba95e0c6b85ab5f492ea7bf8ec3081e85525', 'fe45dcfd6f593b14362d9185892ebc3a8c360f030c98ea90554ce2ca3f0158a2', 'cae95cd6a324aff9daef131b0829728addf0558816f3c43e9d97f27968aab25d', 'c8387f7a30a1dc7a03abc759e4aa5eb002f807f8ae1246acf1ec429fbf2ee806', '7e8b1a26cc9d768be066ccb7c1c02870cb84151e6676b3ad0404b08ff87d38c8']",1549805861491
288,b93c5040435e9e3723f70330eb68a2f3d3439c70169c870f5fe320d7462a8f07,"[-0.0024788696318864822, -0.23391476273536682, 0.06541970372200012, 0.04406539723277092, 0.05271226167678833, 0.010148262605071068, -0.02329292520880699, 0.05792675167322159, 0.014588232152163982, 0.029920201748609543, 0.06339570879936218, -0.046078477054834366, -0.02998458221554756, 0.016390593722462654, 0.006282133981585503, -0.0169934444129467, -0.027966707944869995, -0.01595465838909149, 0.012455744668841362, -0.013232608325779438, 0.007877418771386147, -0.023089924827218056, -0.016037415713071823, 0.02713802643120289, -0.04775482043623924, -0.012544965371489525, -0.02984846755862236, 0.031256139278411865, -0.011521441861987114, -0.018383583053946495, -0.011916475370526314, -0.0012952429242432117, 0.01765618845820427, 0.010814053937792778, 0.019482634961605072, -0.017075493931770325, 0.03847026452422142, -0.012876268476247787, -0.017312852665781975, 0.018620392307639122, 0.03948806971311569, -0.03389069437980652, 0.021260341629385948, -0.005188870243728161, 0.007152273319661617, 0.03081645257771015, 0.0062617151997983456, -0.03761131316423416, -0.0007890835404396057, -0.01702728681266308]","['acb37fabaf4e9f2a26f9fe3ac9fc7592cdaa755fc160065af5126ff6b893c450', 'acb37fabaf4e9f2a26f9fe3ac9fc7592cdaa755fc160065af5126ff6b893c450', '9c7de26e66da54077d98392ac878893349e48c838d84a70cba3ed408c31c4564']","['f2744bd25f204807aaa4f0b67fcbee27f65ff753d41c1bd8ca9884a5cadd889c', 'f79c82715dd0285156aae3faf2e42ab7e8c6c56f767d511cdf09d2b92429c65c', '68f79ba15ebc1f4f6542c53bba6c8155818f6af023ce51e11f9ec2a252b436a2', '298d3bd67b959fe381a8fffb5c30526eea7263d5f01988072e79419c61104cd9', '7c4d70000bbed368208804a7d56d74b430fbd385c9fa2fe1d5a9094d6745dcf3', 'dada6991251d556e803e3588906f0328735c27de53390780b51b20382c77c5f8', 'b3c497062092f736df9462c10bc0ac86d0bf2e4d96e1062853127c6458348343', '80f70700a9e6ec4ad31560061feab3b2f9331b762011312937a9132c396ec004', '27fcfdf4e753508dcab27157bea1ef9ca24e9f776a8a1f636c8f89964d086ffb', '8d0b0d9f3125ba9b3d9b78836eafdb3b869d33f7897f216cf66e9b1c1d8a13bc', '4044c71872f2dbc539117d90d9b47af8c4ac6548d231903a797f2442ae3f0157', 'd6923f649ab92a4b032fb20e67cddc9f83d07458adf129737bd1622c0053e1f1', '4ad4feffdd80a0713e995c4d25374cc99964ed1cad10322076598dc9c94e6699', 'acb37fabaf4e9f2a26f9fe3ac9fc7592cdaa755fc160065af5126ff6b893c450', 'ccdb5532d7b1dbf219d564d10a7ffec48e6609602082590aeae96e0cff84e437', '87bcada2d5d0337a7c125149e91b7fd14f7faa0dc8b7ba70de7b5f4b93cb7fc2', '21cd69475f493734376ecc17ac9ef4e58fdab4e1fa9e0526423fb88ec0a85c4e', 'e0c85f9a51a2384756115c4a3dee708c51eafede538fd4c869147e6653c267f0', 'be4e17237ffbc3f1c676b7f5b3d73ce12c77802e01429db49389440b4b455739', 'd0dfa4f6143f75d9d2ab1172c5279efd90bb0c0fadd10a9a062b5abe3f4571e8', '9c7de26e66da54077d98392ac878893349e48c838d84a70cba3ed408c31c4564', '31b1bfd9b5ad76e80bfccba37da763802b1595d3938c13cf4005b739cec17082', 'ea5a5da88b7ece60df6e4fd74087928bd9236ca12d3b6abdcf6a336ff90b9c6d', '4854d5e026a143d5cf86f3e1ce00ff9147567a42e437b4d6d3e35e3a242d0058', 'a02f7062bffcfd6ae50a691337f8c3a8b184f8949558b321d3cbf98bb4f67c14']",1548820923155
289,b93c5040435e9e3723f70330eb68a2f3d3439c70169c870f5fe320d7462a8f07,"[-0.0024788696318864822, -0.23391476273536682, 0.06541970372200012, 0.04406539723277092, 0.05271226167678833, 0.010148262605071068, -0.02329292520880699, 0.05792675167322159, 0.014588232152163982, 0.029920201748609543, 0.06339570879936218, -0.046078477054834366, -0.02998458221554756, 0.016390593722462654, 0.006282133981585503, -0.0169934444129467, -0.027966707944869995, -0.01595465838909149, 0.012455744668841362, -0.013232608325779438, 0.007877418771386147, -0.023089924827218056, -0.016037415713071823, 0.02713802643120289, -0.04775482043623924, -0.012544965371489525, -0.02984846755862236, 0.031256139278411865, -0.011521441861987114, -0.018383583053946495, -0.011916475370526314, -0.0012952429242432117, 0.01765618845820427, 0.010814053937792778, 0.019482634961605072, -0.017075493931770325, 0.03847026452422142, -0.012876268476247787, -0.017312852665781975, 0.018620392307639122, 0.03948806971311569, -0.03389069437980652, 0.021260341629385948, -0.005188870243728161, 0.007152273319661617, 0.03081645257771015, 0.0062617151997983456, -0.03761131316423416, -0.0007890835404396057, -0.01702728681266308]","['acb37fabaf4e9f2a26f9fe3ac9fc7592cdaa755fc160065af5126ff6b893c450', 'acb37fabaf4e9f2a26f9fe3ac9fc7592cdaa755fc160065af5126ff6b893c450', '9c7de26e66da54077d98392ac878893349e48c838d84a70cba3ed408c31c4564']","['f2744bd25f204807aaa4f0b67fcbee27f65ff753d41c1bd8ca9884a5cadd889c', 'f79c82715dd0285156aae3faf2e42ab7e8c6c56f767d511cdf09d2b92429c65c', '68f79ba15ebc1f4f6542c53bba6c8155818f6af023ce51e11f9ec2a252b436a2', '298d3bd67b959fe381a8fffb5c30526eea7263d5f01988072e79419c61104cd9', '7c4d70000bbed368208804a7d56d74b430fbd385c9fa2fe1d5a9094d6745dcf3', 'dada6991251d556e803e3588906f0328735c27de53390780b51b20382c77c5f8', 'b3c497062092f736df9462c10bc0ac86d0bf2e4d96e1062853127c6458348343', '80f70700a9e6ec4ad31560061feab3b2f9331b762011312937a9132c396ec004', '27fcfdf4e753508dcab27157bea1ef9ca24e9f776a8a1f636c8f89964d086ffb', '8d0b0d9f3125ba9b3d9b78836eafdb3b869d33f7897f216cf66e9b1c1d8a13bc', '4044c71872f2dbc539117d90d9b47af8c4ac6548d231903a797f2442ae3f0157', 'd6923f649ab92a4b032fb20e67cddc9f83d07458adf129737bd1622c0053e1f1', '4ad4feffdd80a0713e995c4d25374cc99964ed1cad10322076598dc9c94e6699', 'acb37fabaf4e9f2a26f9fe3ac9fc7592cdaa755fc160065af5126ff6b893c450', 'ccdb5532d7b1dbf219d564d10a7ffec48e6609602082590aeae96e0cff84e437', '87bcada2d5d0337a7c125149e91b7fd14f7faa0dc8b7ba70de7b5f4b93cb7fc2', '21cd69475f493734376ecc17ac9ef4e58fdab4e1fa9e0526423fb88ec0a85c4e', 'e0c85f9a51a2384756115c4a3dee708c51eafede538fd4c869147e6653c267f0', 'be4e17237ffbc3f1c676b7f5b3d73ce12c77802e01429db49389440b4b455739', 'd0dfa4f6143f75d9d2ab1172c5279efd90bb0c0fadd10a9a062b5abe3f4571e8', '9c7de26e66da54077d98392ac878893349e48c838d84a70cba3ed408c31c4564', '31b1bfd9b5ad76e80bfccba37da763802b1595d3938c13cf4005b739cec17082', 'ea5a5da88b7ece60df6e4fd74087928bd9236ca12d3b6abdcf6a336ff90b9c6d', '4854d5e026a143d5cf86f3e1ce00ff9147567a42e437b4d6d3e35e3a242d0058', 'a02f7062bffcfd6ae50a691337f8c3a8b184f8949558b321d3cbf98bb4f67c14']",1548820923155
290,b93c5040435e9e3723f70330eb68a2f3d3439c70169c870f5fe320d7462a8f07,"[-0.0024788696318864822, -0.23391476273536682, 0.06541970372200012, 0.04406539723277092, 0.05271226167678833, 0.010148262605071068, -0.02329292520880699, 0.05792675167322159, 0.014588232152163982, 0.029920201748609543, 0.06339570879936218, -0.046078477054834366, -0.02998458221554756, 0.016390593722462654, 0.006282133981585503, -0.0169934444129467, -0.027966707944869995, -0.01595465838909149, 0.012455744668841362, -0.013232608325779438, 0.007877418771386147, -0.023089924827218056, -0.016037415713071823, 0.02713802643120289, -0.04775482043623924, -0.012544965371489525, -0.02984846755862236, 0.031256139278411865, -0.011521441861987114, -0.018383583053946495, -0.011916475370526314, -0.0012952429242432117, 0.01765618845820427, 0.010814053937792778, 0.019482634961605072, -0.017075493931770325, 0.03847026452422142, -0.012876268476247787, -0.017312852665781975, 0.018620392307639122, 0.03948806971311569, -0.03389069437980652, 0.021260341629385948, -0.005188870243728161, 0.007152273319661617, 0.03081645257771015, 0.0062617151997983456, -0.03761131316423416, -0.0007890835404396057, -0.01702728681266308]","['acb37fabaf4e9f2a26f9fe3ac9fc7592cdaa755fc160065af5126ff6b893c450', 'acb37fabaf4e9f2a26f9fe3ac9fc7592cdaa755fc160065af5126ff6b893c450', '9c7de26e66da54077d98392ac878893349e48c838d84a70cba3ed408c31c4564']","['f2744bd25f204807aaa4f0b67fcbee27f65ff753d41c1bd8ca9884a5cadd889c', 'f79c82715dd0285156aae3faf2e42ab7e8c6c56f767d511cdf09d2b92429c65c', '68f79ba15ebc1f4f6542c53bba6c8155818f6af023ce51e11f9ec2a252b436a2', '298d3bd67b959fe381a8fffb5c30526eea7263d5f01988072e79419c61104cd9', '7c4d70000bbed368208804a7d56d74b430fbd385c9fa2fe1d5a9094d6745dcf3', 'dada6991251d556e803e3588906f0328735c27de53390780b51b20382c77c5f8', 'b3c497062092f736df9462c10bc0ac86d0bf2e4d96e1062853127c6458348343', '80f70700a9e6ec4ad31560061feab3b2f9331b762011312937a9132c396ec004', '27fcfdf4e753508dcab27157bea1ef9ca24e9f776a8a1f636c8f89964d086ffb', '8d0b0d9f3125ba9b3d9b78836eafdb3b869d33f7897f216cf66e9b1c1d8a13bc', '4044c71872f2dbc539117d90d9b47af8c4ac6548d231903a797f2442ae3f0157', 'd6923f649ab92a4b032fb20e67cddc9f83d07458adf129737bd1622c0053e1f1', '4ad4feffdd80a0713e995c4d25374cc99964ed1cad10322076598dc9c94e6699', 'acb37fabaf4e9f2a26f9fe3ac9fc7592cdaa755fc160065af5126ff6b893c450', 'ccdb5532d7b1dbf219d564d10a7ffec48e6609602082590aeae96e0cff84e437', '87bcada2d5d0337a7c125149e91b7fd14f7faa0dc8b7ba70de7b5f4b93cb7fc2', '21cd69475f493734376ecc17ac9ef4e58fdab4e1fa9e0526423fb88ec0a85c4e', 'e0c85f9a51a2384756115c4a3dee708c51eafede538fd4c869147e6653c267f0', 'be4e17237ffbc3f1c676b7f5b3d73ce12c77802e01429db49389440b4b455739', 'd0dfa4f6143f75d9d2ab1172c5279efd90bb0c0fadd10a9a062b5abe3f4571e8', '9c7de26e66da54077d98392ac878893349e48c838d84a70cba3ed408c31c4564', '31b1bfd9b5ad76e80bfccba37da763802b1595d3938c13cf4005b739cec17082', 'ea5a5da88b7ece60df6e4fd74087928bd9236ca12d3b6abdcf6a336ff90b9c6d', '4854d5e026a143d5cf86f3e1ce00ff9147567a42e437b4d6d3e35e3a242d0058', 'a02f7062bffcfd6ae50a691337f8c3a8b184f8949558b321d3cbf98bb4f67c14']",1548820923155
291,b839cb5410dd60df30ec36a6ccf5a04435fef7a4706cef21057fd057aa9ee71d,"[-0.20366725325584412, 0.00325087271630764, 0.17905665934085846, -0.1003701314330101, 0.06904033571481705, -0.11677795648574829, -0.017666146159172058, -0.07622899115085602, 0.15260453522205353, -0.074581578373909, -0.24486541748046875, 0.044624920934438705, -0.021950457245111465, 0.11666515469551086, -0.08344469964504242, -0.016491081565618515, 0.002825693693011999, 0.04734319821000099, 0.00328331277705729, 0.004972668364644051, -0.04256851226091385, -0.030806800350546837, -0.026552967727184296, -0.08220173418521881, -0.046048469841480255, -0.01838885433971882, -0.002433671150356531, 0.011312417685985565, 0.028878292068839073, 0.05097069591283798, -0.0059595960192382336, -0.028815079480409622, 0.04201536625623703, 0.04254164919257164, -0.09248052537441254, -0.008915737271308899, 0.0317782387137413, 0.0548139363527298, -0.027168050408363342, -0.023199493065476418, -0.009107418358325958, -0.008663569577038288, -0.020744459703564644, -0.012523826211690903, -0.011743303388357162, -0.0028329305350780487, -0.030934089794754982, 0.006104194093495607, 0.013692086562514305, 0.005326191894710064]",['97c53558d12239d409eeb754c9231e6088e0a7be6f4d6cecf40b2094533f5835'],"['77b7c4850e7ddad2ffa81af4379a3ae25d9107902fbd419d8312e0ee4067d70c', '42906e88d4ce24294d2274f7e0b8a4e111955895222467dc976bb4674bfdc1f3', '7c3a33ec1a775b4954dc4114cee6c904c58d1d59284be0527814de96cafd6b85', '97c53558d12239d409eeb754c9231e6088e0a7be6f4d6cecf40b2094533f5835', 'e9797a2f345f11f368743d7eba6dfe3ef9492f8823a8cd7470728f92b2e7de30', '0b90a1098c7b23d246bfd854476a7c5a7cac79f569f84d552949565efe309c7e', '91832f8397564f281ebcbadf49f2e51aa4e8b2fb65855ae6e538fda13f5d8c76', 'e0d975b30ad94cbb1cd5ca09b70f8fc40bbd65a887a9981085a5fb7248399c31', '72703f085be09f6dfb32c7f6400a82e992bb873fad8f328b59b3e87eaeb8f957', '7bbbe88f554e792fc58e48414cdb7a530e27acd6cefb179107e6f6bb3d4fa804', '64876ecd26a4f40844f336e6175fb6aec2c20df40406f40fd306aa2e69bc97df', '0b708eb3ceea79c4d5e7235adf13ad3f81aeac1822a483c4494e2d96be7faf5d', '43c9de17da1fbfa007e4650f62a066975c7c2cd354bb239f8c583fcfb35cb7b1', 'a9dc09fbcd83ff912a99a684470e6e2bc1bff4a8f9cfe4f25df1cbf34d6d71c3', '8dc92aa0e081fdeab00c0974218d455e04441a53e677a794139219e9c62c3e0d', 'ff1c2778ddb99f8a279f0b4bd915b637f655e4c76a8dee1e183c14bc5c8fa4c4', '1e5ab001ca75a4d05a74be4c47f80535f128dc2d3fc7e46c881123a8f9ecf220', '51d788ea4f51b43967555707c4718df8badd2157220d44c2a766ed77074ac9b5', 'dae855d3d749ebf3f9d6fdfff0e4fe48cafb70d6b9ef12d2c635bc53c3c46f57', '2d752e98e063ccc8fb7e3b51c11e905f6076f0b5f5fddc26bf941ed03e82793e', '12a9d600ee162a91864ef164edba3a9330b387b086be946d2336fc141435e217', 'ae6cf024fd12e85519d1f944493009b9fb019cd6474a4470548f84edf35aeba9', 'ddffc06a2bca4c83bf2c540c31fce29e141e31566ddb8fa30b1948b6064700a6']",1549024431056
292,b839cb5410dd60df30ec36a6ccf5a04435fef7a4706cef21057fd057aa9ee71d,"[-0.01310329046100378, -0.17606069147586823, 0.027184054255485535, 0.04047006368637085, 0.21153247356414795, 0.041694268584251404, 0.13674886524677277, -0.13421830534934998, -0.06089428812265396, -0.08045652508735657, -0.019949693232774734, 0.0497380867600441, 0.015500105917453766, 0.004431078210473061, -0.006811605766415596, 0.0057880934327840805, -0.06182552129030228, -0.03736789524555206, 0.031771015375852585, 0.023030471056699753, 0.07346506416797638, 0.04462311416864395, -0.03633486479520798, -0.014521580189466476, 0.017060039564967155, -0.015099883079528809, 0.00113709457218647, 0.049773044884204865, -0.056183405220508575, 0.008123333565890789, -0.026848506182432175, -0.0020920708775520325, -0.03845398128032684, 0.03830370679497719, -0.03681483864784241, -0.044297706335783005, -0.014885511249303818, -0.001888736616820097, -0.014644031412899494, 0.040973491966724396, 0.02113930881023407, 0.03452437371015549, 0.0008962382562458515, -0.044831160455942154, 0.06539060920476913, -0.014310830272734165, 0.029323071241378784, 0.00028224242851138115, 0.004224693402647972, 0.017897028475999832]",['5227e2ee22d543d545423241c6e7acb0eeb06808b40d22a90ffe10b31bd871ae'],"['06e4727747d1be6196dcc5c472ed323a0b6e113c0bd8714e8f4f7d39d658ae98', 'a4435aceafa985e9ab49cb7c71ca3d6aaf6798becae91f72f35fae0bdd76ba6b', 'f9fdb77042574ae9cf082bcfaaaf2163ee0e33cb7456647b0256f126d7463e27', '4636d3fac4286083615fe971a4d0ef710ff6c9d65dbb6fb37ad8e7dfe7913875', 'a5083461593376d13b15e92b3aafe94ac916ad699a112c332180fe29ffeb04b6', 'b36311adf19a2f15322f650d29f3a4b583bb3a0815f4b1e0da4efe54ddfae6cf', 'b186c315b14872e0097ee647457832876f12b3acff463d2c554c253c393b415f', 'd943f0ee427d7db77ce5467c1cd4bc2a4750a28d1d2635ee467e19fd57342894', '3faf9cf150df39dd9db4b1abacf09ab43c658c40642152bba091efea979af43e', '5c5afd17581e0072282616cc21377ed5d578038fb0a8f3a895699bc633b7c4fd', 'ecc3c71625067ed2b85bfef2ee4a59f6f6925d95aa98731cc7fa15bf49528499', 'c677ff0cdde4732e9d96774cc56c217259bde5cfa989df03080afd24b765a200', 'd201d8019bccb405a4ee8e6908810fa132464f44d7e35d22b5a92bb31df34784', '36f1f5d7221688695fad7ad81f71c9313a5b9a67492a6573543110bb8948257a', '973fb22d16a34fc5b6c1b1811654031d15c9d10f5f4c8909bc13016e20e0fd24', '3f33069726afa3c88de10438a638368147f18f059742df42aa209df546e9237e', '87f9c87a443772bbc8fd914942a81ad433f814be03053f97ea5f53cd1099cbd0', 'c6612faf64f99f1522c4f2f2cd8fc23f33ec5c130d8211836b20c5d2e6cb49fa', 'ac91e6b39950d8c0191fb392eef57696799b4b35f11ad8375e87c7630ed1df4a', 'd1533e61d11c6100235fffa410bac5f6d725931efabddd98b415d9e7fff50954', 'de0723abf1aa881311e3abc97fb278c7d5216f821f822ecd47caa5c3a8930f98', '4730f953e139921ab4a66c90260fa9c3d0e237a2d3f1d47291e919e5d08972f5', '281fe8f3297de416a4fefa5b81b65033c646091c31e165776b51ad5536c39d3d', 'c6d6346d356fe84662e0305f7a23f88495e160a756ac4a0cc0928cf8acb9294b', '3f0fb00dc0e49e51c23eb4091dbc2926c68175243d5d13727a7b4abb08420fef']",1549024487569
293,5c43bf6da59daece74aa6b5419252450adcec124bbb1eb02e31d6cc583c1e8a0,"[-0.01310329046100378, -0.17606069147586823, 0.027184054255485535, 0.04047006368637085, 0.21153247356414795, 0.041694268584251404, 0.13674886524677277, -0.13421830534934998, -0.06089428812265396, -0.08045652508735657, -0.019949693232774734, 0.0497380867600441, 0.015500105917453766, 0.004431078210473061, -0.006811605766415596, 0.0057880934327840805, -0.06182552129030228, -0.03736789524555206, 0.031771015375852585, 0.023030471056699753, 0.07346506416797638, 0.04462311416864395, -0.03633486479520798, -0.014521580189466476, 0.017060039564967155, -0.015099883079528809, 0.00113709457218647, 0.049773044884204865, -0.056183405220508575, 0.008123333565890789, -0.026848506182432175, -0.0020920708775520325, -0.03845398128032684, 0.03830370679497719, -0.03681483864784241, -0.044297706335783005, -0.014885511249303818, -0.001888736616820097, -0.014644031412899494, 0.040973491966724396, 0.02113930881023407, 0.03452437371015549, 0.0008962382562458515, -0.044831160455942154, 0.06539060920476913, -0.014310830272734165, 0.029323071241378784, 0.00028224242851138115, 0.004224693402647972, 0.017897028475999832]",,"['06e4727747d1be6196dcc5c472ed323a0b6e113c0bd8714e8f4f7d39d658ae98', 'a4435aceafa985e9ab49cb7c71ca3d6aaf6798becae91f72f35fae0bdd76ba6b', 'f9fdb77042574ae9cf082bcfaaaf2163ee0e33cb7456647b0256f126d7463e27', '4636d3fac4286083615fe971a4d0ef710ff6c9d65dbb6fb37ad8e7dfe7913875', 'a5083461593376d13b15e92b3aafe94ac916ad699a112c332180fe29ffeb04b6', 'b36311adf19a2f15322f650d29f3a4b583bb3a0815f4b1e0da4efe54ddfae6cf', 'b186c315b14872e0097ee647457832876f12b3acff463d2c554c253c393b415f', 'd943f0ee427d7db77ce5467c1cd4bc2a4750a28d1d2635ee467e19fd57342894', '3faf9cf150df39dd9db4b1abacf09ab43c658c40642152bba091efea979af43e', '5c5afd17581e0072282616cc21377ed5d578038fb0a8f3a895699bc633b7c4fd', 'ecc3c71625067ed2b85bfef2ee4a59f6f6925d95aa98731cc7fa15bf49528499', 'c677ff0cdde4732e9d96774cc56c217259bde5cfa989df03080afd24b765a200', 'd201d8019bccb405a4ee8e6908810fa132464f44d7e35d22b5a92bb31df34784', '36f1f5d7221688695fad7ad81f71c9313a5b9a67492a6573543110bb8948257a', '973fb22d16a34fc5b6c1b1811654031d15c9d10f5f4c8909bc13016e20e0fd24', '3f33069726afa3c88de10438a638368147f18f059742df42aa209df546e9237e', '87f9c87a443772bbc8fd914942a81ad433f814be03053f97ea5f53cd1099cbd0', 'c6612faf64f99f1522c4f2f2cd8fc23f33ec5c130d8211836b20c5d2e6cb49fa', 'ac91e6b39950d8c0191fb392eef57696799b4b35f11ad8375e87c7630ed1df4a', 'd1533e61d11c6100235fffa410bac5f6d725931efabddd98b415d9e7fff50954', 'de0723abf1aa881311e3abc97fb278c7d5216f821f822ecd47caa5c3a8930f98', '4730f953e139921ab4a66c90260fa9c3d0e237a2d3f1d47291e919e5d08972f5', '281fe8f3297de416a4fefa5b81b65033c646091c31e165776b51ad5536c39d3d', 'c6d6346d356fe84662e0305f7a23f88495e160a756ac4a0cc0928cf8acb9294b', '3f0fb00dc0e49e51c23eb4091dbc2926c68175243d5d13727a7b4abb08420fef']",1549027209499
294,5c43bf6da59daece74aa6b5419252450adcec124bbb1eb02e31d6cc583c1e8a0,"[-0.01310329046100378, -0.17606069147586823, 0.027184054255485535, 0.04047006368637085, 0.21153247356414795, 0.041694268584251404, 0.13674886524677277, -0.13421830534934998, -0.06089428812265396, -0.08045652508735657, -0.019949693232774734, 0.0497380867600441, 0.015500105917453766, 0.004431078210473061, -0.006811605766415596, 0.0057880934327840805, -0.06182552129030228, -0.03736789524555206, 0.031771015375852585, 0.023030471056699753, 0.07346506416797638, 0.04462311416864395, -0.03633486479520798, -0.014521580189466476, 0.017060039564967155, -0.015099883079528809, 0.00113709457218647, 0.049773044884204865, -0.056183405220508575, 0.008123333565890789, -0.026848506182432175, -0.0020920708775520325, -0.03845398128032684, 0.03830370679497719, -0.03681483864784241, -0.044297706335783005, -0.014885511249303818, -0.001888736616820097, -0.014644031412899494, 0.040973491966724396, 0.02113930881023407, 0.03452437371015549, 0.0008962382562458515, -0.044831160455942154, 0.06539060920476913, -0.014310830272734165, 0.029323071241378784, 0.00028224242851138115, 0.004224693402647972, 0.017897028475999832]",,"['06e4727747d1be6196dcc5c472ed323a0b6e113c0bd8714e8f4f7d39d658ae98', 'a4435aceafa985e9ab49cb7c71ca3d6aaf6798becae91f72f35fae0bdd76ba6b', 'f9fdb77042574ae9cf082bcfaaaf2163ee0e33cb7456647b0256f126d7463e27', '4636d3fac4286083615fe971a4d0ef710ff6c9d65dbb6fb37ad8e7dfe7913875', 'a5083461593376d13b15e92b3aafe94ac916ad699a112c332180fe29ffeb04b6', 'b36311adf19a2f15322f650d29f3a4b583bb3a0815f4b1e0da4efe54ddfae6cf', 'b186c315b14872e0097ee647457832876f12b3acff463d2c554c253c393b415f', 'd943f0ee427d7db77ce5467c1cd4bc2a4750a28d1d2635ee467e19fd57342894', '3faf9cf150df39dd9db4b1abacf09ab43c658c40642152bba091efea979af43e', '5c5afd17581e0072282616cc21377ed5d578038fb0a8f3a895699bc633b7c4fd', 'ecc3c71625067ed2b85bfef2ee4a59f6f6925d95aa98731cc7fa15bf49528499', 'c677ff0cdde4732e9d96774cc56c217259bde5cfa989df03080afd24b765a200', 'd201d8019bccb405a4ee8e6908810fa132464f44d7e35d22b5a92bb31df34784', '36f1f5d7221688695fad7ad81f71c9313a5b9a67492a6573543110bb8948257a', '973fb22d16a34fc5b6c1b1811654031d15c9d10f5f4c8909bc13016e20e0fd24', '3f33069726afa3c88de10438a638368147f18f059742df42aa209df546e9237e', '87f9c87a443772bbc8fd914942a81ad433f814be03053f97ea5f53cd1099cbd0', 'c6612faf64f99f1522c4f2f2cd8fc23f33ec5c130d8211836b20c5d2e6cb49fa', 'ac91e6b39950d8c0191fb392eef57696799b4b35f11ad8375e87c7630ed1df4a', 'd1533e61d11c6100235fffa410bac5f6d725931efabddd98b415d9e7fff50954', 'de0723abf1aa881311e3abc97fb278c7d5216f821f822ecd47caa5c3a8930f98', '4730f953e139921ab4a66c90260fa9c3d0e237a2d3f1d47291e919e5d08972f5', '281fe8f3297de416a4fefa5b81b65033c646091c31e165776b51ad5536c39d3d', 'c6d6346d356fe84662e0305f7a23f88495e160a756ac4a0cc0928cf8acb9294b', '3f0fb00dc0e49e51c23eb4091dbc2926c68175243d5d13727a7b4abb08420fef']",1549027209499
295,eb96992a0dba2f3a1aa9fe51714cfe94e6a6b30d433df78e426e0f4aa245891e,"[-0.08931539207696915, -0.10668741166591644, 0.0401826947927475, -0.04881158471107483, 0.17491722106933594, -0.023546215146780014, 0.11422139406204224, -0.15975511074066162, 0.018692970275878906, -0.03294931724667549, -0.0635814219713211, 0.038081616163253784, 0.04596614092588425, -0.04221758246421814, 0.022593701258301735, 0.02246682345867157, -0.006730545777827501, -0.011422939598560333, 0.01953825354576111, 0.03753342106938362, 0.013273918069899082, -0.005817662924528122, -0.020330317318439484, -0.024215135723352432, 0.013296865858137608, 0.006175076588988304, -0.005228887312114239, -0.0172398891299963, -0.012979474849998951, 0.002440431620925665, -0.021890226751565933, 0.00419935118407011, -0.013889849185943604, 0.010164820589125156, -0.048642463982105255, -0.0077400049194693565, -0.012747444212436676, 0.02097233384847641, -0.018404722213745117, 0.023010632023215294, -0.003149800468236208, -0.00016494840383529663, -0.005169533658772707, -0.013675864785909653, 0.01081092469394207, -0.02353011816740036, 3.3760443329811096e-05, 0.00023615499958395958, 0.01715448871254921, 0.017189061269164085]","['97c53558d12239d409eeb754c9231e6088e0a7be6f4d6cecf40b2094533f5835', '97c53558d12239d409eeb754c9231e6088e0a7be6f4d6cecf40b2094533f5835']","['97c53558d12239d409eeb754c9231e6088e0a7be6f4d6cecf40b2094533f5835', 'a3501fdaf6d869be27e9e808bd9387c888a8345591581bb6b8e358d9ea426847', '0b708eb3ceea79c4d5e7235adf13ad3f81aeac1822a483c4494e2d96be7faf5d', '7c3a33ec1a775b4954dc4114cee6c904c58d1d59284be0527814de96cafd6b85', '91832f8397564f281ebcbadf49f2e51aa4e8b2fb65855ae6e538fda13f5d8c76', '1e5ab001ca75a4d05a74be4c47f80535f128dc2d3fc7e46c881123a8f9ecf220', 'dae855d3d749ebf3f9d6fdfff0e4fe48cafb70d6b9ef12d2c635bc53c3c46f57', '2d752e98e063ccc8fb7e3b51c11e905f6076f0b5f5fddc26bf941ed03e82793e', '76bebf92d5486eab03207e3377be4e1214b651f859c6302d30bb66b4f4c7efbf', 'c8dfee1b0775bcf6aa2836919a707d587c10acba7a7a2758806aa6521b48a81d', '85779c39d302f9d80f310a270a2f3eec768c3295f58a254b29bc390ea25f99dd', 'e0d975b30ad94cbb1cd5ca09b70f8fc40bbd65a887a9981085a5fb7248399c31', '60e2bad9b9d0bad2139a956ae4f3f3349ed01154e3f4133d929cc05ffdb22e86', 'cdfeeb637e232bbe2be7cf0aa3998751f3ce77d493a32b2d31e4e63cd29ff600', 'ae6cf024fd12e85519d1f944493009b9fb019cd6474a4470548f84edf35aeba9', '724af8aadcc6b9b27f79a123afb7ff94d1a164a5f4a3b56bcf01e994696944aa', 'ddffc06a2bca4c83bf2c540c31fce29e141e31566ddb8fa30b1948b6064700a6', '77b7c4850e7ddad2ffa81af4379a3ae25d9107902fbd419d8312e0ee4067d70c', '42906e88d4ce24294d2274f7e0b8a4e111955895222467dc976bb4674bfdc1f3', 'cb2fd005729553054b15e8e5151a2ed0627eed4f70457fa93ca5fffa8d7ea971', 'e9e77277b19df1ad80850c9559500f4ee5a8eb7ecce178abbd0bafab80fae4e6', '047c0bb23f8e388561d83d1768bf7def760aaa55c74cda75ba8e88143967f262', 'a34ae73e6ce19dd1b3fcc537046e059b900c61282c0f89ce967609dce3bddff6', 'a9dc09fbcd83ff912a99a684470e6e2bc1bff4a8f9cfe4f25df1cbf34d6d71c3', '8dc92aa0e081fdeab00c0974218d455e04441a53e677a794139219e9c62c3e0d']",1548427684586
296,eb96992a0dba2f3a1aa9fe51714cfe94e6a6b30d433df78e426e0f4aa245891e,"[-0.08931539207696915, -0.10668741166591644, 0.0401826947927475, -0.04881158471107483, 0.17491722106933594, -0.023546215146780014, 0.11422139406204224, -0.15975511074066162, 0.018692970275878906, -0.03294931724667549, -0.0635814219713211, 0.038081616163253784, 0.04596614092588425, -0.04221758246421814, 0.022593701258301735, 0.02246682345867157, -0.006730545777827501, -0.011422939598560333, 0.01953825354576111, 0.03753342106938362, 0.013273918069899082, -0.005817662924528122, -0.020330317318439484, -0.024215135723352432, 0.013296865858137608, 0.006175076588988304, -0.005228887312114239, -0.0172398891299963, -0.012979474849998951, 0.002440431620925665, -0.021890226751565933, 0.00419935118407011, -0.013889849185943604, 0.010164820589125156, -0.048642463982105255, -0.0077400049194693565, -0.012747444212436676, 0.02097233384847641, -0.018404722213745117, 0.023010632023215294, -0.003149800468236208, -0.00016494840383529663, -0.005169533658772707, -0.013675864785909653, 0.01081092469394207, -0.02353011816740036, 3.3760443329811096e-05, 0.00023615499958395958, 0.01715448871254921, 0.017189061269164085]","['97c53558d12239d409eeb754c9231e6088e0a7be6f4d6cecf40b2094533f5835', '97c53558d12239d409eeb754c9231e6088e0a7be6f4d6cecf40b2094533f5835']","['97c53558d12239d409eeb754c9231e6088e0a7be6f4d6cecf40b2094533f5835', 'a3501fdaf6d869be27e9e808bd9387c888a8345591581bb6b8e358d9ea426847', '0b708eb3ceea79c4d5e7235adf13ad3f81aeac1822a483c4494e2d96be7faf5d', '7c3a33ec1a775b4954dc4114cee6c904c58d1d59284be0527814de96cafd6b85', '91832f8397564f281ebcbadf49f2e51aa4e8b2fb65855ae6e538fda13f5d8c76', '1e5ab001ca75a4d05a74be4c47f80535f128dc2d3fc7e46c881123a8f9ecf220', 'dae855d3d749ebf3f9d6fdfff0e4fe48cafb70d6b9ef12d2c635bc53c3c46f57', '2d752e98e063ccc8fb7e3b51c11e905f6076f0b5f5fddc26bf941ed03e82793e', '76bebf92d5486eab03207e3377be4e1214b651f859c6302d30bb66b4f4c7efbf', 'c8dfee1b0775bcf6aa2836919a707d587c10acba7a7a2758806aa6521b48a81d', '85779c39d302f9d80f310a270a2f3eec768c3295f58a254b29bc390ea25f99dd', 'e0d975b30ad94cbb1cd5ca09b70f8fc40bbd65a887a9981085a5fb7248399c31', '60e2bad9b9d0bad2139a956ae4f3f3349ed01154e3f4133d929cc05ffdb22e86', 'cdfeeb637e232bbe2be7cf0aa3998751f3ce77d493a32b2d31e4e63cd29ff600', 'ae6cf024fd12e85519d1f944493009b9fb019cd6474a4470548f84edf35aeba9', '724af8aadcc6b9b27f79a123afb7ff94d1a164a5f4a3b56bcf01e994696944aa', 'ddffc06a2bca4c83bf2c540c31fce29e141e31566ddb8fa30b1948b6064700a6', '77b7c4850e7ddad2ffa81af4379a3ae25d9107902fbd419d8312e0ee4067d70c', '42906e88d4ce24294d2274f7e0b8a4e111955895222467dc976bb4674bfdc1f3', 'cb2fd005729553054b15e8e5151a2ed0627eed4f70457fa93ca5fffa8d7ea971', 'e9e77277b19df1ad80850c9559500f4ee5a8eb7ecce178abbd0bafab80fae4e6', '047c0bb23f8e388561d83d1768bf7def760aaa55c74cda75ba8e88143967f262', 'a34ae73e6ce19dd1b3fcc537046e059b900c61282c0f89ce967609dce3bddff6', 'a9dc09fbcd83ff912a99a684470e6e2bc1bff4a8f9cfe4f25df1cbf34d6d71c3', '8dc92aa0e081fdeab00c0974218d455e04441a53e677a794139219e9c62c3e0d']",1548427684586
297,eb96992a0dba2f3a1aa9fe51714cfe94e6a6b30d433df78e426e0f4aa245891e,"[-0.08931539207696915, -0.10668741166591644, 0.0401826947927475, -0.04881158471107483, 0.17491722106933594, -0.023546215146780014, 0.11422139406204224, -0.15975511074066162, 0.018692970275878906, -0.03294931724667549, -0.0635814219713211, 0.038081616163253784, 0.04596614092588425, -0.04221758246421814, 0.022593701258301735, 0.02246682345867157, -0.006730545777827501, -0.011422939598560333, 0.01953825354576111, 0.03753342106938362, 0.013273918069899082, -0.005817662924528122, -0.020330317318439484, -0.024215135723352432, 0.013296865858137608, 0.006175076588988304, -0.005228887312114239, -0.0172398891299963, -0.012979474849998951, 0.002440431620925665, -0.021890226751565933, 0.00419935118407011, -0.013889849185943604, 0.010164820589125156, -0.048642463982105255, -0.0077400049194693565, -0.012747444212436676, 0.02097233384847641, -0.018404722213745117, 0.023010632023215294, -0.003149800468236208, -0.00016494840383529663, -0.005169533658772707, -0.013675864785909653, 0.01081092469394207, -0.02353011816740036, 3.3760443329811096e-05, 0.00023615499958395958, 0.01715448871254921, 0.017189061269164085]","['97c53558d12239d409eeb754c9231e6088e0a7be6f4d6cecf40b2094533f5835', '97c53558d12239d409eeb754c9231e6088e0a7be6f4d6cecf40b2094533f5835']","['97c53558d12239d409eeb754c9231e6088e0a7be6f4d6cecf40b2094533f5835', 'a3501fdaf6d869be27e9e808bd9387c888a8345591581bb6b8e358d9ea426847', '0b708eb3ceea79c4d5e7235adf13ad3f81aeac1822a483c4494e2d96be7faf5d', '7c3a33ec1a775b4954dc4114cee6c904c58d1d59284be0527814de96cafd6b85', '91832f8397564f281ebcbadf49f2e51aa4e8b2fb65855ae6e538fda13f5d8c76', '1e5ab001ca75a4d05a74be4c47f80535f128dc2d3fc7e46c881123a8f9ecf220', 'dae855d3d749ebf3f9d6fdfff0e4fe48cafb70d6b9ef12d2c635bc53c3c46f57', '2d752e98e063ccc8fb7e3b51c11e905f6076f0b5f5fddc26bf941ed03e82793e', '76bebf92d5486eab03207e3377be4e1214b651f859c6302d30bb66b4f4c7efbf', 'c8dfee1b0775bcf6aa2836919a707d587c10acba7a7a2758806aa6521b48a81d', '85779c39d302f9d80f310a270a2f3eec768c3295f58a254b29bc390ea25f99dd', 'e0d975b30ad94cbb1cd5ca09b70f8fc40bbd65a887a9981085a5fb7248399c31', '60e2bad9b9d0bad2139a956ae4f3f3349ed01154e3f4133d929cc05ffdb22e86', 'cdfeeb637e232bbe2be7cf0aa3998751f3ce77d493a32b2d31e4e63cd29ff600', 'ae6cf024fd12e85519d1f944493009b9fb019cd6474a4470548f84edf35aeba9', '724af8aadcc6b9b27f79a123afb7ff94d1a164a5f4a3b56bcf01e994696944aa', 'ddffc06a2bca4c83bf2c540c31fce29e141e31566ddb8fa30b1948b6064700a6', '77b7c4850e7ddad2ffa81af4379a3ae25d9107902fbd419d8312e0ee4067d70c', '42906e88d4ce24294d2274f7e0b8a4e111955895222467dc976bb4674bfdc1f3', 'cb2fd005729553054b15e8e5151a2ed0627eed4f70457fa93ca5fffa8d7ea971', 'e9e77277b19df1ad80850c9559500f4ee5a8eb7ecce178abbd0bafab80fae4e6', '047c0bb23f8e388561d83d1768bf7def760aaa55c74cda75ba8e88143967f262', 'a34ae73e6ce19dd1b3fcc537046e059b900c61282c0f89ce967609dce3bddff6', 'a9dc09fbcd83ff912a99a684470e6e2bc1bff4a8f9cfe4f25df1cbf34d6d71c3', '8dc92aa0e081fdeab00c0974218d455e04441a53e677a794139219e9c62c3e0d']",1548427684586
298,eb96992a0dba2f3a1aa9fe51714cfe94e6a6b30d433df78e426e0f4aa245891e,"[-0.01310329046100378, -0.17606069147586823, 0.027184054255485535, 0.04047006368637085, 0.21153247356414795, 0.041694268584251404, 0.13674886524677277, -0.13421830534934998, -0.06089428812265396, -0.08045652508735657, -0.019949693232774734, 0.0497380867600441, 0.015500105917453766, 0.004431078210473061, -0.006811605766415596, 0.0057880934327840805, -0.06182552129030228, -0.03736789524555206, 0.031771015375852585, 0.023030471056699753, 0.07346506416797638, 0.04462311416864395, -0.03633486479520798, -0.014521580189466476, 0.017060039564967155, -0.015099883079528809, 0.00113709457218647, 0.049773044884204865, -0.056183405220508575, 0.008123333565890789, -0.026848506182432175, -0.0020920708775520325, -0.03845398128032684, 0.03830370679497719, -0.03681483864784241, -0.044297706335783005, -0.014885511249303818, -0.001888736616820097, -0.014644031412899494, 0.040973491966724396, 0.02113930881023407, 0.03452437371015549, 0.0008962382562458515, -0.044831160455942154, 0.06539060920476913, -0.014310830272734165, 0.029323071241378784, 0.00028224242851138115, 0.004224693402647972, 0.017897028475999832]",,"['06e4727747d1be6196dcc5c472ed323a0b6e113c0bd8714e8f4f7d39d658ae98', 'a4435aceafa985e9ab49cb7c71ca3d6aaf6798becae91f72f35fae0bdd76ba6b', '58f79a478efc6a129652ac9f3e437d45a945e197827f055b6025fc8388b8e68d', 'f9fdb77042574ae9cf082bcfaaaf2163ee0e33cb7456647b0256f126d7463e27', '4636d3fac4286083615fe971a4d0ef710ff6c9d65dbb6fb37ad8e7dfe7913875', 'a5083461593376d13b15e92b3aafe94ac916ad699a112c332180fe29ffeb04b6', 'b36311adf19a2f15322f650d29f3a4b583bb3a0815f4b1e0da4efe54ddfae6cf', 'b186c315b14872e0097ee647457832876f12b3acff463d2c554c253c393b415f', 'd943f0ee427d7db77ce5467c1cd4bc2a4750a28d1d2635ee467e19fd57342894', '3faf9cf150df39dd9db4b1abacf09ab43c658c40642152bba091efea979af43e', '5c5afd17581e0072282616cc21377ed5d578038fb0a8f3a895699bc633b7c4fd', 'ecc3c71625067ed2b85bfef2ee4a59f6f6925d95aa98731cc7fa15bf49528499', 'c677ff0cdde4732e9d96774cc56c217259bde5cfa989df03080afd24b765a200', 'd201d8019bccb405a4ee8e6908810fa132464f44d7e35d22b5a92bb31df34784', '36f1f5d7221688695fad7ad81f71c9313a5b9a67492a6573543110bb8948257a', '973fb22d16a34fc5b6c1b1811654031d15c9d10f5f4c8909bc13016e20e0fd24', '3f33069726afa3c88de10438a638368147f18f059742df42aa209df546e9237e', '87f9c87a443772bbc8fd914942a81ad433f814be03053f97ea5f53cd1099cbd0', 'c6612faf64f99f1522c4f2f2cd8fc23f33ec5c130d8211836b20c5d2e6cb49fa', 'ac91e6b39950d8c0191fb392eef57696799b4b35f11ad8375e87c7630ed1df4a', 'd1533e61d11c6100235fffa410bac5f6d725931efabddd98b415d9e7fff50954', 'de0723abf1aa881311e3abc97fb278c7d5216f821f822ecd47caa5c3a8930f98', '4730f953e139921ab4a66c90260fa9c3d0e237a2d3f1d47291e919e5d08972f5', '281fe8f3297de416a4fefa5b81b65033c646091c31e165776b51ad5536c39d3d', 'c6d6346d356fe84662e0305f7a23f88495e160a756ac4a0cc0928cf8acb9294b']",1548428088874
299,eb96992a0dba2f3a1aa9fe51714cfe94e6a6b30d433df78e426e0f4aa245891e,"[-0.01310329046100378, -0.17606069147586823, 0.027184054255485535, 0.04047006368637085, 0.21153247356414795, 0.041694268584251404, 0.13674886524677277, -0.13421830534934998, -0.06089428812265396, -0.08045652508735657, -0.019949693232774734, 0.0497380867600441, 0.015500105917453766, 0.004431078210473061, -0.006811605766415596, 0.0057880934327840805, -0.06182552129030228, -0.03736789524555206, 0.031771015375852585, 0.023030471056699753, 0.07346506416797638, 0.04462311416864395, -0.03633486479520798, -0.014521580189466476, 0.017060039564967155, -0.015099883079528809, 0.00113709457218647, 0.049773044884204865, -0.056183405220508575, 0.008123333565890789, -0.026848506182432175, -0.0020920708775520325, -0.03845398128032684, 0.03830370679497719, -0.03681483864784241, -0.044297706335783005, -0.014885511249303818, -0.001888736616820097, -0.014644031412899494, 0.040973491966724396, 0.02113930881023407, 0.03452437371015549, 0.0008962382562458515, -0.044831160455942154, 0.06539060920476913, -0.014310830272734165, 0.029323071241378784, 0.00028224242851138115, 0.004224693402647972, 0.017897028475999832]",,"['06e4727747d1be6196dcc5c472ed323a0b6e113c0bd8714e8f4f7d39d658ae98', 'a4435aceafa985e9ab49cb7c71ca3d6aaf6798becae91f72f35fae0bdd76ba6b', '58f79a478efc6a129652ac9f3e437d45a945e197827f055b6025fc8388b8e68d', 'f9fdb77042574ae9cf082bcfaaaf2163ee0e33cb7456647b0256f126d7463e27', '4636d3fac4286083615fe971a4d0ef710ff6c9d65dbb6fb37ad8e7dfe7913875', 'a5083461593376d13b15e92b3aafe94ac916ad699a112c332180fe29ffeb04b6', 'b36311adf19a2f15322f650d29f3a4b583bb3a0815f4b1e0da4efe54ddfae6cf', 'b186c315b14872e0097ee647457832876f12b3acff463d2c554c253c393b415f', 'd943f0ee427d7db77ce5467c1cd4bc2a4750a28d1d2635ee467e19fd57342894', '3faf9cf150df39dd9db4b1abacf09ab43c658c40642152bba091efea979af43e', '5c5afd17581e0072282616cc21377ed5d578038fb0a8f3a895699bc633b7c4fd', 'ecc3c71625067ed2b85bfef2ee4a59f6f6925d95aa98731cc7fa15bf49528499', 'c677ff0cdde4732e9d96774cc56c217259bde5cfa989df03080afd24b765a200', 'd201d8019bccb405a4ee8e6908810fa132464f44d7e35d22b5a92bb31df34784', '36f1f5d7221688695fad7ad81f71c9313a5b9a67492a6573543110bb8948257a', '973fb22d16a34fc5b6c1b1811654031d15c9d10f5f4c8909bc13016e20e0fd24', '3f33069726afa3c88de10438a638368147f18f059742df42aa209df546e9237e', '87f9c87a443772bbc8fd914942a81ad433f814be03053f97ea5f53cd1099cbd0', 'c6612faf64f99f1522c4f2f2cd8fc23f33ec5c130d8211836b20c5d2e6cb49fa', 'ac91e6b39950d8c0191fb392eef57696799b4b35f11ad8375e87c7630ed1df4a', 'd1533e61d11c6100235fffa410bac5f6d725931efabddd98b415d9e7fff50954', 'de0723abf1aa881311e3abc97fb278c7d5216f821f822ecd47caa5c3a8930f98', '4730f953e139921ab4a66c90260fa9c3d0e237a2d3f1d47291e919e5d08972f5', '281fe8f3297de416a4fefa5b81b65033c646091c31e165776b51ad5536c39d3d', 'c6d6346d356fe84662e0305f7a23f88495e160a756ac4a0cc0928cf8acb9294b']",1548428088874
300,eb96992a0dba2f3a1aa9fe51714cfe94e6a6b30d433df78e426e0f4aa245891e,"[-0.01310329046100378, -0.17606069147586823, 0.027184054255485535, 0.04047006368637085, 0.21153247356414795, 0.041694268584251404, 0.13674886524677277, -0.13421830534934998, -0.06089428812265396, -0.08045652508735657, -0.019949693232774734, 0.0497380867600441, 0.015500105917453766, 0.004431078210473061, -0.006811605766415596, 0.0057880934327840805, -0.06182552129030228, -0.03736789524555206, 0.031771015375852585, 0.023030471056699753, 0.07346506416797638, 0.04462311416864395, -0.03633486479520798, -0.014521580189466476, 0.017060039564967155, -0.015099883079528809, 0.00113709457218647, 0.049773044884204865, -0.056183405220508575, 0.008123333565890789, -0.026848506182432175, -0.0020920708775520325, -0.03845398128032684, 0.03830370679497719, -0.03681483864784241, -0.044297706335783005, -0.014885511249303818, -0.001888736616820097, -0.014644031412899494, 0.040973491966724396, 0.02113930881023407, 0.03452437371015549, 0.0008962382562458515, -0.044831160455942154, 0.06539060920476913, -0.014310830272734165, 0.029323071241378784, 0.00028224242851138115, 0.004224693402647972, 0.017897028475999832]",,"['06e4727747d1be6196dcc5c472ed323a0b6e113c0bd8714e8f4f7d39d658ae98', 'a4435aceafa985e9ab49cb7c71ca3d6aaf6798becae91f72f35fae0bdd76ba6b', '58f79a478efc6a129652ac9f3e437d45a945e197827f055b6025fc8388b8e68d', 'f9fdb77042574ae9cf082bcfaaaf2163ee0e33cb7456647b0256f126d7463e27', '4636d3fac4286083615fe971a4d0ef710ff6c9d65dbb6fb37ad8e7dfe7913875', 'a5083461593376d13b15e92b3aafe94ac916ad699a112c332180fe29ffeb04b6', 'b36311adf19a2f15322f650d29f3a4b583bb3a0815f4b1e0da4efe54ddfae6cf', 'b186c315b14872e0097ee647457832876f12b3acff463d2c554c253c393b415f', 'd943f0ee427d7db77ce5467c1cd4bc2a4750a28d1d2635ee467e19fd57342894', '3faf9cf150df39dd9db4b1abacf09ab43c658c40642152bba091efea979af43e', '5c5afd17581e0072282616cc21377ed5d578038fb0a8f3a895699bc633b7c4fd', 'ecc3c71625067ed2b85bfef2ee4a59f6f6925d95aa98731cc7fa15bf49528499', 'c677ff0cdde4732e9d96774cc56c217259bde5cfa989df03080afd24b765a200', 'd201d8019bccb405a4ee8e6908810fa132464f44d7e35d22b5a92bb31df34784', '36f1f5d7221688695fad7ad81f71c9313a5b9a67492a6573543110bb8948257a', '973fb22d16a34fc5b6c1b1811654031d15c9d10f5f4c8909bc13016e20e0fd24', '3f33069726afa3c88de10438a638368147f18f059742df42aa209df546e9237e', '87f9c87a443772bbc8fd914942a81ad433f814be03053f97ea5f53cd1099cbd0', 'c6612faf64f99f1522c4f2f2cd8fc23f33ec5c130d8211836b20c5d2e6cb49fa', 'ac91e6b39950d8c0191fb392eef57696799b4b35f11ad8375e87c7630ed1df4a', 'd1533e61d11c6100235fffa410bac5f6d725931efabddd98b415d9e7fff50954', 'de0723abf1aa881311e3abc97fb278c7d5216f821f822ecd47caa5c3a8930f98', '4730f953e139921ab4a66c90260fa9c3d0e237a2d3f1d47291e919e5d08972f5', '281fe8f3297de416a4fefa5b81b65033c646091c31e165776b51ad5536c39d3d', 'c6d6346d356fe84662e0305f7a23f88495e160a756ac4a0cc0928cf8acb9294b']",1548428088874
301,f4c7533a3a72829c56f8744c054f1d0a891a26a50f0370038da4f4f5f885c104,"[-0.17898763716220856, -0.09912468492984772, -0.18206055462360382, -0.13265007734298706, -0.0643715113401413, 0.08287160098552704, 0.11461848020553589, -0.150013267993927, -0.06634922325611115, 0.05566008388996124, -0.0207632165402174, 0.1285126805305481, 0.013445405289530754, 0.2842942774295807, 0.3337947130203247, -0.15589435398578644, -0.0971088856458664, -0.08321341127157211, -0.02742323838174343, -0.17038971185684204, 0.16756470501422882, 0.017036262899637222, -0.06148717924952507, -0.14423662424087524, 0.24584005773067474, -0.06390900909900665, 0.011300722137093544, 0.15554198622703552, 0.05659446120262146, 0.06573688983917236, -0.06935805082321167, 0.11680850386619568, 0.018682332709431648, -0.055018458515405655, -0.045293644070625305, -0.027454599738121033, -0.08640514314174652, -0.03348241373896599, -0.1418408900499344, 0.08925594389438629, 0.025987092405557632, -0.0427115224301815, -0.08655618131160736, -0.023794163018465042, -0.0108737638220191, 0.06885537505149841, 0.08061064779758453, 0.03577183187007904, 0.02239154651761055, 0.10378032922744751]","['b8e1e8f7ebb525ef936b3e3aaec3ffccc01f9efda56a04427e36c9ce046db1b1', 'd3142b3adf34bb6b5e716f9813a5e56ca51d4e4ddfd34eb8411014b6cbd1f47d', 'd3142b3adf34bb6b5e716f9813a5e56ca51d4e4ddfd34eb8411014b6cbd1f47d', 'd3142b3adf34bb6b5e716f9813a5e56ca51d4e4ddfd34eb8411014b6cbd1f47d']","['f9732b8c6cba11002a15d3cdf8fed838ccd2ed0dd0f6daace066a6a92ca2b72a', 'b8e1e8f7ebb525ef936b3e3aaec3ffccc01f9efda56a04427e36c9ce046db1b1', 'a1cf87556c337da38d25ed772ace8414fbb449a4135bcdb72b30490c8f0f3d1e', 'cae755380b0d89424a2b10d9fafc7eeb13ab990073ec76679528054090f55495', 'e30a9a5ea6132448b34e725328b775c6fabac38870810200c3b11b6288764083', '28d02936ff4253119aa0ce34c91f1dec7f40794639cafbb52cd668e351f0e1f1', '0c51ac495f156edd6139573b920c787600f457e91118c9f5c11eecee1e62efe2', '3d056170135b74d06b1f459099182f61de07570cbae1e00c8d77b1b14a02e705', '9c0a1f7cabf3529517fc78b3d5fa2606428901d9abbb25c83dd5bdb334706cce', '2ca9f90b91151af0fc494f4797affe99c944eb3876244a2c425eb9f9cbd5f623', '6bdb9fe1fc5f5e7be013b6b84518ec19cdd9dafc02f279d912894130a893051e', 'd9c7673bfed588244335d60512c42e7f2adb62adcf9f248df1471da0fecd2861', 'd3142b3adf34bb6b5e716f9813a5e56ca51d4e4ddfd34eb8411014b6cbd1f47d', '6a3b36959c13a76852790ddbf522fd54704d6e32c0b2883f209a694728d489b9', 'e87b41bc1c05bf2fef6f426474f7e10da17ed90c823d7e1a51d22f3dc3696e18', '28b3e0fbba5544000a9ed5a64067519f2504e1bd99b8643f5732eb586e06c3f2', '016fed21b61330851628435ffc1692d62910278e223e82cb85a53aaecfd07605', '22eac6327fd79e6d5b33031ca62ddf931363cfd26640cd7aaf165ee0a72490af', '3cdbe1115dca94f9908220c9287612dc2c58670cf2eb9a7a1ed30aa67c2c19a2']",1548511876447
302,f4c7533a3a72829c56f8744c054f1d0a891a26a50f0370038da4f4f5f885c104,"[-0.17898763716220856, -0.09912468492984772, -0.18206055462360382, -0.13265007734298706, -0.0643715113401413, 0.08287160098552704, 0.11461848020553589, -0.150013267993927, -0.06634922325611115, 0.05566008388996124, -0.0207632165402174, 0.1285126805305481, 0.013445405289530754, 0.2842942774295807, 0.3337947130203247, -0.15589435398578644, -0.0971088856458664, -0.08321341127157211, -0.02742323838174343, -0.17038971185684204, 0.16756470501422882, 0.017036262899637222, -0.06148717924952507, -0.14423662424087524, 0.24584005773067474, -0.06390900909900665, 0.011300722137093544, 0.15554198622703552, 0.05659446120262146, 0.06573688983917236, -0.06935805082321167, 0.11680850386619568, 0.018682332709431648, -0.055018458515405655, -0.045293644070625305, -0.027454599738121033, -0.08640514314174652, -0.03348241373896599, -0.1418408900499344, 0.08925594389438629, 0.025987092405557632, -0.0427115224301815, -0.08655618131160736, -0.023794163018465042, -0.0108737638220191, 0.06885537505149841, 0.08061064779758453, 0.03577183187007904, 0.02239154651761055, 0.10378032922744751]","['b8e1e8f7ebb525ef936b3e3aaec3ffccc01f9efda56a04427e36c9ce046db1b1', 'd3142b3adf34bb6b5e716f9813a5e56ca51d4e4ddfd34eb8411014b6cbd1f47d', 'd3142b3adf34bb6b5e716f9813a5e56ca51d4e4ddfd34eb8411014b6cbd1f47d', 'd3142b3adf34bb6b5e716f9813a5e56ca51d4e4ddfd34eb8411014b6cbd1f47d']","['f9732b8c6cba11002a15d3cdf8fed838ccd2ed0dd0f6daace066a6a92ca2b72a', 'b8e1e8f7ebb525ef936b3e3aaec3ffccc01f9efda56a04427e36c9ce046db1b1', 'a1cf87556c337da38d25ed772ace8414fbb449a4135bcdb72b30490c8f0f3d1e', 'cae755380b0d89424a2b10d9fafc7eeb13ab990073ec76679528054090f55495', 'e30a9a5ea6132448b34e725328b775c6fabac38870810200c3b11b6288764083', '28d02936ff4253119aa0ce34c91f1dec7f40794639cafbb52cd668e351f0e1f1', '0c51ac495f156edd6139573b920c787600f457e91118c9f5c11eecee1e62efe2', '3d056170135b74d06b1f459099182f61de07570cbae1e00c8d77b1b14a02e705', '9c0a1f7cabf3529517fc78b3d5fa2606428901d9abbb25c83dd5bdb334706cce', '2ca9f90b91151af0fc494f4797affe99c944eb3876244a2c425eb9f9cbd5f623', '6bdb9fe1fc5f5e7be013b6b84518ec19cdd9dafc02f279d912894130a893051e', 'd9c7673bfed588244335d60512c42e7f2adb62adcf9f248df1471da0fecd2861', 'd3142b3adf34bb6b5e716f9813a5e56ca51d4e4ddfd34eb8411014b6cbd1f47d', '6a3b36959c13a76852790ddbf522fd54704d6e32c0b2883f209a694728d489b9', 'e87b41bc1c05bf2fef6f426474f7e10da17ed90c823d7e1a51d22f3dc3696e18', '28b3e0fbba5544000a9ed5a64067519f2504e1bd99b8643f5732eb586e06c3f2', '016fed21b61330851628435ffc1692d62910278e223e82cb85a53aaecfd07605', '22eac6327fd79e6d5b33031ca62ddf931363cfd26640cd7aaf165ee0a72490af', '3cdbe1115dca94f9908220c9287612dc2c58670cf2eb9a7a1ed30aa67c2c19a2']",1548511876447
303,0d608238fb99e1181385d86c162efb380581721867fb44e7a7bb070dd3e9b263,"[-0.17898763716220856, -0.09912468492984772, -0.18206055462360382, -0.13265007734298706, -0.0643715113401413, 0.08287160098552704, 0.11461848020553589, -0.150013267993927, -0.06634922325611115, 0.05566008388996124, -0.0207632165402174, 0.1285126805305481, 0.013445405289530754, 0.2842942774295807, 0.3337947130203247, -0.15589435398578644, -0.0971088856458664, -0.08321341127157211, -0.02742323838174343, -0.17038971185684204, 0.16756470501422882, 0.017036262899637222, -0.06148717924952507, -0.14423662424087524, 0.24584005773067474, -0.06390900909900665, 0.011300722137093544, 0.15554198622703552, 0.05659446120262146, 0.06573688983917236, -0.06935805082321167, 0.11680850386619568, 0.018682332709431648, -0.055018458515405655, -0.045293644070625305, -0.027454599738121033, -0.08640514314174652, -0.03348241373896599, -0.1418408900499344, 0.08925594389438629, 0.025987092405557632, -0.0427115224301815, -0.08655618131160736, -0.023794163018465042, -0.0108737638220191, 0.06885537505149841, 0.08061064779758453, 0.03577183187007904, 0.02239154651761055, 0.10378032922744751]",,"['f9732b8c6cba11002a15d3cdf8fed838ccd2ed0dd0f6daace066a6a92ca2b72a', 'a1cf87556c337da38d25ed772ace8414fbb449a4135bcdb72b30490c8f0f3d1e', 'cae755380b0d89424a2b10d9fafc7eeb13ab990073ec76679528054090f55495', 'b8e1e8f7ebb525ef936b3e3aaec3ffccc01f9efda56a04427e36c9ce046db1b1', 'e30a9a5ea6132448b34e725328b775c6fabac38870810200c3b11b6288764083', '28d02936ff4253119aa0ce34c91f1dec7f40794639cafbb52cd668e351f0e1f1', '0c51ac495f156edd6139573b920c787600f457e91118c9f5c11eecee1e62efe2', '3d056170135b74d06b1f459099182f61de07570cbae1e00c8d77b1b14a02e705', '9c0a1f7cabf3529517fc78b3d5fa2606428901d9abbb25c83dd5bdb334706cce', '2ca9f90b91151af0fc494f4797affe99c944eb3876244a2c425eb9f9cbd5f623', '6bdb9fe1fc5f5e7be013b6b84518ec19cdd9dafc02f279d912894130a893051e', 'd9c7673bfed588244335d60512c42e7f2adb62adcf9f248df1471da0fecd2861', 'd3142b3adf34bb6b5e716f9813a5e56ca51d4e4ddfd34eb8411014b6cbd1f47d', '6a3b36959c13a76852790ddbf522fd54704d6e32c0b2883f209a694728d489b9', 'e87b41bc1c05bf2fef6f426474f7e10da17ed90c823d7e1a51d22f3dc3696e18', '28b3e0fbba5544000a9ed5a64067519f2504e1bd99b8643f5732eb586e06c3f2', '016fed21b61330851628435ffc1692d62910278e223e82cb85a53aaecfd07605', '22eac6327fd79e6d5b33031ca62ddf931363cfd26640cd7aaf165ee0a72490af', '3cdbe1115dca94f9908220c9287612dc2c58670cf2eb9a7a1ed30aa67c2c19a2']",1548456276748
304,0c40884387a1fed828bf425f441739244952ebf4ea9cec2dee074d0e2d5580f0,"[-0.17898763716220856, -0.09912468492984772, -0.18206055462360382, -0.13265007734298706, -0.0643715113401413, 0.08287160098552704, 0.11461848020553589, -0.150013267993927, -0.06634922325611115, 0.05566008388996124, -0.0207632165402174, 0.1285126805305481, 0.013445405289530754, 0.2842942774295807, 0.3337947130203247, -0.15589435398578644, -0.0971088856458664, -0.08321341127157211, -0.02742323838174343, -0.17038971185684204, 0.16756470501422882, 0.017036262899637222, -0.06148717924952507, -0.14423662424087524, 0.24584005773067474, -0.06390900909900665, 0.011300722137093544, 0.15554198622703552, 0.05659446120262146, 0.06573688983917236, -0.06935805082321167, 0.11680850386619568, 0.018682332709431648, -0.055018458515405655, -0.045293644070625305, -0.027454599738121033, -0.08640514314174652, -0.03348241373896599, -0.1418408900499344, 0.08925594389438629, 0.025987092405557632, -0.0427115224301815, -0.08655618131160736, -0.023794163018465042, -0.0108737638220191, 0.06885537505149841, 0.08061064779758453, 0.03577183187007904, 0.02239154651761055, 0.10378032922744751]",,"['f9732b8c6cba11002a15d3cdf8fed838ccd2ed0dd0f6daace066a6a92ca2b72a', 'a1cf87556c337da38d25ed772ace8414fbb449a4135bcdb72b30490c8f0f3d1e', 'cae755380b0d89424a2b10d9fafc7eeb13ab990073ec76679528054090f55495', 'b8e1e8f7ebb525ef936b3e3aaec3ffccc01f9efda56a04427e36c9ce046db1b1', 'e30a9a5ea6132448b34e725328b775c6fabac38870810200c3b11b6288764083', '0c51ac495f156edd6139573b920c787600f457e91118c9f5c11eecee1e62efe2', '3d056170135b74d06b1f459099182f61de07570cbae1e00c8d77b1b14a02e705', '9c0a1f7cabf3529517fc78b3d5fa2606428901d9abbb25c83dd5bdb334706cce', '2ca9f90b91151af0fc494f4797affe99c944eb3876244a2c425eb9f9cbd5f623', '28d02936ff4253119aa0ce34c91f1dec7f40794639cafbb52cd668e351f0e1f1', '6bdb9fe1fc5f5e7be013b6b84518ec19cdd9dafc02f279d912894130a893051e', 'd9c7673bfed588244335d60512c42e7f2adb62adcf9f248df1471da0fecd2861', 'd3142b3adf34bb6b5e716f9813a5e56ca51d4e4ddfd34eb8411014b6cbd1f47d', '6a3b36959c13a76852790ddbf522fd54704d6e32c0b2883f209a694728d489b9', 'e87b41bc1c05bf2fef6f426474f7e10da17ed90c823d7e1a51d22f3dc3696e18', '28b3e0fbba5544000a9ed5a64067519f2504e1bd99b8643f5732eb586e06c3f2', '016fed21b61330851628435ffc1692d62910278e223e82cb85a53aaecfd07605', '22eac6327fd79e6d5b33031ca62ddf931363cfd26640cd7aaf165ee0a72490af', '3cdbe1115dca94f9908220c9287612dc2c58670cf2eb9a7a1ed30aa67c2c19a2']",1547776650761
305,57454a2a1d2c98b5c2657c3f73c137d154ccbd7b042df7fde744ed7889bc0233,"[0.0459727942943573, -0.177988201379776, 0.02937181666493416, 0.12948215007781982, -0.017030373215675354, 0.006200026720762253, -0.08631020784378052, 0.0489303320646286, 0.11325392127037048, 0.022000757977366447, 0.11662209033966064, -0.013050450012087822, -0.01934952847659588, 0.11317272484302521, 0.02231542021036148, -0.07560878992080688, -0.00748027628287673, 0.044556133449077606, 0.016474246978759766, -0.07357964664697647, 0.030103566125035286, -0.07911416888237, 0.01257373858243227, 0.04903990030288696, -0.02366744726896286, -0.014374599792063236, 0.0919046401977539, 0.017512567341327667, -0.05438090115785599, -0.0436408668756485, -0.00032269302755594254, 0.003225363790988922, -0.022309284657239914, 0.017803722992539406, -0.015111297369003296, -0.04405330866575241, -0.022351311519742012, 0.09140041470527649, 0.016402103006839752, 0.018162596970796585, 0.0016016168519854546, -0.02191760763525963, -0.009219761937856674, 0.009435726329684258, -0.050304584205150604, -0.03633851557970047, -0.001464636530727148, -0.0008687358349561691, 0.06488251686096191, -0.035868532955646515]",,['ef7b2e3df4421f60cf0cc41f785175a329469f01c3b17e9830748271a43e8cf7'],1547824038433
306,840a083a22b60ec24d467d67a84ff234870c89c186cd9c6da987996e6747b4f5,"[-0.2059694230556488, 0.20198966562747955, 0.31175529956817627, 0.21860793232917786, 0.002768895123153925, 0.1260661631822586, -0.054336752742528915, 0.0929008424282074, 0.14246784150600433, -0.13922709226608276, 0.17482393980026245, 0.0007159775123000145, 0.025330638512969017, 0.00059874402359128, -0.004841063171625137, 0.051686178892850876, 0.029701318591833115, -0.015943439677357674, 0.02725200541317463, -0.022711973637342453, -0.03288372978568077, -0.011250324547290802, 0.018219435587525368, -0.013703955337405205, 0.041607268154621124, -0.021521279588341713, -0.022314902395009995, -0.06041482463479042, 0.0028757713735103607, 0.015151174739003181, -0.007107909303158522, 0.01909669116139412, 0.010686241090297699, -0.04055239260196686, -0.06196644902229309, 0.03749934583902359, -0.08623991906642914, -0.0012454264797270298, 0.00628392631188035, 0.0005595028633251786, -0.01867513731122017, 0.007023167330771685, 0.009614969603717327, 0.01278254110366106, 0.021946562454104424, 0.055908143520355225, 0.024740194901823997, 0.028347916901111603, -0.018953947350382805, -0.0023974115028977394]",['f9fb6e01e0ed5c1a018b8bfe439237cdbf016eda6853c2d644661e1b3da5496f'],"['9558cec0186602c0d3eab35b9f05da2a84f82aaaaa891756d10d372d5aa1c88b', 'f56ab674ec01aaad7ee0767c8147d523634d7ba97202e630aa621de63f116b6e', '4c5c0608bead7e4b06fae593de3f70fb2c839652e0d22b82b7f6de1b474c1eda', '293231f99098fc9552a19111d8ed7b6188bf0721b1a5016e9213ea20dfe3d6ae', 'f9fb6e01e0ed5c1a018b8bfe439237cdbf016eda6853c2d644661e1b3da5496f', 'fbb99a11d43df80b6e57ec546f35327ab11e3a2befbfc3aa873d686643b28208', 'd73fd9aed157d67cd5d1ccc4efe17f821c0aecd9646e49b4e123a3cc82929ab0', 'b35e4a9f3da63b4b4610f8992e9e518f878d15f7b1521734329f8800ad2ca5a1', 'be67db031adef0d334ccbcc9fa22fe0794465b74c844b2987756b5348c2cad1d']",1550029440017
307,63144811440dc07641169470bd42c5d032a0c91860651397952c40ffe67b9234,"[-0.08614829182624817, -0.19460606575012207, 0.1051115095615387, -0.10108892619609833, -0.014659914188086987, -0.16160349547863007, 0.1383812129497528, -0.09990942478179932, 0.15762433409690857, 0.04576345160603523, -0.04143556207418442, 0.0033817579969763756, 0.1805676817893982, -0.1470385193824768, 0.15353511273860931, 0.025346601381897926, 0.07322107255458832, -0.0018893650267273188, 0.04567398130893707, -0.03762822225689888, -0.08150261640548706, 0.028115050867199898, 0.0319325216114521, -0.09114216268062592, -0.058749064803123474, 0.016436856240034103, 0.002776971086859703, -0.004979385994374752, 0.07247775793075562, 0.07542325556278229, -0.022667359560728073, -0.01815234124660492, 0.03209831565618515, 0.058556362986564636, -0.09639713168144226, -0.029675621539354324, 0.06467976421117783, 0.03601330891251564, 0.007559902500361204, -0.030338048934936523, -0.0017576143145561218, 0.03960806131362915, -0.025505587458610535, -0.030573036521673203, -0.007691210135817528, 0.05253593996167183, -0.04439409822225571, 0.011645425111055374, -0.013062400743365288, -0.04176481440663338]",['1ec6ce61f3fbadeb038f45724c8927c85e2cd1bfdfe33ec8cc66aaa744f6649d'],"['0f4bae708300efeed9e48ce83be4e002399f544ab7a32896d3f92a53832f2692', 'be6dc2d66ac37bbce44e889c69b92b2c026fd04578db2324f1e28c22f2802e77', 'd97cb1147901653fd77c4061847fa22d08eb2fedc64abf09a7757a62f846347d', 'e00532b3d1a4fa25e5b9fa21f6bc0bf32608ec5d47e9da5f10ffe65000caf0eb', '9877e18806be0665bcb4f0e193008cdf91e649e47e1b73b208950acc787b3872', 'c47b7975777ab542a16bf8a1c63d67f315d163a6e63f6f871b20b6ec1320044f', 'b141707118c345f406c4ce5ce3c95147874991c9d2c4d045af4af771987130bc', 'ef999682b49684b28be2f4d15f6aa0d4a1a513ce7e8aec92b606c7b57fe28e5b', '5ae1889ab597907bf4b44fc0633010986799ff05ee4bed4a6f91c638db85d809', '34dfa609b07ec0636ea7069b0f6d407bd2b42bf71dccff99c72934701ca2aaf3', '716b58ad3ec4a16c093b06939d26da42e5b0c99f8ec7d0cd6a4f943f8882b4b6', '4f3d9c553c7dc36316afe5803c111a932e9a89ed960ff2250a47a468d1e6213c', '092b95f9835102b7e67e68cf42caee672de820209e98f8688b993c2292ded84f', '97930b6706dde6ac89ce336ecb4fcbd2b6742d9ec1c263aaacc2e669cb643317', '112e329c165d0e858389d39a210d0aa8688cea2b8baf99ca150ddec94efce156', 'f9e2ba5b074de75eb30d74f51d2d3f01af92b7b9fd267d792231354d782c9188', '523afa09a2263876c3570033b01ac1dfa0a75ce4d28ba7bf6cef29405a2ef860', '1ec6ce61f3fbadeb038f45724c8927c85e2cd1bfdfe33ec8cc66aaa744f6649d', 'b2b7a73f3e34910930b21268542897267bdf2d3e01b2395f48e017b7df6208f6', 'fc76924db3db4e35fb5e457a8a47a9ede80279b69cecbf3848c84b0dd1c7dca2', 'a8b03d9e799ccdca8fe17209f89c175d4687a831a11a6337bffb61b9d3ede99b', '4e292b2c4cc32a1244d5bddc312afa38013cc1d3bb63ab7d322f470e174aac35', '6087e09a9df595e2e4b40a57ca949b3eddfec07b336b88cf521778fe080b8236', 'b48fd868605036706fe47ce368ebacf1f08aa73612dce40d76621726c93b7458', '88e3e85365b728e16a325f3b6601f7af252e6c805ae3e23360a8e7d80ae84649']",1548562363769
308,ee1a57e4527eb6e1aca7a250c35ec55e438263f04eab76c1099ab53f19a1c77e,"[-0.24400582909584045, 0.09729892760515213, 0.03473959490656853, -0.11641652137041092, -0.18043477833271027, -0.0005620718002319336, 0.07978984713554382, 0.037374142557382584, 0.044006455689668655, 0.008928189054131508, 0.064510777592659, 0.06155329942703247, 0.03264603763818741, -0.10763897001743317, -0.040161170065402985, 0.16623947024345398, 0.19102215766906738, -0.005353076849132776, 0.13264596462249756, -0.12138229608535767, 0.1348278671503067, 0.02387217991054058, -0.12390686571598053, -0.1917358785867691, -0.06369315087795258, 0.12183896452188492, 0.07189616560935974, -0.0541374608874321, 0.12819156050682068, -0.07773986458778381, -0.0386265367269516, -0.050577111542224884, 0.06670873612165451, 0.07724150270223618, 0.044890716671943665, -0.04390981048345566, 0.00406431220471859, 0.0021873917430639267, 0.05028325319290161, 0.039455801248550415, -0.09104394912719727, 0.004682241473346949, -0.010202622041106224, -0.038531914353370667, 0.05613413453102112, 0.002204369520768523, 0.018067386001348495, -0.1088951975107193, 0.05993202328681946, 0.0708329901099205]","['a57dde7872c843c9bca715a0e8f4fb43e3a035ab63b2d87a2f6babae6af76a4d', 'a57dde7872c843c9bca715a0e8f4fb43e3a035ab63b2d87a2f6babae6af76a4d']","['7f87c0151dd80446299caf0977f52e59f6ec3c0696d283fb9215856496fac04b', '4a148c2f921d60b96b74f6f954b099495c673abeb0336645cf256f7bd1e9f8c2', '3ced86d4998d5f6238e8833590485d39e8e8d53eb47147af782c72d150678e31', '521369b3c42daaef0624f6738d5e6bc37c7f5e07c5f8fdf2bc338a8529ce7226', '9c3a9df4792374ea5bd7e1c2fa684c8892a148aa252734ec93c4d8961ab84d55', 'a57dde7872c843c9bca715a0e8f4fb43e3a035ab63b2d87a2f6babae6af76a4d', 'dcb1c020a9294db9dc611c256a0c11f50f048b65613770cc75e850ba2c9925ce', '28ae8069ddfb40c8a981cb4b6b50dece72732da204b8058707697961b0cf5077', 'bd40ac9e3eb8063ade117f621de31c705664173810c332bf48940863453fef00', '268fb7286d65f2b5cb4766a721269a9e8420fc6337e04a036d25a9d01863bd7a']",1549061014381
309,f7a806c4daff7bdfa638a3d6d1935470b1c254785394bca0e736c95d31a4bc50,"[-0.2678047716617584, 0.07910872995853424, 0.05780494585633278, -0.18067196011543274, 0.05048811435699463, -0.060281284153461456, 0.05617733299732208, 0.020482361316680908, 0.1102156862616539, -0.024370698258280754, -0.0076661184430122375, 0.04745563864707947, 0.19899281859397888, 0.028164196759462357, -0.010941272601485252, -0.10506366193294525, 0.005852860864251852, 0.012238987721502781, -0.04853656142950058, 0.06404684484004974, -0.0356811061501503, -0.027720455080270767, 0.018808091059327126, 0.061624035239219666, 0.007581660524010658, 0.04978101700544357, -0.03900191932916641, -0.012676794081926346, -0.007696794345974922, 0.014948997646570206, 0.028501885011792183, -0.05253787338733673, 0.016047341749072075, -0.029581449925899506, 0.0065241470001637936, 0.010227242484688759, 0.00307414960116148, 0.023051630705595016, -0.008537976071238518, -0.004399536177515984, -0.006142008118331432, -0.013922162353992462, 0.039336077868938446, 0.015215728431940079, 0.007847433909773827, -0.04557819291949272, 0.01575835794210434, -0.027662120759487152, 0.02461490035057068, 0.02129611000418663]",,"['fed97f4537a34fc8f80506d0d723623f283bbfe60ad58df49f800e5e4c68cbc1', 'fcf59ea06e00b39e7474fbcab000e31929476783d4035a7ede8817be0a63b3d4', '57c2176819a3d542ff1d606f059863a93bdf6ba507a8cc96ccc6a7e36fba2a67', '894cdf10672bbc43ee91897af3535b69487a74bd71a64cfcbbb0fa43c2a0d78b', '6a8055abf787fd55cfc8ebd9affaa69f3fef280a5af59efac03f48458da2b57b', '9ad476a01298bf51fa930b5d9d2a79a75ea0b0cc37b4170188171c8937c985a2', '6750b95a32c224424cc1177c0699ad139ba2818166f6e1fd506876ad4cf42aae', '673d9d9df9fcf68295ca73ab8b38b5c60b628813e3780612032956a68dd2fd13', 'a6449c9d0b0b5d0c962e1d8050b2ae1eb843ffe95be7401991a34ecb8221b3ef', '9dd3d99203cc3578c63cfc8bbddd64cd8012275de3abb16c68567c08b1395cbe', '8523431a1ce294b87e1011c45abfa1e2b5db4d6c812209c62979c60101aace95', 'e7f534807e3ef695c469420732661f12fcbb633bbc633de4f84fddfdc5d6601d', 'ece7810aab5552ebab19f8e0407d3f25a5c9c0c72edbec005a0def67fb18dedf', 'a1d88438eeeed6915f35303ea8d1c45b87dbfc2b18de520fbf3aec02b7af945a', 'd2c135c59ec407a184fd08afcfd59eab45985225b51b4ebb84c7eea5d6ea66df', 'c1cf292dcf858925a25b9bc3033ca0c31acb34b80e02d33216f5ac5764fcab96', '948987e89aa6b567117dda2d07f6bed41537d6233d71093af62d7fab9bd5762c', '769c9e07f5fe37792a1928eda82389327532820bcc06f4122efeb0b2fec7b00d', '7a01b9994b45141c8b6ce7c32ce57a8725affc973088e24cd21921630647125e', '71f8d700edc642d123613bce2d339a34e54af22e767e044065641c2d92d704e2', '609b018064ce47dde28b7adc930442fe4c56ce97305c44e940db36d1a1fc8311', '32d67db7655a3cd1deffb18c479fa2acbff64309df6306e40a58997bacb94214', 'e495a6547c275e5bd9042f7a16930de56a7bd801ed618a7379277bc32427e632', '85c5305514f7f152093d8d2ff1c59a971dc33ddf82bb1c85c839c7547914304c', '4e98ca30e24efa550014d2cadc4500446bb5969b59dfc428894b7504d0ab870e']",1548530244988
310,8958d36b8b65455fc96a19f456079ecd66ad497ce1381d29279af6f5e0bc4563,"[-0.042915523052215576, -0.07792025804519653, -0.022617563605308533, 0.05225949361920357, 0.1936710774898529, 0.052060820162296295, 0.005832732655107975, -0.07754737138748169, 0.07724462449550629, 0.0819142758846283, 0.20249518752098083, -0.04410066828131676, -0.04790797457098961, 0.16422930359840393, -0.008532118052244186, -0.04115283489227295, -0.026000583544373512, -0.02766895294189453, 0.010378001257777214, 0.02879885956645012, -0.07164256274700165, 0.08872665464878082, -0.009716110303997993, -0.049276456236839294, -0.02198394015431404, 0.17595097422599792, 0.02652294933795929, -0.03713018074631691, -0.04167867451906204, -0.04542435705661774, 0.013911941088736057, -0.054254282265901566, -0.05449829250574112, 0.01411522924900055, -0.021062977612018585, 0.003919532988220453, 0.028932936489582062, 0.022866539657115936, -0.012203104794025421, -0.004689311143010855, 0.021600592881441116, 0.10310389846563339, -0.004409134387969971, -0.030477244406938553, -0.0312601737678051, -0.005590104963630438, 0.01278362050652504, -0.04533100128173828, -0.018008779734373093, -0.00473547400906682]",,,1547669168403
311,30f6f6025f6df6ca25ec9a3c55319e359c77c5fa7ca5a6ba5287eef049f51e16,"[-0.18127399682998657, 0.055467162281274796, 0.09011679887771606, -0.0690954327583313, 0.1881527155637741, -0.02685469202697277, -0.0799831748008728, 0.06324638426303864, 0.02483617514371872, 0.002874203957617283, -0.2255200743675232, -0.017250344157218933, -0.1726679503917694, 0.17364907264709473, -0.06017459183931351, 0.0394032821059227, 0.02951487898826599, 0.038746654987335205, -0.0023526158183813095, -0.007818212732672691, -0.06686077266931534, 0.055896155536174774, -0.026229873299598694, -0.047895647585392, -0.029174894094467163, -0.012599343433976173, 0.033509962260723114, 0.003402767702937126, -0.007074865512549877, 0.026385288685560226, 0.027532394975423813, 0.006301309913396835, 0.008359730243682861, 0.06332787126302719, -0.026309676468372345, 0.04046830162405968, 0.007257633376866579, 0.04935276135802269, 0.006220975890755653, -0.019768008962273598, 0.0024255039170384407, 0.009307361207902431, -0.03666793555021286, -0.010225837118923664, -0.0029573943465948105, -0.021609976887702942, -0.024193283170461655, 0.03952933847904205, -0.026599448174238205, -0.0019807172939181328]",,"['b6fd4cf37fa8f60ac8289bb98a1ad3d44c84a522b4c480202356fd4120f2aa3f', '2dfd14e2e48d96e5765006b48eb139140a58700563a06aae9df387f76a23e226', '7c94567755ae2249e36a22b170b5c298f96c0c7e8ba31b488c781a0b0747bfc3', '1049e4d2236c1ea76377ff79212fb74158c6592094612bb7cf18153f90af9c16', '2523838976515d8af84ac3d080aa638fb6fe94d9718c80bb32186997199ed937', '65ebb9c39ef2b90dd0f3f170ea8f663b08cbfa44a54f6b87ccf49707bf6cd7d8', '8d4caf99d31edacaef9d5f01bb5e7bd62fb140cce15272ab9e7ad9a9e12315d2', 'e7eeee7a3c8ac185b907670c9789c6584788a98ff9108caf5413d975949505dc', '3711d25cb10bfa9df8d53e57d772d6507a1e7171357452aa4b3e1352a4a323e9', 'e09c442c700fe2aa7063bdf3a5f0a4313e3bfe4d234044e360704a993f614e79', 'f5f3dbfd66d6c9da25983377b7af1446d530a37bbfe79de7eee49730509548d9', '5936f85e795b2ebd0961d57ba4708a5467877f5983e99e194fa7fae4c2761d2f', '33afa83ba27a9b01053a568152d447459093bd5d9b2f3da4222c22520c21211e', '8c97154b9b72f9b538784220eee7732cba546e7b4c6f617075b076093109e5c8', '4620dde77cd2f1be277f30beb22ad92768b6520fd3b70c9eb52810f6dbc74733', 'f24689443cc19dcb3201120ba8272c92c409e4041e9ef17f612e11188736972f', 'baa999c5ddfd65b945236a3596d41e77a5d1a1d3529185c40ce471f6073069db', '53155e42100e1fd0b21f243abf3cc099715df9dbaebd03942ba4bee8b8e6f755', 'dbcea221336c1b497056ac9136b6688b21a31801eb8c02fe5ebdfc7b20752640', '2d223cf3567beeffcbbb59932303d9dd74152b2f6912d63247b59e378fa939b0', 'd26900d2e7e28b1a9fe2e776deecf9f98c77262f774d3748b39a54addc1c58a1', '57db5ca1fc16673533584e39e08cd38cf63c244d4fa38536f4913e71abb33573', '91b4395cff6933918a00a2a8ffe2096b77f2b95e4b76b1568480d5ded9e8fb13', '76e1ed44d410898ab37c1335470f206025608e64cc242062bdf9a65d86ff9b3d', '35acf46baca3f95b92fc22628d90ab191cfe52dd62e7341c2100b9cf4bc6decf']",1548338259465
312,30f6f6025f6df6ca25ec9a3c55319e359c77c5fa7ca5a6ba5287eef049f51e16,"[-0.17873871326446533, 0.059375882148742676, 0.07501241564750671, -0.07450955361127853, 0.2272224724292755, -0.019798627123236656, -0.08677664399147034, 0.1131972149014473, 0.0339287705719471, 0.006869496777653694, -0.2292441427707672, -0.012449409812688828, -0.14920033514499664, 0.1605110764503479, -0.04951402544975281, -0.004234372638165951, -0.02188332937657833, 0.055499494075775146, 0.003943839576095343, -0.003837788477540016, -0.039757221937179565, 0.032080426812171936, 0.0019476357847452164, -0.08913552761077881, -0.03968863934278488, 0.02151726558804512, 0.03514798730611801, -0.029672490432858467, -0.00855693593621254, 0.036302052438259125, 0.04091355577111244, -0.007987075485289097, 0.0070851389318704605, 0.06898476928472519, -0.014595460146665573, 0.04343677684664726, 0.0009252391755580902, 0.057695381343364716, 0.03060593083500862, -0.029760735109448433, -0.012092412449419498, 0.01204830501228571, -0.032452281564474106, -0.005595867522060871, 0.008713437244296074, -0.016595620661973953, -0.02636728249490261, 0.023073835298419, -0.03286620229482651, 0.006836453452706337]","['edf3a8478a0ad8085578b35105c652f2182726a151ed40a8d9465b70888b2abc', 'edf3a8478a0ad8085578b35105c652f2182726a151ed40a8d9465b70888b2abc']","['ef5ee8a39b75e22b9025307d25df9f6d36fb77a2621cbb17068929e496110f28', 'a499ebac2233c42253e6c4563cfa40aeca9141da1856157c2908e7268ab581b5', '3ce712455c2f1f60197a4de5453d5e99102fe72d552e704377cd8f186ecb7175', 'f3a0bf0b94aeb195231a6307b62e4d3c32db44d94480a8844f8047a133d09e65', '57e21759f0a721de09288e3971639fa5a667fed52b3193668b8fa51c6af15df3', '06ca5425560873a8c6448a7af2f50a161213566c05c715979fd5d81c3dd81d44', 'e61484e9c484e5a6c3bed6591b5cf35a045e7c20c4b0fa7c862a87c4c1c6e975', 'e7279d92a003b79c03ba9893bc7fbd26664aa855673851cd48fdc8414c8b129d', 'c82ca3d57fff496667e5af47b9a19e46812e0d4cad4ea223b4289ecd97240d96', 'f5f3dbfd66d6c9da25983377b7af1446d530a37bbfe79de7eee49730509548d9', '13265dac3e42219cdb051c500b7608e71a4b461c0f6f297b30c0b3653f7b73c5', '4cf890d09b5fe7b321c465b09e2212a9b14aa058bca274f298aa6a31d76b7c53', '8b790052dcd362867942b9010a249cdf723605252d03ad312a1d1f116da56fc0', 'c6c922a5a653298d06a4096b11e745dbc9cd20fb60f7e41dfd06e1e62fbdf780', '2eb728e1893912dee8ae109664b5b186dfc5b0927da453992004db112151970b', '007b7344a214076a3338a136f82fe31937ff914bad32de41c6d02c7f53b4f8f7', 'fcb9fdca5084d5c6f33a7dad2222cb62ba77f3fb7f0a802908c73662fa9bb157', '2c4d051dfa0357e6e545976a292fab2a38d09273a13fe05ebfce99eee2994892', 'c4c64205e219742aae61583baf97639583f2881f83b3e1bccb9ee6aa11140700', '51c5827d00c69508f347803cd7d9bba4b7f5a682c00cefa061de590e9a359aad', 'c57d35f7fe14df463b1c64c5747cbab64be36306ed89bbf829e7d8adf83c799d', 'edf3a8478a0ad8085578b35105c652f2182726a151ed40a8d9465b70888b2abc', '738dc6f76b02c7d586cec6384d0e2231e6095c58f27ab017d57708997b67517e', 'f43f3949752e477a7ab1163750ee369aac68c9ba4854bd64b408f1d2a80b9f52', '7b324ecff5784b60f461e585eaef4d1f741c961540041cc570a45516f334eac3']",1548338363319
313,30f6f6025f6df6ca25ec9a3c55319e359c77c5fa7ca5a6ba5287eef049f51e16,"[-0.1065371185541153, -0.11160045862197876, 0.006336750462651253, -0.03701946511864662, -0.03769088536500931, -0.04101485759019852, 0.012330228462815285, -0.04701199010014534, 0.03161337226629257, 0.06370019167661667, -0.004722085781395435, -0.05288660526275635, -0.06640582531690598, -0.027095362544059753, -0.022382983937859535, -0.01798209361732006, -0.011933324858546257, -0.009474603459239006, 0.0021933456882834435, 0.08767437934875488, 0.1297321766614914, 0.14063486456871033, 0.020442215725779533, 0.010039083659648895, -0.02950012870132923, -0.04546849802136421, 0.009588365443050861, -0.054280705749988556, 0.025016892701387405, -0.012044394388794899, 0.02587031200528145, -0.01059634331613779, 0.10341045260429382, 0.03997918218374252, 0.0005115065723657608, -0.05805595964193344, -0.04118742048740387, -0.04526345059275627, -0.030599139630794525, 0.0006233491003513336, -0.013262400403618813, 0.04456993192434311, -0.04164016619324684, 0.06030959635972977, 0.015103539451956749, 0.01845870167016983, -0.011538336053490639, 0.011692202650010586, -0.04517439752817154, 0.040071386843919754]",,['330e21faef1f8a5d4f50e0fb90228ec2eb5dcefa76e1955c3f73a9d5b3465647'],1548338484733
314,30f6f6025f6df6ca25ec9a3c55319e359c77c5fa7ca5a6ba5287eef049f51e16,"[-0.16789117455482483, 0.030314236879348755, -0.0610891617834568, -0.11402907222509384, 0.038590557873249054, -0.0037656095810234547, -0.0008825454860925674, -0.03785999119281769, 0.0023588519543409348, 0.06641162186861038, 0.039814576506614685, -0.08604463189840317, -0.11437522619962692, 0.01069953665137291, -0.02231333777308464, 0.09178385138511658, 0.17341016232967377, 0.019521161913871765, -0.01642000302672386, 0.03223702684044838, 0.011246264912188053, 0.23159952461719513, -0.03977252170443535, 0.14769795536994934, 0.04069310054183006, -0.09075592458248138, -0.011105230078101158, 0.03530058264732361, 0.04978374391794205, -0.027742117643356323, 0.04527470842003822, -0.01875581219792366, 0.11172021180391312, 0.021517375484108925, -0.020662128925323486, 0.015368889085948467, -0.048225272446870804, -0.03423795849084854, -0.054407998919487, -0.023317668586969376, 0.018320318311452866, 0.03710401803255081, -0.07946088910102844, 0.08077386021614075, -0.04408097267150879, 0.035069845616817474, 0.0016767848283052444, 0.04433745890855789, -0.022791344672441483, -7.104454562067986e-05]",,"['330e21faef1f8a5d4f50e0fb90228ec2eb5dcefa76e1955c3f73a9d5b3465647', '2360ab17198a9fdfa48d1267f5a6daf237dbe808d25fb9135db35a81f03b4e10', 'fe05fdaebbd13935662a1a4cb8d96ce6343f786be9f889a3be9a2c1f9e46bc3b', 'cbfc81d278567e13da5c52083547ee617b8d09dcad078b9340cdbd7861353f2b', 'c24bab9b18141ac1927a7d2bc7b1969de8156bb9d1d6e0026ef8147db2337564', '4d8dcde986858889d7fcb32737e7c569959cf91a062fdfde56ada2191e48da96', '8c1a3a2713b42b38f8c9c968e59077877d4bdbd0b15d16b20f8e1ca85661e00d', 'f30cb893bc3200b544c486d7332bf1c6d0598ddf9ed361c32a13ca51b4215786', '5de1e5e232019df12026c39f4083a38e85e2caf81fbcc618a05caa9f7e28ab9f', 'cf87079a617bae4ac481d465453895ed083a61615503186baf2987bc7182106b', 'bb758938745a90c3feb323312322d11ea5db43081f0f37ecc7cb1cfc8b6b466c', '5f82274a3fad0692a763cf5d52f96ecf3db681678aadbf088c0e87f56e58b4df', '75ee9ad8dcf2deaba89c3d2253197448b9313e80fe9cd86cc2d887677fca8235', 'b30dfa000daf53f74a7ef3a99f4794a88fa0ea0094d2a0b5db274845decf652a', 'a58b35077eeaf6eeb622c673f31e1be56ca4d32ff9a58a12e5ab64805145acd9', 'e0b57f4663a39a8bb57f7bb27a5238fd08f26daa256c7c918e1511f5e961f41c', 'b6756f523da8c97878381434796ae9d568fa1ceab9832b8b7cf5c08411e211b5', '0e2813c1209fbc034857dfca233149eae99764db32ec65db1a9f8c7e04bc78b9', '7ac6c40a613dff9c1d27bf7ea462d1b0d2f3fdd5a4ead1a06dd13a4f65c3a19f', '988c58c1e3425f3430a3d2e37726dbdaac257e2aa3d28759f295342bd8dda5cc', 'df2bc639a1c60a14df56c6dc503e55872cf737755f9272da13122965d111efff', 'cc8c5aca7fb2556192eba9412b3f253284da4617109ed092b669993609e1a1d5', '375f9c35487c33d528c80bd73fa017d09f11380db9ffd2c2ea52282657a6dd2a', '0fbc9e215e5dc6736d9856d441f9461beac70743bba504ce8377750f3101a38a', 'b9596473c42edc147332bf3895af4344b25388c30af0e6e666c5dc29a9153a36']",1548338494258
315,30f6f6025f6df6ca25ec9a3c55319e359c77c5fa7ca5a6ba5287eef049f51e16,"[-0.2408445179462433, 0.22726203501224518, 0.23723000288009644, 0.03612280637025833, 0.14758792519569397, -0.03588299825787544, -0.12515710294246674, 0.10779188573360443, 0.08512331545352936, -0.018262101337313652, -0.16796226799488068, -0.014414699748158455, -0.20033466815948486, 0.08354206383228302, -0.054451968520879745, 0.06375069916248322, -0.001611419953405857, 0.03194623813033104, -0.007457396015524864, 0.010666925460100174, -0.04328889772295952, 0.027821009978652, -0.06460641324520111, -0.015074544586241245, 0.012999912723898888, -0.03402818366885185, 0.027615191414952278, 0.05222932621836662, -0.0011391984298825264, 0.023013543337583542, 0.015090759843587875, 0.015115965157747269, -0.00045599526492878795, 0.05025103688240051, -0.058296024799346924, 0.007895098999142647, 0.011433170177042484, 0.04089837521314621, -0.012522969394922256, 0.002952967304736376, 0.002940748818218708, -0.02703940123319626, -0.032133061438798904, -0.023764174431562424, -0.018348801881074905, -0.004052586853504181, -0.014227046631276608, 0.031682051718235016, -0.0018965192139148712, -0.009546292945742607]",['0e1ae4aa1b3347aca868cdc38eda8d321d8b29bf3d9ec50f519e4dc05eb033ee'],"['b6fd4cf37fa8f60ac8289bb98a1ad3d44c84a522b4c480202356fd4120f2aa3f', '2dfd14e2e48d96e5765006b48eb139140a58700563a06aae9df387f76a23e226', '5ebaa4d023716242de162125112478c2659ee57049d605f29177ccd0c7ed0fc1', 'd251662ba381d1fcfaa83e0fe260803856dca03d2e8bd3e0be3c66b49717c690', 'c8200f9dd922290d17919e47cb2b95ee7ebc110ee2bbe9aaec637bc6eaac98e0', 'd7f03bff3ea65dfe53a6da967f0e750544b0381234656b8d20659ed864aec7a3', '3388422a54afd5a5f1e4a980e651fcecaa40a81e8b4fd5bd22cc0e07345c48ae', '80488713b0b1e7576c3d459665422c62ddc2764c4a68bda580ffcc41dd418c3c', 'ef3426766bc0a3bba4ce7432eb9088e255e77cad87a32961ff086a2f76ec1b87', '2fcec0946bacfa68f4c62a7bebe6cc6f78f4ac50463086abb9ef1566ebf70f54', '3a2f4f96c1aa2bcadc20b06a5cd4d2c7746ced822957420fcd7af51d6724069f', 'b58789490aa9a1d23cc9c4afde4bce8da8d1d31fe1295e7a2d427ce9ad9fdb45', '594ca9b49ddc40abcd5666756119e013527db8159efab119021a43ebed70e138', 'd7cd8d5b5b62cb31198cf28568b8e42cf88facd5a3e55002677eb9caa621df1d', '735a5c4b3e497339cdf1135f275145dcc1d4dcb22c69b58233d71057a4b8f9c9', 'a5e750b476655964d8c86675f81c04e31dce57fb0667da35f0fa187587db73a6', 'b579ce91e0e6a1fa014e4f44368cb45987b11af54920bddb4a1eef8c03e0327a', '0f05a64dcdc8b641f50b0bc727361d6e522865b9ff08c3b04a9b7fa0e669956a', '13cbd4105d5091c78dc21d7ea7c82c01ff822623ba108d63111dc7df78ddc961', '54c46e537affbfcb74b6e06ee6735ac98c90599892065380536d278fb64cd6bf', 'e2e6e69475c90f82181771402c0fcb3d285a5394e6caf914d5a4a17b195473d7', '6fa34afac986e87f4d9409928ee895bcd06f24fe69f802023b070d307750bd79', '12806c00e8939f2e9f9448df3c04b5f808cd1d69bf642636f2900fa765aa45ba', '0e1ae4aa1b3347aca868cdc38eda8d321d8b29bf3d9ec50f519e4dc05eb033ee', '0fe94367da3e4dc7a5253f28395970bc7830eba747b82fa8fc71d56028a01fa7']",1548338712570
316,3d8c7a97df4705fb523e42c738b11914bff46bf1056d4941b87df6cd733490eb,"[0.08814460039138794, -0.22385409474372864, -0.04815997928380966, 0.1401178240776062, -0.04231192171573639, 0.015893029049038887, -0.12616004049777985, 0.07409743219614029, -0.012373087927699089, 0.0015704240649938583, 0.056929223239421844, -0.030757933855056763, -0.11125420033931732, 0.04550726339221001, 0.06349638104438782, -0.10998612642288208, 0.09268033504486084, 0.06533487141132355, 0.12404333055019379, -0.12491226196289062, 0.06605282425880432, -0.06554922461509705, 0.014602460898458958, 0.06624121963977814, -0.13520273566246033, 0.0670837014913559, 0.12706410884857178, 0.014243314042687416, -0.0038372771814465523, -0.029626522213220596, 0.03705566003918648, -0.04214447736740112, -0.112656369805336, -0.05319361761212349, -0.06830742955207825, 0.0973736122250557, 0.15128222107887268, 0.13251659274101257, -0.035249803215265274, -0.012827358208596706, -0.15023574233055115, -0.06480035930871964, -0.039297785609960556, -0.07283949851989746, -0.02080167643725872, -0.042162470519542694, -0.01009831577539444, -0.136795312166214, 0.08923020958900452, -0.06800270080566406]",['82a8bf81d1af2ef6429ca35933e36b14d1d60535d8a20d6a7908c965ad0d86fd'],"['1433e86b3e574dd7201b31f2a728b6292ea05228c14dd34d13365dcac8420aea', 'b8feb8b39127dc7fe9ead12f668362d967c8b2d596f05cc725dda5760bda56de', '7442cd0b715b2e3b291140751b8b4da0b79731bc002b3492e76ade6f3358e220', '624c64292b399dae6f4829733dad7fc6081e316f041a282bf6f601e5c203cb2c', '96c7599880926d93273b47e72d7290b5e550cc98d382c679f1e0a5559fd3ae84', 'cefc8f3d6d118714933a2b5d70781dbcae16f21878cd9d6434fb2423fb1d816c', '0b2d1aeffe776256fa6664ff03fbd169e08a3c9cdcde83454bb3fb0736f91e8a', '2d6c9804d70352d8575d4256d533a693eca22063ebbe3386b743484afb428d2d', 'af178667ef99d41a88a15bdfb6b14ada81bada150d49c2990e70f099a740331f', '4fc1dc8343678f70aba28ddc8ec7f45ed4231ad6976c2bef464ba895235ae555', '59d1d1ad75dd8db90cfe3bd396d32cf0818c9ee8e7751b059c4cf6629cfcb60e', 'c889dbac50bb85aeae5dd9cf08a1f75ef3fa9744282e01bd89e0c1299ccef12c', '82a8bf81d1af2ef6429ca35933e36b14d1d60535d8a20d6a7908c965ad0d86fd', '6fa5bb6749931fc2e577aea45b783469362e1d76d038b851ab21e049e1311498', '2d5802c6f4f6e18e68bfda119bd9922456918bce749bcdbd0b3bff1313ea67fb', 'c6deba72bb6844ef259cc02fd3c43cc2f27d17d9581949911b515ca12a67697a', '27055b2b0f1b53aaf29b6d241f812cb2641389c5624123816f2c4b3ee46a4473', 'b9d3c5fd1cf9c731e54d7e04e427176b584374496268a68e02bf7c80c793dfc9', '201616b8c497144365c81f72a05aecd63b7d370b9739af3535e16a4ff22976d0', '5d0649e4658f7fe5e338967924b9dff7024be6129a139ec9309d83c63fbe2c92', 'a805936841dca11860047ba706278834fc384a6c74dbbf3207080267501defeb', '8868d69b14efe8fa4c15fc5260e362095c98abe109f9273767c5a4672565cb90', '176dca15c7feb509663b92c8e442f501d84ac3e53f0b31525ab525783dee31c3', '3c23ab791b11883e699b090dee343d150ecc20c94f18e82b642de2d1fdd51569', 'cbada3bff16d6aff6952e0ea3d6ed774f01f2e25e5b29dba30e74982c92a1ced']",1549136602519
317,1e1701ea6c5c1115ce32caa392d164dfcf260d9300b5189ee204efe6fb9a4b59,"[-0.14764198660850525, -0.036817923188209534, -0.06875231862068176, -0.08119088411331177, -0.0066521065309643745, 0.009536349214613438, -0.11130522191524506, -0.08889441192150116, -0.03462434932589531, 0.01269457582384348, 0.0058250147849321365, -0.061216145753860474, -0.03739539161324501, 0.02207273803651333, 0.006989447399973869, -0.01800915226340294, -0.01434226706624031, 0.04503592848777771, -0.010034807026386261, 0.008289679884910583, -0.004090914502739906, 0.09628315269947052, 0.10226361453533173, 0.0027976026758551598, -0.037455964833498, 0.04083310440182686, -0.007711706683039665, -0.07446271181106567, 0.022972170263528824, -0.017683936282992363, -0.015070116147398949, -0.007586166262626648, 0.008817456662654877, 0.0010425429791212082, -0.02168291248381138, 0.011695954017341137, -0.015567141585052013, -0.0037016873247921467, -0.02775411866605282, 0.009960688650608063, -0.025278281420469284, 0.024786844849586487, -0.03531673550605774, -0.010187489911913872, -0.019860876724123955, -0.0035628611221909523, 0.014859579503536224, 0.02678316831588745, -0.02652565948665142, -0.01928037777543068]",,"['800d47a8a104c90b159e698848e036b02653c9e654ca287dcfd09b94c6e15407', 'a9e009431f659ee5ac6120f45f3e8668da6cac95c4db83a74d241e2b126796e3', '613a30921e89085eeb02215b50c96d750daa3c91ddb932e3f557e7bcda078584']",1547763895076
318,1e1701ea6c5c1115ce32caa392d164dfcf260d9300b5189ee204efe6fb9a4b59,"[-0.17587733268737793, 0.05251903086900711, -0.10073673725128174, -0.13845916092395782, 0.16198796033859253, 0.022156964987516403, -0.1299930065870285, 0.10275667905807495, -0.039899393916130066, 0.07799896597862244, -0.020030997693538666, -0.052228882908821106, -0.06946766376495361, -0.02084059827029705, 0.07554997503757477, -0.008908472023904324, -0.0765807256102562, 0.04047933965921402, 0.026267167180776596, 0.039146337658166885, -0.008099328726530075, 0.12659063935279846, 0.08145743608474731, -0.023717716336250305, -0.01705927401781082, 0.06832584738731384, 0.0223837923258543, -0.0718323141336441, 0.05682099610567093, -0.0459509938955307, 0.0023691304959356785, -0.010509575717151165, 0.02568589150905609, 0.022147269919514656, -0.014447160065174103, 0.013091057538986206, -0.009183984249830246, -0.02277480997145176, -0.03598787635564804, 0.006774581968784332, -0.028355572372674942, 0.009528943337500095, -0.03794135898351669, 0.022469444200396538, -0.028284920379519463, -0.00378154288046062, 0.01355763990432024, 0.035379283130168915, -0.013622469268739223, -0.039306461811065674]",,['a9e009431f659ee5ac6120f45f3e8668da6cac95c4db83a74d241e2b126796e3'],1547763908066
319,1e1701ea6c5c1115ce32caa392d164dfcf260d9300b5189ee204efe6fb9a4b59,"[0.46522057056427, 0.15705174207687378, -0.043458711355924606, 0.037751175463199615, -0.021194295957684517, -0.11662673950195312, 0.05158865079283714, 0.0338590070605278, -0.0006932709366083145, -0.08354514837265015, -0.025426741689443588, -0.14754769206047058, 0.03562021628022194, 0.005006320774555206, 0.012300805188715458, -0.02781451866030693, -0.015346732921898365, -0.009467316791415215, -0.013043560087680817, -0.008035465143620968, 0.01905679702758789, -0.02794695273041725, -0.03700143098831177, 0.03815611079335213, 0.02212492935359478, 0.04557596892118454, 0.013616560027003288, -0.07666413486003876, 0.10027649998664856, 0.07057875394821167, -0.034267641603946686, 0.047465674579143524, -0.07877290993928909, 0.04070691764354706, 0.0456354022026062, 0.027261076495051384, 0.06605348736047745, 0.03912564739584923, -0.05362097546458244, -0.03727683797478676, 0.013520521111786366, -0.002883537206798792, -0.07003405690193176, 0.06565537303686142, 0.010774318128824234, -0.021705837920308113, 0.023035207763314247, -0.01706959307193756, -0.011625654064118862, -0.06873338669538498]",,,1547763934318
320,1e1701ea6c5c1115ce32caa392d164dfcf260d9300b5189ee204efe6fb9a4b59,"[0.2590855360031128, 0.12820196151733398, -0.10176815092563629, 0.01264458242803812, -0.03885272145271301, -0.14948350191116333, -0.08636212348937988, -0.018171492964029312, 0.013293255120515823, -0.0902930200099945, -0.034744031727313995, -0.18903547525405884, 0.08538618683815002, 0.0022732424549758434, 0.0034663891419768333, 0.013993936590850353, -0.01301582157611847, -0.014278849586844444, 0.031724896281957626, 0.02042313478887081, 0.03419181704521179, 0.002723236568272114, -0.014490686357021332, 0.019729644060134888, 0.0013243574649095535, 0.04345911741256714, -0.07641108334064484, -0.04344674199819565, 0.03602749481797218, 0.07256510108709335, -0.07709134370088577, 0.07951222360134125, -0.09584221243858337, 0.05681806802749634, 0.06565678864717484, 0.07604655623435974, 0.03498305752873421, 0.036360256373882294, -0.0662292093038559, -0.020994672551751137, 0.005909882951527834, 0.006170868407934904, -0.10476541519165039, -0.004464566707611084, 0.04131624102592468, -0.025864046066999435, 0.042953163385391235, -0.0099192438647151, -0.03772428631782532, -0.017848774790763855]",,"['775e4c551aa16017a6d386630bbd8ea63a2a590ce5b1634aac6c189502d5636b', 'bf06e967e2cddd2263c5c498aed3a0781d8f0c3440f4364dbcc60cd3f11d596e', 'b543e07ce627ef8934ecd9040604e11f6db97a6ac3f45b14ac1d99e92fc5e069', 'b97728ae57453f98a82fe47f63f29c40d4d9a78f4e9f005b57655e17ec22049f', '75181376e9467f36cd7af14adcd215fbbfba71fafd7295369fadeb7076beab37', 'd8e4461f6ae1d101065af05b40a384895a2f1e2817467cbb33c02eb20a2a8b57', 'ebb890f8ab7ff23d6c9a4ba84c09d05ecf2017f4464c828086c522a155b613df', 'b24ea2685865c8175d2d0f074f0e303b7d11dc6ff33b346e21ad97c8ea9d546e', '7d9e40d6ede226cdf39665484c221e258d482c8f6c0612e40a2e8c80d954989e', 'dc54bf44370e80feec2a0c5480d293eb9b5e20a4c2729d2b26a4dd1b42fe2e10', '6753365c5d2bde0f2e2459c815123071595739484d3fe1bf19bd3a88b026b693', 'c88215b32da4e9d29facfd287712c7021aed5530b4ebf170a9cdf9673951962e', 'b458bc0b9e6697ccb698ebe1e1f0255d8d6759250cd25fb3372356dd485427b1', '7d08162aca8840277e8e7cb661d75f8884378e3a99b0ac3a5d264233f2e51f10', 'ade23f24c63b4818c47ff37797c37178a1e77fb8789a8d7cfb597aebe849edd5', '66b0d28c0cd2ddf79fcf48c2dfdacf987e04645706266088740d992eb7e89335', 'f54d3f616fc117f9ce51e5bbcabd6c2d5da2c39c35c834959858783afdf5bf3f', '94fca16af58a36f21cebd595979f0862d046a4051fb0b9e2e5f1571ed0294866', 'ffbfa9bcf84e9fafde10df2315da17ce58f0ed6cf82a66f48622424790e07b4c', 'ebbc3e63d79ddfcb96b855abe7888049849b44273a41345db0dd121f76449c69', 'a8fb3ae19670d18ef803f477158f467c3559e1ffe27403cbe1a1c22d02fe716e', '81729e96b43ffc7d5a17931761c0636bafdc33f5098ee426a62321badb770d2f', 'c4b8f3ef81aae29fbd313b7bd95fd85c4f43992bd7bdcf68fb46beb174761625', '2821677c7601d823d049a57961ce6fef7a5f9214b732e480ed31bbe98e6862e9', '15d5b9b4d0c7dbd327e7c0b11c9f1fa3946e483308f4a4f316bd85d98db85ada']",1547763941696
321,1e1701ea6c5c1115ce32caa392d164dfcf260d9300b5189ee204efe6fb9a4b59,"[0.007631921209394932, 0.18611577153205872, -0.14933595061302185, -0.10658463090658188, 0.14578714966773987, -0.06473062932491302, -0.07153868675231934, 0.14684677124023438, -0.04834466055035591, -0.04161440208554268, -0.06344045698642731, -0.11013353615999222, 0.0023098979145288467, -0.06299477070569992, 0.044463880360126495, 0.025245435535907745, -0.038417864590883255, 0.030943261459469795, 0.007571759633719921, 0.0030747009441256523, -0.00703085120767355, -0.02549240179359913, -0.0019690683111548424, 0.0026257336139678955, 0.04813896864652634, 0.05258706584572792, -0.021607007831335068, -0.04484812915325165, 0.04642080143094063, 0.022164400666952133, -0.043643929064273834, 0.07683442533016205, -0.06343412399291992, 0.041543520987033844, 0.0436154343187809, 0.052644047886133194, 0.015236591920256615, 0.013198082335293293, -0.044855426996946335, -0.004452883265912533, 0.03377966582775116, 0.016286620870232582, -0.04198925942182541, 0.022513434290885925, 0.030579568818211555, 0.007351108826696873, 0.015479923225939274, -0.004144897684454918, -0.015602038241922855, -0.045770395547151566]",,"['167564ca737aa646c047378e65805aaaf505d516dcb147eaa0d299c3659943b4', '619f168608aa334040e41d35eb8668d79ac0b1b4b195725a9815943ef8cccfb9', 'deacf531f36a25c6829f0f173e0d076b6ce65042b8107ce0e6fe4f316acaa6af', '2aafbda142c1bb42377c0a6719fbe8eba87ffc0217986f1dd1a4b585bc44f44e', 'b3d8223c3c6b1489ab2ef2bf1ccd937a29813fb9c7198a05faddb1e72c61b682', 'd5b9893bd33974bb2da5630de5fc71a990066f77c6ad53cc0d7a2a10975df405', '7cea9026436955a0243c3c6bc8c71b9aeae80bf17a43d6a58d68a4caf158100c', '7f2bf92ee6d68e76bff3b4c34d28522c11430993f2a1bc07dbcfb29db4b6915a', '5f06ad68e7eb929271ea1fffcd03120f3bbca84722fd87d08fbab6c9a0b90fd6', '52294425542678c3859846877531c846af54cf46f51ba86ac75c482ad168be3d', '04f1207d6af5db69b192aa28f5734b2503adc19399784ada71e45fafbd7c6626', '6a7925afa00cbece16e9b4661890f0b06b07bffc70329ce9a1c890489b416a99', '545c91c635df25daac13efa4eeb2f781ca0b13c4db5454bde15208b3ecec96ba', '4ed32d7993879dd94130413cfaffe0e9d25a7321536687ae7ffed64ed1c76bd5', '5c098d7841bababe5c2a5a1d65925a6ac7f7b355e9b3bfc4282c77d0953ef740', 'f4fcf0d43cf7aa25d89d187198993a328304c41cbc23db93483572ef0d6802b4', 'd74af0435e46a17eaec923e9f2d97887deface87c0692c0b479f11348817f47d', 'c3df7ee9d1e8b296a37a9dccd7345563e90fbe6f8b5c26cf275a7dda37d62fc1', '96678b0add9df8b9123483a39a4a470491158467dd03d54f7b37126a41e4751e', '205157b67d887431e19437ebfb13fc479e996cbe460699e2600a28451caf70b7', 'fd9eed5afeebd65efce2ae92f23b1dd8969b36823a24dc29e8312300fa102fbc', '7394214f611769df4cbd92e021903cd6b15793780fa33d3510a72a23b47907c6', '87d0d00dd48c48156bb1e929b5af3a91367e0b46fbcc3c105900bcf81267d738', 'b9e78444cca2676f7c8fa3d96e07946f3e0083eecd4356da36666460a50c9abc', '5731eee1ad6e7af0d77cdc090b9211b9ac14f51fd802e40ff5b6f2622d6ce40b']",1547763957865
322,1e1701ea6c5c1115ce32caa392d164dfcf260d9300b5189ee204efe6fb9a4b59,"[-0.007433827966451645, 0.13766443729400635, -0.1365387737751007, -0.06321139633655548, 0.14953255653381348, -0.048194147646427155, -0.06406010687351227, 0.13672035932540894, -0.026339732110500336, 0.03963440656661987, 0.005307999439537525, -0.086397185921669, -0.02766895666718483, -0.031020577996969223, 0.04863964766263962, 0.00515546090900898, -0.058571480214595795, 0.041417136788368225, -0.0038398392498493195, 0.03818559646606445, 0.014842895790934563, 0.06496953219175339, 0.0251166895031929, -0.013768751174211502, 0.017525793984532356, 0.057976413518190384, -0.021773606538772583, -0.06752792000770569, 0.0983293205499649, 0.0026047471910715103, -0.03495250269770622, 0.03116479329764843, -0.04174938052892685, 0.06743824481964111, 0.003814459778368473, 0.015487531200051308, 0.02244798094034195, 0.009617774747312069, -0.05374094843864441, 0.01213404443114996, 0.015263255685567856, 0.01551011297851801, -0.04530777782201767, 0.02599029615521431, 0.027608143165707588, -0.015769584104418755, 0.002254377119243145, 0.036298129707574844, 0.0033105197362601757, -0.06628052890300751]",,"['9b0d9906b4d823e9721ac8026f47dca92aebea24aca8b407594bfea16906d846', 'ccf1f1fe253b982f6065b9e69ba870c918b74fe7f52957d8fc7f4b66c6cd96f3', '48820e10dbbe9a936bf3feddba97a7cdfb2f8ff4686473dbe09aaa86117883bc', '0be5c1e55c5043e680c95112cb3c76ecfc1502016d42f35a74b4dcd2308fb2c6', 'f161c8bf7ad314bb60f9954c192c80c3273eb9a9c4d672735f7d4eb75ebcc6be', 'f8c2536356a1e15c5c28b71df870a3584ac85d83a0a2d63fbdef98060ebe2858', 'a9e009431f659ee5ac6120f45f3e8668da6cac95c4db83a74d241e2b126796e3', '0f4bae708300efeed9e48ce83be4e002399f544ab7a32896d3f92a53832f2692', '82f6509e4d973b8f3739467dbf5a4f2bd67b21f54c75869052b46bfee802796a', '592feb62d331aba8bad672cc8276b8db0bb4d7395dcff7a877f620b3ee4cdf05', '6fd666c8ebe501fc26612f8fcf2ddbff95ef6ad738bde09fc769a927da3e8229', '933934d45a529deaab2956167409d258502c896e32786ffb3b6dfd6d50e5c901', '13ce9559b92b49a55fd4d79d6be754de057fa1e07a05ac3fbad4fc2c30429af1', '689000933b42060f13af0063fc12b1239325ca3e864a51f6de91ecd5555392e8', '35c0fb290b8d8aa4ca0b5ddf4c3b334f6eee8e9778eec54b7ebc20fd6818f2c6', 'f2bb988d26df8c32c10c95095be101ed20fd1a90967b6db4471d8c993933eea1', '64905aadfbe20b30e4fb11645263bd1e41fe4f1ff360de0dbc5a44a9ede2d559', 'e457d2940842bee33475014331d7703562844e1347db5724b353ff17fbbf7aed', 'd7281259bbf4e5666cb9dae970ce05670115f6662a75a2a4d77ac764d7b72a33', '9121d05299681be028de3fe9b1f82f91be3b2e02dbc39327f3dbf68bdfb681ad', '06d20e08432b4792713cb858e8632822b97d13ead91ce81d5546753b81cb0c79', 'cfd1fb15f796b721bc016d83adb3747dd2850addff2591d4d8bfef1ba140a16c', 'c42744c3ed2c80da72d976d65bc75d5900abd21edddbd2886bc2ee5abc18644f', 'f07119f3e1ec88f816f7bac678515394771eba915d2427eff6051c7284c05db5', '041e7359c9e25a602c8e14b0f3cfd4a083e07390eba1bbfc58f3fbe7fd099da1']",1547766545631
323,1e1701ea6c5c1115ce32caa392d164dfcf260d9300b5189ee204efe6fb9a4b59,"[-0.043120622634887695, -0.16266992688179016, -0.011785730719566345, 0.02793768234550953, 0.13043199479579926, 0.03338112682104111, 0.005824814550578594, -0.07677668333053589, -0.03762824833393097, 0.020408421754837036, -0.001960179302841425, -0.026772040873765945, -0.041281286627054214, 0.02338673546910286, -0.003193765878677368, -0.02004598081111908, 0.02457808330655098, 0.025227360427379608, -0.03328034281730652, -0.011540998704731464, -0.02309398353099823, 0.04474550485610962, 0.07891327142715454, -0.017083805054426193, -0.03936777263879776, 0.0023334608413279057, 0.017997529357671738, -0.07427550852298737, 0.02124449796974659, 0.009774919599294662, -0.005060901865363121, 0.012562498450279236, -0.04395681992173195, 0.010812151245772839, -0.011388124898076057, 0.011821379885077477, -0.015702346339821815, 0.02024000883102417, 0.03575286269187927, -0.015209997072815895, 0.007079980336129665, 0.04826687276363373, 0.004357953555881977, -0.006007330492138863, -0.012183783575892448, -0.028701884672045708, 0.008648204617202282, 0.027085864916443825, -0.03951112926006317, 0.015073014423251152]",,"['62b0b638712cd4acef5f9810684cd9aefbae2503bc9a0379bd334a0fbac5837c', '800d47a8a104c90b159e698848e036b02653c9e654ca287dcfd09b94c6e15407', '0f6598fb1bdff33984fa07749fc3920bb9e877279e43d2efbf5da8f2e72f68dd', 'f161c8bf7ad314bb60f9954c192c80c3273eb9a9c4d672735f7d4eb75ebcc6be', 'f8876ea422ddffc725ef8d6d036b5a335608d4141585ac6ec60436ec749fe541', '7f45775ac124fba728be782a30dfd7aeea116462b7ea8cdb69b8fe2a51d8b720', 'f68d352081d3a55eabdac2bada9acec2cb7e089b5a7887ca38ec8244427c552f', '3562b0d4adfa18625ff6f4ca7fa86a7b57b43859aa7ee3e1975ab1bc9154e69a', 'e245fe3376250040678a97150e3af18064a3a5155f418fb0aa38e4941d4e7cda', 'a9e009431f659ee5ac6120f45f3e8668da6cac95c4db83a74d241e2b126796e3', '613a30921e89085eeb02215b50c96d750daa3c91ddb932e3f557e7bcda078584']",1547766568991
324,1e1701ea6c5c1115ce32caa392d164dfcf260d9300b5189ee204efe6fb9a4b59,"[-0.13747519254684448, -0.006932009011507034, -0.07280954718589783, -0.09098240733146667, 0.22446930408477783, 0.03197338804602623, -0.0784875676035881, 0.14605006575584412, -0.027040325105190277, 0.09396831691265106, -0.007592896465212107, -0.056113652884960175, -0.07112252712249756, 0.0013640746474266052, 0.08157238364219666, -0.010344482958316803, -0.0384799987077713, 0.026123741641640663, -0.00854276679456234, 0.037840813398361206, 0.00017103832215070724, 0.13197672367095947, 0.06361192464828491, -0.044292520731687546, -0.03653835505247116, 0.06249551475048065, 0.03150707110762596, -0.0809134766459465, 0.04016377776861191, -0.029872827231884003, 0.0017388314008712769, -0.009025534614920616, 0.013126468285918236, 0.025068623945116997, -0.030205728486180305, -0.0004994682967662811, -0.012924384325742722, -0.008824227377772331, -0.012326497584581375, 0.005324406549334526, -0.027898818254470825, 0.03246341273188591, -0.0348002053797245, 0.03256344422698021, -0.01783166639506817, -0.026057595387101173, 0.004016535356640816, 0.04202960431575775, -0.017906635999679565, -0.024865005165338516]",,"['f161c8bf7ad314bb60f9954c192c80c3273eb9a9c4d672735f7d4eb75ebcc6be', 'a9e009431f659ee5ac6120f45f3e8668da6cac95c4db83a74d241e2b126796e3']",1547766586130
325,0e4e778f9c644667f1c0921230872d00299d25df77875390721472aed26ab150,"[-0.23531876504421234, 0.13905704021453857, 0.13838040828704834, -0.09210178256034851, 0.06353328377008438, -0.09045785665512085, -0.03771055489778519, -0.1110963225364685, 0.06267974525690079, -0.06055325269699097, -0.21856456995010376, 0.05022130906581879, -0.02062152326107025, 0.06624511629343033, -0.0861792340874672, -0.026115648448467255, -0.003171586198732257, 0.0676465854048729, 0.03222896158695221, -0.029885949566960335, -0.020495442673563957, -0.034477706998586655, -0.009571114555001259, -0.06652544438838959, -0.0241044070571661, 0.006632351316511631, 0.005664898082613945, 0.020809561014175415, 0.021153999492526054, 0.014894471503794193, 0.03644951432943344, -0.010918122716248035, 0.02782062068581581, 0.02190621942281723, -0.0673942118883133, 0.03004235401749611, 0.050533145666122437, 0.030459433794021606, -0.02372654341161251, -0.001099107787013054, 0.005601988174021244, -0.025661669671535492, 0.003371905069798231, 0.0076909177005290985, -0.017192596569657326, 0.04399808123707771, -0.009184380993247032, -0.019425876438617706, 0.018606670200824738, -0.01467839814722538]",,"['0b708eb3ceea79c4d5e7235adf13ad3f81aeac1822a483c4494e2d96be7faf5d', '7c3a33ec1a775b4954dc4114cee6c904c58d1d59284be0527814de96cafd6b85', '2d752e98e063ccc8fb7e3b51c11e905f6076f0b5f5fddc26bf941ed03e82793e', 'ae6cf024fd12e85519d1f944493009b9fb019cd6474a4470548f84edf35aeba9', 'e9797a2f345f11f368743d7eba6dfe3ef9492f8823a8cd7470728f92b2e7de30', '43c9de17da1fbfa007e4650f62a066975c7c2cd354bb239f8c583fcfb35cb7b1', '97c53558d12239d409eeb754c9231e6088e0a7be6f4d6cecf40b2094533f5835', '91832f8397564f281ebcbadf49f2e51aa4e8b2fb65855ae6e538fda13f5d8c76', '1e5ab001ca75a4d05a74be4c47f80535f128dc2d3fc7e46c881123a8f9ecf220', 'dae855d3d749ebf3f9d6fdfff0e4fe48cafb70d6b9ef12d2c635bc53c3c46f57', 'e0d975b30ad94cbb1cd5ca09b70f8fc40bbd65a887a9981085a5fb7248399c31', 'ddffc06a2bca4c83bf2c540c31fce29e141e31566ddb8fa30b1948b6064700a6', 'b818b1a3382cdbf83d674935767d109ca546ea822a29b5ddc04a07f01ccf7cbc', '77b7c4850e7ddad2ffa81af4379a3ae25d9107902fbd419d8312e0ee4067d70c', '42906e88d4ce24294d2274f7e0b8a4e111955895222467dc976bb4674bfdc1f3', 'cb2fd005729553054b15e8e5151a2ed0627eed4f70457fa93ca5fffa8d7ea971', 'a9dc09fbcd83ff912a99a684470e6e2bc1bff4a8f9cfe4f25df1cbf34d6d71c3', '8dc92aa0e081fdeab00c0974218d455e04441a53e677a794139219e9c62c3e0d', 'ff1c2778ddb99f8a279f0b4bd915b637f655e4c76a8dee1e183c14bc5c8fa4c4', '7bbbe88f554e792fc58e48414cdb7a530e27acd6cefb179107e6f6bb3d4fa804', '64876ecd26a4f40844f336e6175fb6aec2c20df40406f40fd306aa2e69bc97df', '12a9d600ee162a91864ef164edba3a9330b387b086be946d2336fc141435e217', '72703f085be09f6dfb32c7f6400a82e992bb873fad8f328b59b3e87eaeb8f957', '0b90a1098c7b23d246bfd854476a7c5a7cac79f569f84d552949565efe309c7e', 'fef3fff6e0f28175fb99269f6d87c5300c11539c55806e19ad5c80a76f2c7ad8']",1548438634373
326,0e4e778f9c644667f1c0921230872d00299d25df77875390721472aed26ab150,"[-0.24067705869674683, 0.18450020253658295, 0.29418671131134033, 0.19282090663909912, -0.026587016880512238, 0.07378378510475159, -0.10579466819763184, -0.016279928386211395, 0.12240836024284363, -0.08905745297670364, 0.10346917062997818, -0.021405115723609924, -0.029519524425268173, -0.03310145437717438, 0.01678488217294216, 0.03220270201563835, 0.0006141131743788719, 0.0011899787932634354, -0.077681764960289, 0.04952714592218399, -0.0043817926198244095, -0.0224216990172863, -0.004757761023938656, -0.015628354623913765, 0.09463567286729813, 0.02541704848408699, 0.02956579253077507, -0.06338200718164444, -0.015458840876817703, 0.029216565191745758, 0.03198207542300224, 0.02639980986714363, -0.01978718675673008, -0.0045302980579435825, -0.05209248512983322, 0.025350822135806084, -0.06874201446771622, 0.0125911645591259, 0.04049215465784073, 0.012245966121554375, -0.02059493586421013, -0.02483310177922249, -0.022414758801460266, -0.037646763026714325, 0.0016047991812229156, 0.028685348108410835, 0.019778499379754066, 0.0019290149211883545, 0.007624246180057526, -0.012413788586854935]",,"['2368d10d82de8965ad4e704d52eab6b391b515a46691e6fd183929712f610be8', '45fd4f94ba202b05bb961d0a9c188a57b00aed32c4f514c9663ea4d5bbd47eda', 'a56a253e992478eda3e2e28149dfe0ddbc1a73135661f4c34be2a1cede2951d5', 'c84390ea4a1dcf31720cfceac936e1172d97578fac1aa50ebf70e0bd6379453b', 'fb51869c02e8ce19849450588a8a91a60194f54f52689015de3fc751e7339441', '0f05a64dcdc8b641f50b0bc727361d6e522865b9ff08c3b04a9b7fa0e669956a', '13cbd4105d5091c78dc21d7ea7c82c01ff822623ba108d63111dc7df78ddc961', 'cd47f527016c0f1c10ca8aa6c1fd4e8484d73645bcb8fba962f6e759bfd4362a', 'bb5a29da6e6aaa4fe42c513ce8e5fdffd9e277fae14dcec255f5e0f1e525d653', '4a39e41d1a6524fb0a332f2d75404313de8b26b37a250a017c183aa323b6c649', '336a87145af4be63dec57ec07c07135787fcb72e45e8ef0d36b984ce11157597', 'bb37761cd4e01a6bd9df3fac9a4a9cb4db4c5a6d6c1f5934ef9ada29ce0be10d']",1548438698629
327,0e4e778f9c644667f1c0921230872d00299d25df77875390721472aed26ab150,"[-0.27369099855422974, 0.2710281014442444, 0.22317752242088318, 0.09026312083005905, 0.06304287910461426, 0.045527711510658264, -0.09206795692443848, -0.03528521582484245, 0.08420321345329285, -0.004697506316006184, 0.06467507779598236, -0.043676361441612244, -0.09548449516296387, -0.02997332438826561, 0.023940369486808777, 0.12186886370182037, 0.1364479511976242, 0.0003496594727039337, -0.033008914440870285, 0.013413533568382263, -0.07664251327514648, 0.06297299265861511, -0.08263908326625824, 0.11598760634660721, 0.12640845775604248, -0.026199301704764366, 0.03745512291789055, 0.0523458793759346, 0.027144089341163635, -0.0022674230858683586, 0.0208449549973011, 0.035000644624233246, -0.03776746988296509, -0.001788147259503603, -0.05001736432313919, 0.050468478351831436, -0.03658314794301987, 0.023754052817821503, 0.01393105648458004, 0.012180836871266365, -0.005219649523496628, -0.008953912183642387, -0.021081287413835526, -0.030911490321159363, -0.047984424978494644, 0.000821676105260849, 0.008037293329834938, 0.0168929286301136, 0.009851964190602303, -0.007028469815850258]","['fb51869c02e8ce19849450588a8a91a60194f54f52689015de3fc751e7339441', 'fb51869c02e8ce19849450588a8a91a60194f54f52689015de3fc751e7339441']",['fb51869c02e8ce19849450588a8a91a60194f54f52689015de3fc751e7339441'],1548439113609
328,5b70a832edf73a9bb83735b5489c53cd55095d19ed03ba736757ec2a04d326e6,"[0.12317651510238647, -0.21889345347881317, 0.018711086362600327, 0.13979406654834747, 0.27180910110473633, 0.031078513711690903, 0.09665975719690323, -0.12229840457439423, -0.024325942620635033, 0.1199188083410263, 0.03133676201105118, 0.043861452490091324, -0.04137249290943146, 0.06314359605312347, 0.029677288606762886, -0.00014662044122815132, 0.02880031429231167, 0.036766938865184784, 0.04588804766535759, -0.04793904721736908, -0.03401409089565277, 0.03794266656041145, 0.08180813491344452, -0.065971240401268, -0.04915350675582886, -0.003504999214783311, 0.05229032784700394, -0.09655766189098358, -0.029922205954790115, 0.04502548277378082, 0.05821250006556511, -0.0015969090163707733, -0.06559151411056519, 0.023598581552505493, 0.008074373006820679, 0.03236435353755951, -0.015813007950782776, 0.07913629710674286, 0.0872751772403717, -0.04834103584289551, -0.007427026517689228, 0.07588174939155579, 0.039988696575164795, -0.018326392397284508, -0.010185266844928265, -0.0009502137545496225, 0.026641231030225754, 0.016857080161571503, -0.03280593454837799, 0.01360257901251316]",,,1548684778105
329,5b70a832edf73a9bb83735b5489c53cd55095d19ed03ba736757ec2a04d326e6,"[-0.07101796567440033, -0.10846999287605286, -0.031290095299482346, -0.00033283664379268885, 0.12350031733512878, 0.026613052934408188, 0.010714022442698479, -0.09750813245773315, -0.044429123401641846, 0.03445512428879738, -0.01170861255377531, -0.01841377466917038, -0.039757706224918365, 0.062657430768013, 0.035274334251880646, 0.0016672479687258601, 0.023326348513364792, 0.004390418529510498, -0.03295891731977463, 0.00017064705025404692, -0.026759061962366104, 0.02829742804169655, 0.04410812631249428, -0.025490496307611465, -0.01919564977288246, 0.014726351015269756, 0.017995163798332214, -0.0850156769156456, -0.013785265386104584, 0.009839506819844246, 0.020717784762382507, 0.0041347164660692215, -0.026348009705543518, 0.013754244893789291, 0.012975923717021942, 0.03631196916103363, -0.02960825152695179, 0.0303658340126276, 0.05031811445951462, -0.013696784153580666, -0.00286410772241652, 0.03849119693040848, -0.0029058754444122314, 0.0022694109939038754, 0.01430675107985735, -0.014660689979791641, -0.003467726055532694, 0.014558234252035618, -0.039601538330316544, 0.0031778113916516304]",,"['ca089db21669aabe32904308205ad3632574fd268e912c0c84ae887960986b68', 'd0b00258f78125b9fcc3e99a54e82af2c304d678dccaac48a3da086ffdde2589', '5c05011d4376242ed29a50d25215abccae158b49bbfb1ff48b1ccd0569cc7688', '20345cab144a88e2e55f8c7278a89065fc7d622d38db7a151cf9ec543efcbbfe', '4d1782dd678f2b68e43c4daca06859fa10171aa06857dc596495de77321ef67a', '66da095ec9e37e7936d131a8a4a5f85eb9cb7ffd1e755d3cb33cdc66fbb8fe94', '30b3adb33261ac4218efd618316d9ab93ce2cc91acd9adb38e1e62776d316db6', '00f18bf14f84b97de5d09e9363802f3f94518ae0164138564c449e5311aab3da', 'eeb0a7e55500a25b0f095c47599f81ad500f0191388feba33eab1186e1d93dab', 'c2c1ce44b352abacefc85225e7ebb44eec0e71cc77401b7c6a31c4909f6695a1', '31bbe1fa6d2fe405b057deab2fb9937319116873e4a9cac8ab70bca5d9538684', '3603f6ae22b1c744adb512d84f209d9b10bdcd1b1121f1e61ce3970367189c2d', '014d3488e6da05d2d7377f5dab698046517ce6f19cfd02e47bd34b6787e6f2b7', '29d8aefbc9610a19be007c7522e34274c176552f40348b97bab65e00bacc6558', 'bef27daabf56a923aad9178f8bb9a609fd593e77f1ff53298e4c77dc57a42ff7', 'abdcee04d22ff3d60610880b84917571ebe50541fea99658bd315ecd6f20c96c', '195bef64389b6c327e6287e0abcd20eda23b8c3a3bc631d583ee0c05a12a542a', 'af297a48c85ee0fb44d384720b7ef012f1af4c1ede14b081d96d45743bd6b770']",1548684893708
330,43e58c3b447f6d73fb2989daf4c891b35064c12a809bdec3aa3b2ea6820aa591,"[0.0629066675901413, -0.30310529470443726, 0.07124271988868713, 0.11849536001682281, -0.18180012702941895, -0.059018224477767944, -0.08064938336610794, 0.0598965585231781, -0.05430498719215393, 0.06240825355052948, -0.04927244409918785, -0.03130531311035156, -0.060229938477277756, -0.15887178480625153, -0.0776633769273758, -0.03807350620627403, -0.026753319427371025, 0.079227514564991, 0.06673255562782288, -0.11249825358390808, 0.026962652802467346, 0.01284317672252655, 0.10715711861848831, 0.03018263727426529, 0.06426214426755905, 0.035533539950847626, 0.0217567328363657, 0.030392995104193687, 0.02392481453716755, -0.08446761965751648, 0.13935472071170807, -0.02906041592359543, -0.08022351562976837, 0.09983222931623459, -0.08822452276945114, -0.030094020068645477, 0.017182469367980957, 0.0028539057821035385, -0.054506056010723114, -0.028568070381879807, -0.09678848087787628, 0.10807451605796814, -0.023058973252773285, 0.009032582864165306, -0.10061109066009521, -0.07157669961452484, -0.07581782341003418, -0.05718855559825897, 0.12508992850780487, 0.054351817816495895]",,"['179139c6c6fb6fcecd44773a514b90c257cdefd2a3d18986190ac415268febb1', 'f96f5791a87bb3d56acca6b1af2edc4ce65f7010cf142246008effe9f04d6455', 'ff34e2e34107de1076e741d18dc29a710e664d05a205b82164f13839cd17a3d5', 'd254700e08f31ea365b4ac90089f072b4ad12a11df872cb090161dd934c0ae5e', '643299c708e3a8896eaa9596a876cf8422859a2d3fb4eb7c12e2e0d47a365bec', '902552e633e509142dd3e0bfdccbca2ac73a4d0694f8199878c71320cb1fcaed', '5ade003c8b2179f4836b3b1eddd4445df01e7f36e4908fd8c0d605d706f3afd6', '6ea725808f64a71573a34b96ca3706de8c2490197c0d50fd9d0223666cf6fb5a', '81ea585269b1098a33a277b29315baaf393973717e999b9dfddb36ff7df8ed62', '559b8836cc7a784c608f7a95f467e3e8e86e5205501a415f143101bdbb1ef294', '63c529142c90eb6bc99e32abe00e8c3327e22579f96a3b00a7ec9791b6832e51', 'd2b9df96ea1c88d2cbc5e1f1d4cb932912639e0471f05ab6bbf926635bd9a4b3', '2babf887fc0e865494386a6514f35b688a130bd7c92e013abdeb803805c366c9', '24583fd618493070f9e2fcc9db439912447006d0864f322d33994b0d8c40031a', 'e5237b14d2893b14948c3862b4bdca6fac1ea4b3a580588d8464ac748763d5c3', '045dd920dfb78d576895e1a7f388637a260da9e9e4155732200c965dfad6534a', 'ded24c98471c28bdcb533e5d0144bf56e8f33af1f9d442bf5bba0930879620df', 'ceb215aa501e6c1dac05a4ad6447fd5308808a2b591dd42db0e83daaacf27041', '0d0377cc773875396ec2494e24bdce0e5e022fc5383c0a7f88df9f8ff6e968a6', 'c6c5164aefc014e18d5ff38b336bb354496a0b0623fd1125d2d2fe9aa4d5424c', '0b9f971034d320a956e238f3a93f589cd5aeead7648e857b46832b2b8c41968a', '99584f435027410f77f7ff3b2bdfc91c2c22da229aef9b5a03c56855065faeba', '230bc811d7c53f15b9498ddb919ceb685ec9f63f8b92546542e59d9ac9b37002', 'fef23c3f87d10d45963a7359c82f012fcc62294bfcf65bec1f6093e429ce941c', '48159063d4e7478f91942416cb41cfd81a8b80fc1eaeb77abc8817bf07411eb5']",1547909601259
331,43e58c3b447f6d73fb2989daf4c891b35064c12a809bdec3aa3b2ea6820aa591,"[-0.08372657001018524, -0.11540362983942032, -0.003950370475649834, -0.09904740750789642, 0.07648065686225891, -0.03540471941232681, -0.11368590593338013, 0.29622578620910645, -0.059288907796144485, 0.09521658718585968, -0.05327111855149269, -0.05929901450872421, -0.03681827336549759, -0.1249103844165802, 0.015280989930033684, 0.038340192288160324, -0.020694099366664886, 0.040486887097358704, 0.0008309388067573309, -0.04139236733317375, 0.01460043154656887, 0.011003578081727028, 0.03713672608137131, -0.05148475617170334, 0.042451485991477966, 0.0354321151971817, 0.025791754946112633, 0.003940374590456486, -0.021748822182416916, -0.05088017135858536, 0.07057927548885345, -0.00011896062642335892, -0.05008867383003235, 0.06285189092159271, -0.056470390409231186, -0.03545965999364853, -0.006838594563305378, -0.007335740141570568, -0.020637497305870056, -0.015426571480929852, -0.04605749249458313, 0.06751977652311325, -0.01948333904147148, 0.0028918199241161346, -0.05938437953591347, -0.051593512296676636, -0.04704229533672333, -0.02500123158097267, 0.06611695885658264, 0.030660420656204224]",,"['5ade003c8b2179f4836b3b1eddd4445df01e7f36e4908fd8c0d605d706f3afd6', '0b9f971034d320a956e238f3a93f589cd5aeead7648e857b46832b2b8c41968a', '99584f435027410f77f7ff3b2bdfc91c2c22da229aef9b5a03c56855065faeba', '9e849f8065897c8fd6fd077542b04cdd13e7beb159fb2a32721ccb9c627c4ce6', '1fb1802b39a9eb81da09d12bf8afb3ed434af9b07ed08aef943fa2db1ee96c58', '9a53a01dafa610405a57ed3bcbaee1a6b47790ea734b481fb6f7be1da743daaa', '5531ada3a8a337cd6f1e2e3117bff35c008a6e6ed8e49262bab2fd374ed1aff5', '574fad20db77341136c4aad4542e564bcfe8e1b416afeda9474b96d7fce38bfe', '807afb99c04166d3d6bd6410ed20fb5e57665467babb2f93c1f7032ba033042c', '95abe4e6b10887d090dd9e0527fa7ed9c7cb0fdcd57317bbcdb59bee32deae37', '2ce0dc7bd424bb6593cd69c2326dd6f3b438d53189f434133811a92916ed09cf', 'f6de585b04a61c8b20d326840a6608fa69e740005fb6d0d65a127d5f5929be47', 'a7956de15278c4d7fdecad14bb6d352ad6b2888038b950c02cc45de6746f9ed8', '42411a2a6853ce86ddf8abaf3073cc34399cac5d96a2cc2237eee1467b23b6c7', '15f8f455970f063314b86dc9e97985c1e6743a21e9fbd1f9b8c49798a453bc67', '89d982bbcf9b7426d36903a21c5aa768a1fa8c64f916421095f346e911539fc7', 'f72bb782fb622186dea1bde580997b78cbbdae4806ec6bbfa7a9b1393107f770', 'ad44c0ad17e5c6765bea4a955dd573effffb55a5cf770bc4bea2299fcd75eb61']",1547909686634
332,43e58c3b447f6d73fb2989daf4c891b35064c12a809bdec3aa3b2ea6820aa591,"[-0.008756892755627632, -0.23850984871387482, 0.05524758622050285, -0.06952397525310516, -0.12149105966091156, -0.09042775630950928, -0.06714992970228195, 0.060073502361774445, 0.03201284632086754, 0.11951258778572083, 0.06938765197992325, -0.10472916811704636, -0.027204541489481926, 0.0902213603258133, -0.07488428056240082, -0.04946582019329071, 0.08397504687309265, -0.03644545003771782, 0.06711399555206299, -0.009555388242006302, -0.021958518773317337, 0.09046106785535812, -0.011409047991037369, 0.0029036570340394974, 0.04751806706190109, 0.02898329123854637, 0.010377327911555767, 0.13873271644115448, -0.0258483923971653, 0.03953758254647255, 0.022607311606407166, 0.0811401754617691, -0.09203306585550308, -0.03909378498792648, -0.012525166384875774, 0.10531903803348541, 0.001233070157468319, -0.03237108886241913, -0.013012344017624855, 0.04325045645236969, -0.07009394466876984, 0.07939153909683228, 0.051213305443525314, -0.0639650821685791, -0.00912187434732914, -0.011483881622552872, 0.03718472644686699, -0.08574612438678741, -0.010061276145279408, -0.023321736603975296]",,,1547909730979
333,43e58c3b447f6d73fb2989daf4c891b35064c12a809bdec3aa3b2ea6820aa591,"[-0.021809840574860573, -0.3019411861896515, 0.1354355365037918, 0.027761943638324738, 0.14569248259067535, 0.004290712997317314, 0.03460409492254257, 0.2171565741300583, 0.014733652584254742, 0.07293681800365448, -0.04131133109331131, -0.029275210574269295, 0.13846229016780853, 0.09146641194820404, -0.058162324130535126, -0.030847063288092613, 0.2805505394935608, -0.039814293384552, 0.02015606127679348, -0.061335060745477676, -0.05028768628835678, 0.12629444897174835, -0.044070422649383545, 0.2077549397945404, 0.08107001334428787, -0.036909863352775574, 0.05542468652129173, 0.16453921794891357, 0.046490248292684555, 0.017189456149935722, 0.010543357580900192, 0.016890492290258408, 0.05938266962766647, 0.009905754588544369, 0.0025213584303855896, 0.05627547949552536, 0.04314277693629265, -0.024543920531868935, -0.07535885274410248, -0.014606195501983166, -0.014971008524298668, 0.037019919604063034, 0.03036164492368698, -0.009449297562241554, -0.015477806329727173, -0.044103801250457764, 0.01019847672432661, 0.013723259791731834, 0.01602517068386078, -0.01186092384159565]",,"['2cf8da738956a9cf51601c035c039f24a1458328bab5a58a994838e7496ae014', 'fce803eeaaccdb5fe887b5c8df63b37a0263cd09bb853fb6cd14786751d484cd', '3162e12955cf0d380dbc06985ed06a91ee796a85fd58dd1b24293824c394efd5', '388256aacd329efc156f1e8bd7ef81ff940cdfef7c00c2bef51ba24b6859fdda', '8ebd6cf32465ad8a34c05ce3823d2a78638bef36417b6fa9031a8961720be2be', '988df27b81530a1ed15f2a1e6602950d73729dc3681035e599377f76b050e1f2', '71437d9dd4717129ff14de87731d3e347a1e7bce59ec01d11823d7627d8974b7', '7cfe571d721db57b57816eda3052f46fcfc470f2c66f893026b93acbf9adae58', 'ecd64523f5bc65e6ebc4a4ff96f1436da4e84f8b24a2f24e31de8ad9d1d7c8c0', '33aadbefb7aef4ffd9a5bfa3ac7e73e19c3109b437d690bcc3bf8709ac1342de']",1547909737722
334,43e58c3b447f6d73fb2989daf4c891b35064c12a809bdec3aa3b2ea6820aa591,"[-0.07959195226430893, -0.09258393198251724, -0.040659211575984955, -0.04412186145782471, 0.0920596495270729, -0.025302402675151825, 0.014812050387263298, 0.05240777134895325, 0.02758130617439747, 0.05470780283212662, 0.1013370230793953, -0.05162980407476425, 0.024798009544610977, 0.07901973277330399, -0.07214988768100739, -0.05266089737415314, 0.16767559945583344, -0.05223551392555237, 0.044178202748298645, -0.04359506815671921, 0.021168548613786697, 0.0750236064195633, -0.10614046454429626, 0.04297325760126114, 0.07386429607868195, 0.018854713067412376, -0.01316628698259592, 0.1671122908592224, -0.04062460735440254, 0.059114791452884674, 0.01800563372671604, 0.050149835646152496, -0.03666934743523598, -0.07193399965763092, -0.028756408020853996, 0.07073214650154114, 0.06589300185441971, -0.08499500900506973, 0.00033763982355594635, -0.01870940625667572, -0.05774682015180588, 0.005912617780268192, -0.027048302814364433, 0.0016692907083779573, -0.051621660590171814, -0.041624732315540314, 0.011166363954544067, 0.006779167335480452, -0.0038667581975460052, 0.023964039981365204]",,"['a570929e58f5bfb57ec2f9a654f05ea4022116c5d62ce894bb232ad15ff08afc', '8ebd6cf32465ad8a34c05ce3823d2a78638bef36417b6fa9031a8961720be2be', '988df27b81530a1ed15f2a1e6602950d73729dc3681035e599377f76b050e1f2', '33aadbefb7aef4ffd9a5bfa3ac7e73e19c3109b437d690bcc3bf8709ac1342de', 'fce803eeaaccdb5fe887b5c8df63b37a0263cd09bb853fb6cd14786751d484cd', '71437d9dd4717129ff14de87731d3e347a1e7bce59ec01d11823d7627d8974b7', 'caae795bcdadce335e14da7af38addb8bff97893e963b47e2c87bfa5f0860944', '7bb2d1d3ba5f44deaaadedbc4dbe624d6b7feab5f7feb036e2ed44023e2d897a', '3162e12955cf0d380dbc06985ed06a91ee796a85fd58dd1b24293824c394efd5', '388256aacd329efc156f1e8bd7ef81ff940cdfef7c00c2bef51ba24b6859fdda', '7cfe571d721db57b57816eda3052f46fcfc470f2c66f893026b93acbf9adae58', '2cf8da738956a9cf51601c035c039f24a1458328bab5a58a994838e7496ae014', 'ecd64523f5bc65e6ebc4a4ff96f1436da4e84f8b24a2f24e31de8ad9d1d7c8c0']",1547909746768
335,4faad8e4d7a634916fba41a362a0c9dc0e90f0c2a6c2637bf361e87a17edd5fa,"[0.07741278409957886, -0.34129008650779724, 0.11136991530656815, 0.11426389217376709, 0.12869417667388916, -0.006733279675245285, 0.0707152709364891, -0.058942269533872604, 0.011650658212602139, 0.10151307284832001, 0.035405419766902924, 0.039197441190481186, -0.028367184102535248, 0.024126019328832626, -0.03265482187271118, -0.001260552555322647, -0.015067566186189651, -0.046283453702926636, 0.06071467697620392, 0.0065481653437018394, -0.04563461244106293, -0.03937101736664772, -0.011258454993367195, 0.013104218989610672, 0.005514077842235565, -0.024770919233560562, 0.03670945018529892, -0.012732822448015213, -0.027358509600162506, 0.005797054152935743, -0.02072807028889656, -0.005887448322027922, 0.003710743971168995, 0.0412265844643116, -0.008403944782912731, -0.06668761372566223, 0.009773628786206245, 0.02101506106555462, -0.003935832530260086, 0.04319803789258003, 0.039434947073459625, 0.0005210181698203087, 0.04251658916473389, 0.030525632202625275, 0.007444007322192192, -0.0045621395111083984, 0.0008224528282880783, -0.02629915252327919, 0.02872825786471367, -0.008873646147549152]",,,1548351465568
336,4faad8e4d7a634916fba41a362a0c9dc0e90f0c2a6c2637bf361e87a17edd5fa,"[-0.0033546355552971363, -0.2454853057861328, 0.08580751717090607, 0.08109024912118912, 0.10511161386966705, 0.010698809288442135, 0.08552226424217224, -0.08285097032785416, -0.0063728042878210545, -0.008098151534795761, -0.07507656514644623, -0.02179962955415249, 0.02211158350110054, -0.03686082735657692, -0.014956974424421787, 0.009816102683544159, 0.0015262765809893608, -0.003524347674101591, 0.07158553600311279, 0.008827250450849533, 0.044126056134700775, 0.0017541442066431046, 0.028463635593652725, -0.0027163932099938393, 0.020277859643101692, 0.030613642185926437, 0.029686560854315758, 0.01849873550236225, -0.00015210406854748726, -0.017003808170557022, 0.013561030849814415, 0.0226871557533741, -0.03376437723636627, 0.005814105272293091, -0.00898419413715601, 0.0074492571875452995, 0.027857521548867226, 0.010415380820631981, -0.011910825967788696, 0.03714916482567787, -0.009076221846044064, 0.005015897564589977, 0.006819623522460461, -0.014682192355394363, 0.024199724197387695, 0.011942700482904911, 0.008384836837649345, -0.023518498986959457, 0.0591304749250412, 0.016033869236707687]",,"['bd681ff1d8264c1f7a398d855e5fa57cc18fe86aed07f199e9cc8d6734f68dd3', '2435d32d37397fba2424984592517598a24a5f17ddaf9e4c7d8529f8b067a65b', '656f16d187223926abf3ba46c13ff6bad802e41b4cb892088219c95d59acbdf8', '4dbaf646b59d882029c592276200470b6857c3757f291aa90d5ff2951d8b50d4', '0ef3611b1fc7af76b12f9feb8e50768bf85cd27a7911ac2b50851c66edb6e9a3', '5611f67aa2cc098d2b0378b15acf511bc98c671e8046afb750e2faeab96e7b1d', 'ec21f59ecbb00373435710d1ac15da96b444403eb81600686c52d401fa9cf9cc', '00320b65aee24edfe958f6ec82fcbbac4e81e5132efd4635f0bd305b316c921c', '88f7fa1f91b053793234b87351596fa37a0131b899e656c903cc50289f971d09', '8908f219983cd5408b3f81ee40a6c744f9fd2e3ced5f10ec9b453c03a4fe4294', 'd922ee564e83f038a777414ea543cbe9f7e1a7b64ac66cf6254a236b77f711f3', '666160cc80923477e65aa3a2c90a4ca9d0c520ab8e910079e0634f7af6893f61', '5bf81609e38d0e0d9f09703c0c6af94650c658c84ef7f57202b6a6afed051bb7', '20aa3f5541db5833bcb91039c01cdda8a67eb2ccbe3f97685ee643ab3d25270d', '19d1d48ed45eefdbe123c4d72e18313187c7ef4ecd1af9a731553e8753c8d7bc', 'f055722612a0138b6a2f91f5e8a25f266a6dde2d88f7572ec944d030e3341ac7', 'b18af7262174b2742785e6a64bf888e9483480e256d4ca00526d2585cdc7e282', 'd260e5c1efe3ea6a63900e4bbb5d5dac40d683939cc2a8b71b0b76d281d90321', '1fd3e3497d96e7e37f401a7b3f3250f1bc50bd8c948ce070f9eae435ff3b9223', 'b3516f70e9f8efba2e31afd795e71560718042c9c8ca7fbd453a137ad292ffe0', 'b341fa431bbcda6f4449979f7747a1893d87e58691719f0ffcdf4c584f3bc25a', '14f7c1a4b84a1c94263e166d71f27eac50b759c4ddaf7e860471c6e9bafca0f5', 'aa01fbbab66ab0e4e89f84369ffcba3bc96092d2a5ccc64cc594416423fe7824', '64218c3ad1f7d1dfee61f8d90b4e915fb4b81e7f31ed6329cc04fe6f33c1f741', 'f6113aeb88ec0c1733a4bcaa6a40db2e0260d3048cb52b04f07983fc9322a1c6']",1548351655572
337,f8fe1d643b02e795ec342856b9e784e7c26886fa78c763a8c166ee40f4c7fbf1,"[-0.19157111644744873, 0.0023984014987945557, 0.1727248579263687, -0.10362975299358368, 0.0013228021562099457, -0.05884465575218201, -0.10267911851406097, -0.0009101146133616567, 0.058952149003744125, -0.05708303302526474, -0.23337900638580322, -0.01547058392316103, -0.10933399945497513, 0.20046040415763855, -0.1813773512840271, 0.00714726559817791, 0.07005789875984192, 0.03967937454581261, 0.036221835762262344, 0.002313423901796341, 0.008903512731194496, -0.041926395148038864, -0.03657430410385132, -0.11273999512195587, -0.038701120764017105, -0.004970435053110123, -0.012452051043510437, 0.011712559498846531, 0.009470021352171898, 0.025127461180090904, 0.01711876317858696, -0.01020705047994852, 0.057277072221040726, 0.036819688975811005, -0.024670744314789772, -0.03115900047123432, 0.014324869029223919, 0.02163507603108883, -0.010630197823047638, 0.010930527001619339, -0.018762387335300446, -0.04661842808127403, 0.0007353033870458603, -0.001017245464026928, 0.011043842881917953, 0.0233764685690403, -0.004509810358285904, -0.0034938505850732327, 0.0033934880048036575, -0.010938543826341629]","['39c1545acad50ce46dd47ab1caadeb0532eaf3cf8ee89049fd138d187f257700', '39c1545acad50ce46dd47ab1caadeb0532eaf3cf8ee89049fd138d187f257700']","['8cd27cd52720831d62c264377e0d396643466d7767b701dadf16d43ef303e78d', 'd1fa4f9d48cfdb498e5eb2a6d50b2a0910414e178d46f3046fe135f78adc0a5b', '73327d666c9b5e0a61bd99387b71f1f400e5857b2a85e6c86ae61421cd33a567', 'bd5f841f85ace84e6ed70342b6257695dbe24385f35a6475dd6d6c56016d2fe7', '327f6e6a19a0462266d83a97e0e4acc5ccf6fc5da66ca9ae029e0b276cdcbc6e', '68cb692606c1f45f66c6d1867e44601ef9f6828aba34bb4f4c880d6bd08a57d9', '39c1545acad50ce46dd47ab1caadeb0532eaf3cf8ee89049fd138d187f257700', '6386823d60a5c0854472283334ca19997fca457ca32caf079042d8beed9f802d', 'c5c367151ef3f884c29e0cc5ee965c6c9d007dbb1b9e1499b6ccda589d6e2ba0', '7e451748b3f0443ae74419bf1f8342ee75e77a7b23454f2a94e9550ab0cebb75', '58310fbad8c4b738635016665c90d4012e599768fed403f7ec578a71d7265447', 'dedb8f41c39fad6f88193ee152b09ad5d925c86047a646ee85af3372ca9896c6', '76e4fe0819e383bbea765d10770ce3f5e3732726d1becd3efb5a8903c031feaa', 'cc9daa2780d65cf9f7740304d2fb0093efe34c611bf30e442804e8e4fceff843', 'e59eea106edfe5896686de3f89c2d71c1cd7c23abc33849c36b76185e77fba31', 'd08093f3c8ee1fc6434c9ec414a951177b7e8e4eb498f957ee26ca90860c6c02', '1b1c06d4388a428d46ae1ebedef3964fbfd7ae26488f5adadb325e52c294955d', '29465070e95811a27115d2cdd3ce5af6ef0821e99ecb385ef11dcc0caf025ed2', '2ef80c4cc654c79d5c9f610edb94e32d3aa84f8cf03aa5701443110a2b15be77', '6da3c17381857b0bf54baf71ed0c285a8ca1cdc30182bd1140392fd6f40e184f', '85ff635071c020b2647ca9f5614c8935e6ece957548ee6ec55c788204ce8f6f3', '65772c6a08d360aa5120721839462404f157b5b920b7eb1cffe9e87a6ff15b9e', '6cf9b04054ecf38d92ffc3364578d17b38fea1f99c07f79287a3f0d7a6bc8830']",1549913849675
338,383606ef0852e66d7a65f645616c91343af6e45385dd5e3618463bb6655dd00f,"[-0.1557741016149521, -0.05413705110549927, -0.054997436702251434, -0.12790751457214355, 0.14055660367012024, 0.03205765783786774, -0.01620372198522091, 0.07004882395267487, -0.04089096188545227, 0.016480976715683937, 0.023037850856781006, -0.005314839072525501, 0.16925697028636932, 0.07473399490118027, -0.03928905352950096, -0.08971887826919556, 0.09256964921951294, -0.004344942979514599, -0.06351026147603989, -0.01582479663193226, 0.020249275490641594, 0.013319822959601879, 0.05918579921126366, 0.023847736418247223, 0.029639409855008125, 0.028301790356636047, 0.012962795794010162, -0.051330581307411194, -0.03844645619392395, -0.002901013009250164, 0.024922823533415794, 0.004994597285985947, 0.0035291488748043776, 0.009719916619360447, 0.006051152944564819, 0.007352769840508699, -0.020674929022789, 0.0012471918016672134, 0.03020384907722473, -0.00680154375731945, -0.00806586816906929, 0.025688163936138153, -0.007830590009689331, 0.004539483226835728, 0.02418530359864235, -0.013034610077738762, -0.012508049607276917, 0.0003891985397785902, -0.0030155277345329523, -0.0042896755039691925]",,,1547644136671
339,dcc0ada01a71bfe92d75a0a443525af494192a0efb45ae3e40f0408872779775,"[-0.1266201287508011, -0.0004321453161537647, -0.2090110182762146, 0.18186932802200317, 0.01647154800593853, 0.31532225012779236, 0.08621568977832794, -0.12370230257511139, 0.1282302290201187, 0.16514915227890015, -0.22648528218269348, -0.08084649592638016, -0.03610391169786453, -0.039590273052453995, -0.0009305905550718307, -0.0037736501544713974, 0.0021422943100333214, -0.09466301649808884, -0.0700640007853508, -0.08642584085464478, -0.0037449044175446033, -0.032880671322345734, 0.051006022840738297, -0.013151336461305618, -0.02125244401395321, 0.13534468412399292, -0.1297447383403778, -0.020514430478215218, -0.014966057613492012, 0.03710893914103508, 0.04060504585504532, 0.05364102125167847, 0.05515880137681961, 0.004565872251987457, 0.04431638866662979, 0.06162963807582855, 0.03152003139257431, 0.055300984531641006, 0.052436694502830505, -0.02375992015004158, -0.00019514374434947968, 0.042446572333574295, 0.041822437196969986, -0.00905443076044321, -0.05378076806664467, -0.03699192777276039, -0.03186535835266113, 0.021741896867752075, -0.010721223428845406, 0.013614624738693237]",,,1548721366175
340,dcc0ada01a71bfe92d75a0a443525af494192a0efb45ae3e40f0408872779775,"[-0.1266201287508011, -0.0004321453161537647, -0.2090110182762146, 0.18186932802200317, 0.01647154800593853, 0.31532225012779236, 0.08621568977832794, -0.12370230257511139, 0.1282302290201187, 0.16514915227890015, -0.22648528218269348, -0.08084649592638016, -0.03610391169786453, -0.039590273052453995, -0.0009305905550718307, -0.0037736501544713974, 0.0021422943100333214, -0.09466301649808884, -0.0700640007853508, -0.08642584085464478, -0.0037449044175446033, -0.032880671322345734, 0.051006022840738297, -0.013151336461305618, -0.02125244401395321, 0.13534468412399292, -0.1297447383403778, -0.020514430478215218, -0.014966057613492012, 0.03710893914103508, 0.04060504585504532, 0.05364102125167847, 0.05515880137681961, 0.004565872251987457, 0.04431638866662979, 0.06162963807582855, 0.03152003139257431, 0.055300984531641006, 0.052436694502830505, -0.02375992015004158, -0.00019514374434947968, 0.042446572333574295, 0.041822437196969986, -0.00905443076044321, -0.05378076806664467, -0.03699192777276039, -0.03186535835266113, 0.021741896867752075, -0.010721223428845406, 0.013614624738693237]",,,1548721366175
341,dcc0ada01a71bfe92d75a0a443525af494192a0efb45ae3e40f0408872779775,"[-0.1266201287508011, -0.0004321453161537647, -0.2090110182762146, 0.18186932802200317, 0.01647154800593853, 0.31532225012779236, 0.08621568977832794, -0.12370230257511139, 0.1282302290201187, 0.16514915227890015, -0.22648528218269348, -0.08084649592638016, -0.03610391169786453, -0.039590273052453995, -0.0009305905550718307, -0.0037736501544713974, 0.0021422943100333214, -0.09466301649808884, -0.0700640007853508, -0.08642584085464478, -0.0037449044175446033, -0.032880671322345734, 0.051006022840738297, -0.013151336461305618, -0.02125244401395321, 0.13534468412399292, -0.1297447383403778, -0.020514430478215218, -0.014966057613492012, 0.03710893914103508, 0.04060504585504532, 0.05364102125167847, 0.05515880137681961, 0.004565872251987457, 0.04431638866662979, 0.06162963807582855, 0.03152003139257431, 0.055300984531641006, 0.052436694502830505, -0.02375992015004158, -0.00019514374434947968, 0.042446572333574295, 0.041822437196969986, -0.00905443076044321, -0.05378076806664467, -0.03699192777276039, -0.03186535835266113, 0.021741896867752075, -0.010721223428845406, 0.013614624738693237]",,,1548721366175
342,dcc0ada01a71bfe92d75a0a443525af494192a0efb45ae3e40f0408872779775,"[-0.1266201287508011, -0.0004321453161537647, -0.2090110182762146, 0.18186932802200317, 0.01647154800593853, 0.31532225012779236, 0.08621568977832794, -0.12370230257511139, 0.1282302290201187, 0.16514915227890015, -0.22648528218269348, -0.08084649592638016, -0.03610391169786453, -0.039590273052453995, -0.0009305905550718307, -0.0037736501544713974, 0.0021422943100333214, -0.09466301649808884, -0.0700640007853508, -0.08642584085464478, -0.0037449044175446033, -0.032880671322345734, 0.051006022840738297, -0.013151336461305618, -0.02125244401395321, 0.13534468412399292, -0.1297447383403778, -0.020514430478215218, -0.014966057613492012, 0.03710893914103508, 0.04060504585504532, 0.05364102125167847, 0.05515880137681961, 0.004565872251987457, 0.04431638866662979, 0.06162963807582855, 0.03152003139257431, 0.055300984531641006, 0.052436694502830505, -0.02375992015004158, -0.00019514374434947968, 0.042446572333574295, 0.041822437196969986, -0.00905443076044321, -0.05378076806664467, -0.03699192777276039, -0.03186535835266113, 0.021741896867752075, -0.010721223428845406, 0.013614624738693237]",,,1548721366175
343,dcc0ada01a71bfe92d75a0a443525af494192a0efb45ae3e40f0408872779775,"[-0.23069609701633453, 0.23751962184906006, 0.23368039727210999, 0.16854725778102875, -4.882831126451492e-05, 0.039903268218040466, -0.09733323752880096, -0.018181387335062027, 0.15442001819610596, -0.037134941667318344, 0.20108690857887268, -0.0002273903228342533, -0.030143089592456818, 0.013107530772686005, -0.04890510067343712, -0.020370516926050186, -0.013638724572956562, -0.040732014924287796, -0.07738141715526581, 0.022438306361436844, -0.0036736400797963142, -0.08586832880973816, -0.08777906000614166, -1.12876296043396e-06, 0.044988200068473816, 0.01297006942331791, 0.01760277897119522, -0.03323167935013771, 0.02028089389204979, -0.05490468069911003, -0.04936477541923523, 0.013742521405220032, -0.06722575426101685, 0.003812282346189022, -0.0782657116651535, 0.06864091753959656, -0.06845080852508545, -0.08103403449058533, 0.09417760372161865, -0.06767262518405914, -0.08249332755804062, -0.004259789362549782, -0.032544855028390884, -0.022664738819003105, 0.020142609253525734, 0.06036447733640671, 0.019962487742304802, 0.04188653081655502, -0.02764057368040085, 0.019098861142992973]",,"['4e0e969ae7cdf453b31a6ba555f65ff1b84104431878ec726e3a6b176bd5322c', 'c8c633ead7535ba8e8424b1591ff238a9261f9500a9cbd1a4cc5d5a76e7b8221', 'a1160c6988a31ad3851cdfa401ba3a73bfb415ef18611cbe5c648192d8e83f81', '7840ded8ef6da91749c303fbdd10d9920f60d8aa135ef5c057bc72b3a00c53e4', '87926e9aa2d59b357be75679f7137c334f50b9079e7b6324229ec14b9126c863', '0221eb41620ed9eaa6ab33092f6e4e365648924d07edd6957b15b7d6a384a069', 'fa4f6ed1a464c9898b9dc69d494574c508201c333d2ec16806616bd7a60a631f', 'e3c30b1ca9efaf74fb64a74f2416121d3efe169936d8a7a35fa9a5a656ba0158', '350d733609b18601b249aefe707f0ed0c17168b9df2e57e9f32339f5e3606beb', 'a092f075a26ce6623dc9f45aa5e6b35dd209a4b32980a7506e31bc0ab800bd67', '6b2b809c93a3dace76db6770d6f6eb41a67e0a67de8d16a783b23653cadf90eb', '9903a42d264fd89f4498fb9ead6ee25f1bd77f2e523efe4733995838b9fd1398', 'aedb1d651625114565fb41a856828783e4226a454f83bff46d3acf08096fb94a', '74276ff6ebd9d9034bb4dbd29d067d2e7aae92e83f7d7c3660dd5da4447f7646', '1a970818d44c346e4e8eb9327ae558b82524f2444d7838529ad5da107ab8b60f', '9d069d6bed36cd959fef28215b60ba95e0c6b85ab5f492ea7bf8ec3081e85525', 'fe45dcfd6f593b14362d9185892ebc3a8c360f030c98ea90554ce2ca3f0158a2', '986aaa6bcfc47377006dfdddf972e44adb2af0d65b986d3e8d005967e458b47f', '9cff085d7884dd9b5eb7f68a90c50b140ba05c78fdd7099f56fec20b38203e9a', 'a297f4f8e3d9f9f555469bf2630f47e99a151a602e95f78e7c1c33c78b2ea326', '26ce666181e06a5c1894c39e85f134c2479f7b1e5b30ca4f74bda53df1ecc41a', 'bc054b074cf782e6abcdd2d331b0b6d4614dbb41c3a4009a4384ee1983ed6b0b', '73d843739e3df060bfd39c3f92e3eefd6023e74592c598849ebd5ee7a5ad554c', '994cf9a0501cdeacfaff709f251f9ef85dc804360b8922e2aa72aba6df007a6d', '4ef2e3a42113c6bcb5c9541f039a4e1f31171af9994c9b898b590b19c89c0ddd']",1548721470411
344,dcc0ada01a71bfe92d75a0a443525af494192a0efb45ae3e40f0408872779775,"[-0.23069609701633453, 0.23751962184906006, 0.23368039727210999, 0.16854725778102875, -4.882831126451492e-05, 0.039903268218040466, -0.09733323752880096, -0.018181387335062027, 0.15442001819610596, -0.037134941667318344, 0.20108690857887268, -0.0002273903228342533, -0.030143089592456818, 0.013107530772686005, -0.04890510067343712, -0.020370516926050186, -0.013638724572956562, -0.040732014924287796, -0.07738141715526581, 0.022438306361436844, -0.0036736400797963142, -0.08586832880973816, -0.08777906000614166, -1.12876296043396e-06, 0.044988200068473816, 0.01297006942331791, 0.01760277897119522, -0.03323167935013771, 0.02028089389204979, -0.05490468069911003, -0.04936477541923523, 0.013742521405220032, -0.06722575426101685, 0.003812282346189022, -0.0782657116651535, 0.06864091753959656, -0.06845080852508545, -0.08103403449058533, 0.09417760372161865, -0.06767262518405914, -0.08249332755804062, -0.004259789362549782, -0.032544855028390884, -0.022664738819003105, 0.020142609253525734, 0.06036447733640671, 0.019962487742304802, 0.04188653081655502, -0.02764057368040085, 0.019098861142992973]",,"['4e0e969ae7cdf453b31a6ba555f65ff1b84104431878ec726e3a6b176bd5322c', 'c8c633ead7535ba8e8424b1591ff238a9261f9500a9cbd1a4cc5d5a76e7b8221', 'a1160c6988a31ad3851cdfa401ba3a73bfb415ef18611cbe5c648192d8e83f81', '7840ded8ef6da91749c303fbdd10d9920f60d8aa135ef5c057bc72b3a00c53e4', '87926e9aa2d59b357be75679f7137c334f50b9079e7b6324229ec14b9126c863', '0221eb41620ed9eaa6ab33092f6e4e365648924d07edd6957b15b7d6a384a069', 'fa4f6ed1a464c9898b9dc69d494574c508201c333d2ec16806616bd7a60a631f', 'e3c30b1ca9efaf74fb64a74f2416121d3efe169936d8a7a35fa9a5a656ba0158', '350d733609b18601b249aefe707f0ed0c17168b9df2e57e9f32339f5e3606beb', 'a092f075a26ce6623dc9f45aa5e6b35dd209a4b32980a7506e31bc0ab800bd67', '6b2b809c93a3dace76db6770d6f6eb41a67e0a67de8d16a783b23653cadf90eb', '9903a42d264fd89f4498fb9ead6ee25f1bd77f2e523efe4733995838b9fd1398', 'aedb1d651625114565fb41a856828783e4226a454f83bff46d3acf08096fb94a', '74276ff6ebd9d9034bb4dbd29d067d2e7aae92e83f7d7c3660dd5da4447f7646', '1a970818d44c346e4e8eb9327ae558b82524f2444d7838529ad5da107ab8b60f', '9d069d6bed36cd959fef28215b60ba95e0c6b85ab5f492ea7bf8ec3081e85525', 'fe45dcfd6f593b14362d9185892ebc3a8c360f030c98ea90554ce2ca3f0158a2', '986aaa6bcfc47377006dfdddf972e44adb2af0d65b986d3e8d005967e458b47f', '9cff085d7884dd9b5eb7f68a90c50b140ba05c78fdd7099f56fec20b38203e9a', 'a297f4f8e3d9f9f555469bf2630f47e99a151a602e95f78e7c1c33c78b2ea326', '26ce666181e06a5c1894c39e85f134c2479f7b1e5b30ca4f74bda53df1ecc41a', 'bc054b074cf782e6abcdd2d331b0b6d4614dbb41c3a4009a4384ee1983ed6b0b', '73d843739e3df060bfd39c3f92e3eefd6023e74592c598849ebd5ee7a5ad554c', '994cf9a0501cdeacfaff709f251f9ef85dc804360b8922e2aa72aba6df007a6d', '4ef2e3a42113c6bcb5c9541f039a4e1f31171af9994c9b898b590b19c89c0ddd']",1548721470411
345,dcc0ada01a71bfe92d75a0a443525af494192a0efb45ae3e40f0408872779775,"[-0.23069609701633453, 0.23751962184906006, 0.23368039727210999, 0.16854725778102875, -4.882831126451492e-05, 0.039903268218040466, -0.09733323752880096, -0.018181387335062027, 0.15442001819610596, -0.037134941667318344, 0.20108690857887268, -0.0002273903228342533, -0.030143089592456818, 0.013107530772686005, -0.04890510067343712, -0.020370516926050186, -0.013638724572956562, -0.040732014924287796, -0.07738141715526581, 0.022438306361436844, -0.0036736400797963142, -0.08586832880973816, -0.08777906000614166, -1.12876296043396e-06, 0.044988200068473816, 0.01297006942331791, 0.01760277897119522, -0.03323167935013771, 0.02028089389204979, -0.05490468069911003, -0.04936477541923523, 0.013742521405220032, -0.06722575426101685, 0.003812282346189022, -0.0782657116651535, 0.06864091753959656, -0.06845080852508545, -0.08103403449058533, 0.09417760372161865, -0.06767262518405914, -0.08249332755804062, -0.004259789362549782, -0.032544855028390884, -0.022664738819003105, 0.020142609253525734, 0.06036447733640671, 0.019962487742304802, 0.04188653081655502, -0.02764057368040085, 0.019098861142992973]",,"['4e0e969ae7cdf453b31a6ba555f65ff1b84104431878ec726e3a6b176bd5322c', 'c8c633ead7535ba8e8424b1591ff238a9261f9500a9cbd1a4cc5d5a76e7b8221', 'a1160c6988a31ad3851cdfa401ba3a73bfb415ef18611cbe5c648192d8e83f81', '7840ded8ef6da91749c303fbdd10d9920f60d8aa135ef5c057bc72b3a00c53e4', '87926e9aa2d59b357be75679f7137c334f50b9079e7b6324229ec14b9126c863', '0221eb41620ed9eaa6ab33092f6e4e365648924d07edd6957b15b7d6a384a069', 'fa4f6ed1a464c9898b9dc69d494574c508201c333d2ec16806616bd7a60a631f', 'e3c30b1ca9efaf74fb64a74f2416121d3efe169936d8a7a35fa9a5a656ba0158', '350d733609b18601b249aefe707f0ed0c17168b9df2e57e9f32339f5e3606beb', 'a092f075a26ce6623dc9f45aa5e6b35dd209a4b32980a7506e31bc0ab800bd67', '6b2b809c93a3dace76db6770d6f6eb41a67e0a67de8d16a783b23653cadf90eb', '9903a42d264fd89f4498fb9ead6ee25f1bd77f2e523efe4733995838b9fd1398', 'aedb1d651625114565fb41a856828783e4226a454f83bff46d3acf08096fb94a', '74276ff6ebd9d9034bb4dbd29d067d2e7aae92e83f7d7c3660dd5da4447f7646', '1a970818d44c346e4e8eb9327ae558b82524f2444d7838529ad5da107ab8b60f', '9d069d6bed36cd959fef28215b60ba95e0c6b85ab5f492ea7bf8ec3081e85525', 'fe45dcfd6f593b14362d9185892ebc3a8c360f030c98ea90554ce2ca3f0158a2', '986aaa6bcfc47377006dfdddf972e44adb2af0d65b986d3e8d005967e458b47f', '9cff085d7884dd9b5eb7f68a90c50b140ba05c78fdd7099f56fec20b38203e9a', 'a297f4f8e3d9f9f555469bf2630f47e99a151a602e95f78e7c1c33c78b2ea326', '26ce666181e06a5c1894c39e85f134c2479f7b1e5b30ca4f74bda53df1ecc41a', 'bc054b074cf782e6abcdd2d331b0b6d4614dbb41c3a4009a4384ee1983ed6b0b', '73d843739e3df060bfd39c3f92e3eefd6023e74592c598849ebd5ee7a5ad554c', '994cf9a0501cdeacfaff709f251f9ef85dc804360b8922e2aa72aba6df007a6d', '4ef2e3a42113c6bcb5c9541f039a4e1f31171af9994c9b898b590b19c89c0ddd']",1548721470411
346,dcc0ada01a71bfe92d75a0a443525af494192a0efb45ae3e40f0408872779775,"[-0.23069609701633453, 0.23751962184906006, 0.23368039727210999, 0.16854725778102875, -4.882831126451492e-05, 0.039903268218040466, -0.09733323752880096, -0.018181387335062027, 0.15442001819610596, -0.037134941667318344, 0.20108690857887268, -0.0002273903228342533, -0.030143089592456818, 0.013107530772686005, -0.04890510067343712, -0.020370516926050186, -0.013638724572956562, -0.040732014924287796, -0.07738141715526581, 0.022438306361436844, -0.0036736400797963142, -0.08586832880973816, -0.08777906000614166, -1.12876296043396e-06, 0.044988200068473816, 0.01297006942331791, 0.01760277897119522, -0.03323167935013771, 0.02028089389204979, -0.05490468069911003, -0.04936477541923523, 0.013742521405220032, -0.06722575426101685, 0.003812282346189022, -0.0782657116651535, 0.06864091753959656, -0.06845080852508545, -0.08103403449058533, 0.09417760372161865, -0.06767262518405914, -0.08249332755804062, -0.004259789362549782, -0.032544855028390884, -0.022664738819003105, 0.020142609253525734, 0.06036447733640671, 0.019962487742304802, 0.04188653081655502, -0.02764057368040085, 0.019098861142992973]",,"['4e0e969ae7cdf453b31a6ba555f65ff1b84104431878ec726e3a6b176bd5322c', 'c8c633ead7535ba8e8424b1591ff238a9261f9500a9cbd1a4cc5d5a76e7b8221', 'a1160c6988a31ad3851cdfa401ba3a73bfb415ef18611cbe5c648192d8e83f81', '7840ded8ef6da91749c303fbdd10d9920f60d8aa135ef5c057bc72b3a00c53e4', '87926e9aa2d59b357be75679f7137c334f50b9079e7b6324229ec14b9126c863', '0221eb41620ed9eaa6ab33092f6e4e365648924d07edd6957b15b7d6a384a069', 'fa4f6ed1a464c9898b9dc69d494574c508201c333d2ec16806616bd7a60a631f', 'e3c30b1ca9efaf74fb64a74f2416121d3efe169936d8a7a35fa9a5a656ba0158', '350d733609b18601b249aefe707f0ed0c17168b9df2e57e9f32339f5e3606beb', 'a092f075a26ce6623dc9f45aa5e6b35dd209a4b32980a7506e31bc0ab800bd67', '6b2b809c93a3dace76db6770d6f6eb41a67e0a67de8d16a783b23653cadf90eb', '9903a42d264fd89f4498fb9ead6ee25f1bd77f2e523efe4733995838b9fd1398', 'aedb1d651625114565fb41a856828783e4226a454f83bff46d3acf08096fb94a', '74276ff6ebd9d9034bb4dbd29d067d2e7aae92e83f7d7c3660dd5da4447f7646', '1a970818d44c346e4e8eb9327ae558b82524f2444d7838529ad5da107ab8b60f', '9d069d6bed36cd959fef28215b60ba95e0c6b85ab5f492ea7bf8ec3081e85525', 'fe45dcfd6f593b14362d9185892ebc3a8c360f030c98ea90554ce2ca3f0158a2', '986aaa6bcfc47377006dfdddf972e44adb2af0d65b986d3e8d005967e458b47f', '9cff085d7884dd9b5eb7f68a90c50b140ba05c78fdd7099f56fec20b38203e9a', 'a297f4f8e3d9f9f555469bf2630f47e99a151a602e95f78e7c1c33c78b2ea326', '26ce666181e06a5c1894c39e85f134c2479f7b1e5b30ca4f74bda53df1ecc41a', 'bc054b074cf782e6abcdd2d331b0b6d4614dbb41c3a4009a4384ee1983ed6b0b', '73d843739e3df060bfd39c3f92e3eefd6023e74592c598849ebd5ee7a5ad554c', '994cf9a0501cdeacfaff709f251f9ef85dc804360b8922e2aa72aba6df007a6d', '4ef2e3a42113c6bcb5c9541f039a4e1f31171af9994c9b898b590b19c89c0ddd']",1548721470411
347,dcc0ada01a71bfe92d75a0a443525af494192a0efb45ae3e40f0408872779775,"[-0.011845597997307777, -0.2325112521648407, 0.06314955651760101, 0.051680803298950195, 0.11982505023479462, 0.03112570010125637, 0.025630254298448563, -0.014910232275724411, 0.05508916825056076, 0.005411848425865173, 0.06748399883508682, -0.06804254651069641, 0.054317932575941086, 0.010450098663568497, -0.008618343621492386, -0.013326727785170078, -0.01422740425914526, 0.05525132641196251, 0.08314530551433563, 0.005732458084821701, 0.013184047304093838, -0.03532406687736511, -0.014818632043898106, -0.008641654625535011, -0.03075222112238407, -0.04098401218652725, 0.011050762608647346, 0.018882764503359795, 0.011594053357839584, -0.0016514169983565807, 0.0018002325668931007, -0.012295158579945564, -0.014043283648788929, 0.00890834629535675, 0.022733673453330994, -0.0037752799689769745, -0.05741357058286667, 0.03915044292807579, -0.01933208666741848, 0.00963011384010315, -0.014536217786371708, -0.024739954620599747, -0.024301009252667427, -0.03423593193292618, -0.026109952479600906, -0.023439083248376846, 0.012592924758791924, 0.021134836599230766, 0.026785289868712425, -0.007823463529348373]",,,1548721513131
348,dcc0ada01a71bfe92d75a0a443525af494192a0efb45ae3e40f0408872779775,"[-0.011845597997307777, -0.2325112521648407, 0.06314955651760101, 0.051680803298950195, 0.11982505023479462, 0.03112570010125637, 0.025630254298448563, -0.014910232275724411, 0.05508916825056076, 0.005411848425865173, 0.06748399883508682, -0.06804254651069641, 0.054317932575941086, 0.010450098663568497, -0.008618343621492386, -0.013326727785170078, -0.01422740425914526, 0.05525132641196251, 0.08314530551433563, 0.005732458084821701, 0.013184047304093838, -0.03532406687736511, -0.014818632043898106, -0.008641654625535011, -0.03075222112238407, -0.04098401218652725, 0.011050762608647346, 0.018882764503359795, 0.011594053357839584, -0.0016514169983565807, 0.0018002325668931007, -0.012295158579945564, -0.014043283648788929, 0.00890834629535675, 0.022733673453330994, -0.0037752799689769745, -0.05741357058286667, 0.03915044292807579, -0.01933208666741848, 0.00963011384010315, -0.014536217786371708, -0.024739954620599747, -0.024301009252667427, -0.03423593193292618, -0.026109952479600906, -0.023439083248376846, 0.012592924758791924, 0.021134836599230766, 0.026785289868712425, -0.007823463529348373]",,,1548721513131
349,dcc0ada01a71bfe92d75a0a443525af494192a0efb45ae3e40f0408872779775,"[-0.011845597997307777, -0.2325112521648407, 0.06314955651760101, 0.051680803298950195, 0.11982505023479462, 0.03112570010125637, 0.025630254298448563, -0.014910232275724411, 0.05508916825056076, 0.005411848425865173, 0.06748399883508682, -0.06804254651069641, 0.054317932575941086, 0.010450098663568497, -0.008618343621492386, -0.013326727785170078, -0.01422740425914526, 0.05525132641196251, 0.08314530551433563, 0.005732458084821701, 0.013184047304093838, -0.03532406687736511, -0.014818632043898106, -0.008641654625535011, -0.03075222112238407, -0.04098401218652725, 0.011050762608647346, 0.018882764503359795, 0.011594053357839584, -0.0016514169983565807, 0.0018002325668931007, -0.012295158579945564, -0.014043283648788929, 0.00890834629535675, 0.022733673453330994, -0.0037752799689769745, -0.05741357058286667, 0.03915044292807579, -0.01933208666741848, 0.00963011384010315, -0.014536217786371708, -0.024739954620599747, -0.024301009252667427, -0.03423593193292618, -0.026109952479600906, -0.023439083248376846, 0.012592924758791924, 0.021134836599230766, 0.026785289868712425, -0.007823463529348373]",,,1548721513131
350,dcc0ada01a71bfe92d75a0a443525af494192a0efb45ae3e40f0408872779775,"[-0.011845597997307777, -0.2325112521648407, 0.06314955651760101, 0.051680803298950195, 0.11982505023479462, 0.03112570010125637, 0.025630254298448563, -0.014910232275724411, 0.05508916825056076, 0.005411848425865173, 0.06748399883508682, -0.06804254651069641, 0.054317932575941086, 0.010450098663568497, -0.008618343621492386, -0.013326727785170078, -0.01422740425914526, 0.05525132641196251, 0.08314530551433563, 0.005732458084821701, 0.013184047304093838, -0.03532406687736511, -0.014818632043898106, -0.008641654625535011, -0.03075222112238407, -0.04098401218652725, 0.011050762608647346, 0.018882764503359795, 0.011594053357839584, -0.0016514169983565807, 0.0018002325668931007, -0.012295158579945564, -0.014043283648788929, 0.00890834629535675, 0.022733673453330994, -0.0037752799689769745, -0.05741357058286667, 0.03915044292807579, -0.01933208666741848, 0.00963011384010315, -0.014536217786371708, -0.024739954620599747, -0.024301009252667427, -0.03423593193292618, -0.026109952479600906, -0.023439083248376846, 0.012592924758791924, 0.021134836599230766, 0.026785289868712425, -0.007823463529348373]",,,1548721513131
351,dcc0ada01a71bfe92d75a0a443525af494192a0efb45ae3e40f0408872779775,"[-0.16955092549324036, 0.12197399884462357, 0.18921789526939392, 0.1529971957206726, 0.005177833139896393, 0.06624845415353775, -0.06895927339792252, 0.02000013180077076, 0.12902915477752686, -0.06944137811660767, 0.21686679124832153, -0.04899904131889343, -0.06876751035451889, -0.013490471988916397, 0.026020467281341553, 0.0066063967533409595, -0.040963832288980484, 0.012543837539851665, -0.005282049998641014, -0.08531472086906433, 0.029450692236423492, -0.05191998928785324, -0.03665020316839218, -0.037429314106702805, 0.08291823416948318, -0.026101842522621155, 0.04615766182541847, -0.006637419108301401, 0.0007425714284181595, 0.07705488801002502, 0.03962147980928421, -0.01984669640660286, 0.031312908977270126, 0.023303650319576263, -0.03286624327301979, -0.007086015306413174, -0.04742927476763725, -0.01937675103545189, -0.003594556823372841, -0.030779147520661354, 0.014463887549936771, -0.007953861728310585, -0.04984690994024277, -0.009946204721927643, 0.018165243789553642, -0.003707829862833023, 0.05484690144658089, 0.03567064553499222, -0.017186323180794716, 0.024023570120334625]",,"['36be416449d6b30826289369470163b6b8e5d7754055a762a0ce07f4483e7dc6', '9ba2200e5dc5257dc0308de57e2ff5af7004a630da2ba812e2afb60774fa6d04']",1548721857923
352,dcc0ada01a71bfe92d75a0a443525af494192a0efb45ae3e40f0408872779775,"[-0.16955092549324036, 0.12197399884462357, 0.18921789526939392, 0.1529971957206726, 0.005177833139896393, 0.06624845415353775, -0.06895927339792252, 0.02000013180077076, 0.12902915477752686, -0.06944137811660767, 0.21686679124832153, -0.04899904131889343, -0.06876751035451889, -0.013490471988916397, 0.026020467281341553, 0.0066063967533409595, -0.040963832288980484, 0.012543837539851665, -0.005282049998641014, -0.08531472086906433, 0.029450692236423492, -0.05191998928785324, -0.03665020316839218, -0.037429314106702805, 0.08291823416948318, -0.026101842522621155, 0.04615766182541847, -0.006637419108301401, 0.0007425714284181595, 0.07705488801002502, 0.03962147980928421, -0.01984669640660286, 0.031312908977270126, 0.023303650319576263, -0.03286624327301979, -0.007086015306413174, -0.04742927476763725, -0.01937675103545189, -0.003594556823372841, -0.030779147520661354, 0.014463887549936771, -0.007953861728310585, -0.04984690994024277, -0.009946204721927643, 0.018165243789553642, -0.003707829862833023, 0.05484690144658089, 0.03567064553499222, -0.017186323180794716, 0.024023570120334625]",,"['36be416449d6b30826289369470163b6b8e5d7754055a762a0ce07f4483e7dc6', '9ba2200e5dc5257dc0308de57e2ff5af7004a630da2ba812e2afb60774fa6d04']",1548721857923
353,dcc0ada01a71bfe92d75a0a443525af494192a0efb45ae3e40f0408872779775,"[-0.16955092549324036, 0.12197399884462357, 0.18921789526939392, 0.1529971957206726, 0.005177833139896393, 0.06624845415353775, -0.06895927339792252, 0.02000013180077076, 0.12902915477752686, -0.06944137811660767, 0.21686679124832153, -0.04899904131889343, -0.06876751035451889, -0.013490471988916397, 0.026020467281341553, 0.0066063967533409595, -0.040963832288980484, 0.012543837539851665, -0.005282049998641014, -0.08531472086906433, 0.029450692236423492, -0.05191998928785324, -0.03665020316839218, -0.037429314106702805, 0.08291823416948318, -0.026101842522621155, 0.04615766182541847, -0.006637419108301401, 0.0007425714284181595, 0.07705488801002502, 0.03962147980928421, -0.01984669640660286, 0.031312908977270126, 0.023303650319576263, -0.03286624327301979, -0.007086015306413174, -0.04742927476763725, -0.01937675103545189, -0.003594556823372841, -0.030779147520661354, 0.014463887549936771, -0.007953861728310585, -0.04984690994024277, -0.009946204721927643, 0.018165243789553642, -0.003707829862833023, 0.05484690144658089, 0.03567064553499222, -0.017186323180794716, 0.024023570120334625]",,"['36be416449d6b30826289369470163b6b8e5d7754055a762a0ce07f4483e7dc6', '9ba2200e5dc5257dc0308de57e2ff5af7004a630da2ba812e2afb60774fa6d04']",1548721857923
354,dcc0ada01a71bfe92d75a0a443525af494192a0efb45ae3e40f0408872779775,"[-0.16955092549324036, 0.12197399884462357, 0.18921789526939392, 0.1529971957206726, 0.005177833139896393, 0.06624845415353775, -0.06895927339792252, 0.02000013180077076, 0.12902915477752686, -0.06944137811660767, 0.21686679124832153, -0.04899904131889343, -0.06876751035451889, -0.013490471988916397, 0.026020467281341553, 0.0066063967533409595, -0.040963832288980484, 0.012543837539851665, -0.005282049998641014, -0.08531472086906433, 0.029450692236423492, -0.05191998928785324, -0.03665020316839218, -0.037429314106702805, 0.08291823416948318, -0.026101842522621155, 0.04615766182541847, -0.006637419108301401, 0.0007425714284181595, 0.07705488801002502, 0.03962147980928421, -0.01984669640660286, 0.031312908977270126, 0.023303650319576263, -0.03286624327301979, -0.007086015306413174, -0.04742927476763725, -0.01937675103545189, -0.003594556823372841, -0.030779147520661354, 0.014463887549936771, -0.007953861728310585, -0.04984690994024277, -0.009946204721927643, 0.018165243789553642, -0.003707829862833023, 0.05484690144658089, 0.03567064553499222, -0.017186323180794716, 0.024023570120334625]",,"['36be416449d6b30826289369470163b6b8e5d7754055a762a0ce07f4483e7dc6', '9ba2200e5dc5257dc0308de57e2ff5af7004a630da2ba812e2afb60774fa6d04']",1548721857923
355,dcc0ada01a71bfe92d75a0a443525af494192a0efb45ae3e40f0408872779775,"[-0.09301330149173737, -0.006903970614075661, 0.001068374840542674, -0.0009403873700648546, 0.07756511121988297, 0.04314948618412018, 0.033917274326086044, -0.007023947779089212, 0.014060631394386292, -0.05598287284374237, 0.0939067155122757, -0.004418378230184317, -0.0019670207984745502, -0.04145823419094086, -0.0428781732916832, 0.07473836094141006, 0.03613140434026718, -0.015133120119571686, 0.09529784321784973, -0.06834127008914948, -0.011059650219976902, -0.001952730817720294, 0.05027768015861511, -0.02436232566833496, 0.006466159597039223, -0.01710851490497589, -0.013791754841804504, -0.04354314133524895, 0.008033896796405315, 0.030263002961874008, -0.013699069619178772, 0.003390935016795993, 0.019478529691696167, -0.0024316580966115, 0.011549577116966248, 0.009129167534410954, -0.01730365678668022, -0.007178729400038719, -0.0399613231420517, -0.015765123069286346, -0.010101139545440674, -0.005905665457248688, 0.00196504732593894, -0.01381692010909319, 0.024317506700754166, -0.02372962422668934, -0.006682081148028374, -0.021326547488570213, -0.031124785542488098, 0.004349780268967152]",,"['515a6c0cd7e9a6989cdf5635cd8d34e548787c7cf46846576b3c494596147ec1', '9e922bddee8a8ae0d913dc02b6d1d5994c7dd7326a96f2d75c0028999a144a10', 'a3a3011ce7489c5079c6c609212d360718bdf4e633e2c4e9575e95f3ec359bf7', '0aab5e8d6a15966eefc06a3d36a11b7c1f9ff55ce2bcb15ccae94246d7a19b2e', 'fec3d3c74c945735cc74e13578e6f328ab58d550e941b7f741075d220cbd2377', '4cf82dcfbaa07bb0a351050e129f7a467a9da7bffb4ae68482187dc68bbbbd55', '35bcda497cf9a5df97e89a62fba95fd5b07e4a4fa820261286588bbb9af8b857', 'bb08ac49ba6cbdd681419f9ce20478ca02314d36dd05d237a07dc51900c06bac', 'fecc166b64015894dd9725c0ac4add9eba78c6aefe56daad01aa6c31d6724053', '66cb2c81504cfde089b693e1d0b8b946e7958c198562885db94a6d04d501d9f1', '640ea8719078d0a2a5b1b1d3e59b3ed151e4d3249f290bc836d84324fca0a513', 'f0207d4ccf6b8118fd10fb4727e5f58e46d92648a1bee58dd18a9ae5d820885a', '377c02105c493365677d53b4c05e0c41a112269d802445add3cfc515e860c369', 'd14d8ee01b9542c988f180b849ee4a0be3ca91f543457feab4ad5f7e0bf43b65', '70443fb6862d5eb242d44fc2971679d96b214cbd8f75c62cfd122f577c983761', '2a4f2d8237634268013487983ae979db2a22fa86ce14a3cc982a9006f3ab64aa', '7061571f9b33cd64044f5ac635500618c084e65fc999afe46232ad6a8e7c6919', 'f819e353e192f7f30ac984b6ee3953f4878053b298395645a5e543306f011e5d', '0a23c1ccdb65f1eb6b60d8b3910b5950f328a3302134984ea1c0eda5d07072b6', '06c11514e84e8c974fca599d73cd892f7adbfb8cb32392ead20acf56125b3df2', '74f77885eb4ee4abbf5aee64bd5763fa4fef767de13ffd7f8b1042e783f2c771', '26ef9b3b4623698067e9a90a16f29e36d37d875235bd734e61b9aacb54016f8f', '0f22fdc083bae0003a68074266de3890d0752b4d11929df788003de0fe5230e6', 'e1a68712e672b032640f6e4d694122af459bea33899cc623e9ea31d2faf43329', '70126acf3d37647a94c254548b90bdbd2fac8c7d23e4e5d1b5c0c965c4eb1425']",1548722069385
356,dcc0ada01a71bfe92d75a0a443525af494192a0efb45ae3e40f0408872779775,"[-0.09301330149173737, -0.006903970614075661, 0.001068374840542674, -0.0009403873700648546, 0.07756511121988297, 0.04314948618412018, 0.033917274326086044, -0.007023947779089212, 0.014060631394386292, -0.05598287284374237, 0.0939067155122757, -0.004418378230184317, -0.0019670207984745502, -0.04145823419094086, -0.0428781732916832, 0.07473836094141006, 0.03613140434026718, -0.015133120119571686, 0.09529784321784973, -0.06834127008914948, -0.011059650219976902, -0.001952730817720294, 0.05027768015861511, -0.02436232566833496, 0.006466159597039223, -0.01710851490497589, -0.013791754841804504, -0.04354314133524895, 0.008033896796405315, 0.030263002961874008, -0.013699069619178772, 0.003390935016795993, 0.019478529691696167, -0.0024316580966115, 0.011549577116966248, 0.009129167534410954, -0.01730365678668022, -0.007178729400038719, -0.0399613231420517, -0.015765123069286346, -0.010101139545440674, -0.005905665457248688, 0.00196504732593894, -0.01381692010909319, 0.024317506700754166, -0.02372962422668934, -0.006682081148028374, -0.021326547488570213, -0.031124785542488098, 0.004349780268967152]",,"['515a6c0cd7e9a6989cdf5635cd8d34e548787c7cf46846576b3c494596147ec1', '9e922bddee8a8ae0d913dc02b6d1d5994c7dd7326a96f2d75c0028999a144a10', 'a3a3011ce7489c5079c6c609212d360718bdf4e633e2c4e9575e95f3ec359bf7', '0aab5e8d6a15966eefc06a3d36a11b7c1f9ff55ce2bcb15ccae94246d7a19b2e', 'fec3d3c74c945735cc74e13578e6f328ab58d550e941b7f741075d220cbd2377', '4cf82dcfbaa07bb0a351050e129f7a467a9da7bffb4ae68482187dc68bbbbd55', '35bcda497cf9a5df97e89a62fba95fd5b07e4a4fa820261286588bbb9af8b857', 'bb08ac49ba6cbdd681419f9ce20478ca02314d36dd05d237a07dc51900c06bac', 'fecc166b64015894dd9725c0ac4add9eba78c6aefe56daad01aa6c31d6724053', '66cb2c81504cfde089b693e1d0b8b946e7958c198562885db94a6d04d501d9f1', '640ea8719078d0a2a5b1b1d3e59b3ed151e4d3249f290bc836d84324fca0a513', 'f0207d4ccf6b8118fd10fb4727e5f58e46d92648a1bee58dd18a9ae5d820885a', '377c02105c493365677d53b4c05e0c41a112269d802445add3cfc515e860c369', 'd14d8ee01b9542c988f180b849ee4a0be3ca91f543457feab4ad5f7e0bf43b65', '70443fb6862d5eb242d44fc2971679d96b214cbd8f75c62cfd122f577c983761', '2a4f2d8237634268013487983ae979db2a22fa86ce14a3cc982a9006f3ab64aa', '7061571f9b33cd64044f5ac635500618c084e65fc999afe46232ad6a8e7c6919', 'f819e353e192f7f30ac984b6ee3953f4878053b298395645a5e543306f011e5d', '0a23c1ccdb65f1eb6b60d8b3910b5950f328a3302134984ea1c0eda5d07072b6', '06c11514e84e8c974fca599d73cd892f7adbfb8cb32392ead20acf56125b3df2', '74f77885eb4ee4abbf5aee64bd5763fa4fef767de13ffd7f8b1042e783f2c771', '26ef9b3b4623698067e9a90a16f29e36d37d875235bd734e61b9aacb54016f8f', '0f22fdc083bae0003a68074266de3890d0752b4d11929df788003de0fe5230e6', 'e1a68712e672b032640f6e4d694122af459bea33899cc623e9ea31d2faf43329', '70126acf3d37647a94c254548b90bdbd2fac8c7d23e4e5d1b5c0c965c4eb1425']",1548722069385
357,dcc0ada01a71bfe92d75a0a443525af494192a0efb45ae3e40f0408872779775,"[-0.09301330149173737, -0.006903970614075661, 0.001068374840542674, -0.0009403873700648546, 0.07756511121988297, 0.04314948618412018, 0.033917274326086044, -0.007023947779089212, 0.014060631394386292, -0.05598287284374237, 0.0939067155122757, -0.004418378230184317, -0.0019670207984745502, -0.04145823419094086, -0.0428781732916832, 0.07473836094141006, 0.03613140434026718, -0.015133120119571686, 0.09529784321784973, -0.06834127008914948, -0.011059650219976902, -0.001952730817720294, 0.05027768015861511, -0.02436232566833496, 0.006466159597039223, -0.01710851490497589, -0.013791754841804504, -0.04354314133524895, 0.008033896796405315, 0.030263002961874008, -0.013699069619178772, 0.003390935016795993, 0.019478529691696167, -0.0024316580966115, 0.011549577116966248, 0.009129167534410954, -0.01730365678668022, -0.007178729400038719, -0.0399613231420517, -0.015765123069286346, -0.010101139545440674, -0.005905665457248688, 0.00196504732593894, -0.01381692010909319, 0.024317506700754166, -0.02372962422668934, -0.006682081148028374, -0.021326547488570213, -0.031124785542488098, 0.004349780268967152]",,"['515a6c0cd7e9a6989cdf5635cd8d34e548787c7cf46846576b3c494596147ec1', '9e922bddee8a8ae0d913dc02b6d1d5994c7dd7326a96f2d75c0028999a144a10', 'a3a3011ce7489c5079c6c609212d360718bdf4e633e2c4e9575e95f3ec359bf7', '0aab5e8d6a15966eefc06a3d36a11b7c1f9ff55ce2bcb15ccae94246d7a19b2e', 'fec3d3c74c945735cc74e13578e6f328ab58d550e941b7f741075d220cbd2377', '4cf82dcfbaa07bb0a351050e129f7a467a9da7bffb4ae68482187dc68bbbbd55', '35bcda497cf9a5df97e89a62fba95fd5b07e4a4fa820261286588bbb9af8b857', 'bb08ac49ba6cbdd681419f9ce20478ca02314d36dd05d237a07dc51900c06bac', 'fecc166b64015894dd9725c0ac4add9eba78c6aefe56daad01aa6c31d6724053', '66cb2c81504cfde089b693e1d0b8b946e7958c198562885db94a6d04d501d9f1', '640ea8719078d0a2a5b1b1d3e59b3ed151e4d3249f290bc836d84324fca0a513', 'f0207d4ccf6b8118fd10fb4727e5f58e46d92648a1bee58dd18a9ae5d820885a', '377c02105c493365677d53b4c05e0c41a112269d802445add3cfc515e860c369', 'd14d8ee01b9542c988f180b849ee4a0be3ca91f543457feab4ad5f7e0bf43b65', '70443fb6862d5eb242d44fc2971679d96b214cbd8f75c62cfd122f577c983761', '2a4f2d8237634268013487983ae979db2a22fa86ce14a3cc982a9006f3ab64aa', '7061571f9b33cd64044f5ac635500618c084e65fc999afe46232ad6a8e7c6919', 'f819e353e192f7f30ac984b6ee3953f4878053b298395645a5e543306f011e5d', '0a23c1ccdb65f1eb6b60d8b3910b5950f328a3302134984ea1c0eda5d07072b6', '06c11514e84e8c974fca599d73cd892f7adbfb8cb32392ead20acf56125b3df2', '74f77885eb4ee4abbf5aee64bd5763fa4fef767de13ffd7f8b1042e783f2c771', '26ef9b3b4623698067e9a90a16f29e36d37d875235bd734e61b9aacb54016f8f', '0f22fdc083bae0003a68074266de3890d0752b4d11929df788003de0fe5230e6', 'e1a68712e672b032640f6e4d694122af459bea33899cc623e9ea31d2faf43329', '70126acf3d37647a94c254548b90bdbd2fac8c7d23e4e5d1b5c0c965c4eb1425']",1548722069385
358,dcc0ada01a71bfe92d75a0a443525af494192a0efb45ae3e40f0408872779775,"[-0.09301330149173737, -0.006903970614075661, 0.001068374840542674, -0.0009403873700648546, 0.07756511121988297, 0.04314948618412018, 0.033917274326086044, -0.007023947779089212, 0.014060631394386292, -0.05598287284374237, 0.0939067155122757, -0.004418378230184317, -0.0019670207984745502, -0.04145823419094086, -0.0428781732916832, 0.07473836094141006, 0.03613140434026718, -0.015133120119571686, 0.09529784321784973, -0.06834127008914948, -0.011059650219976902, -0.001952730817720294, 0.05027768015861511, -0.02436232566833496, 0.006466159597039223, -0.01710851490497589, -0.013791754841804504, -0.04354314133524895, 0.008033896796405315, 0.030263002961874008, -0.013699069619178772, 0.003390935016795993, 0.019478529691696167, -0.0024316580966115, 0.011549577116966248, 0.009129167534410954, -0.01730365678668022, -0.007178729400038719, -0.0399613231420517, -0.015765123069286346, -0.010101139545440674, -0.005905665457248688, 0.00196504732593894, -0.01381692010909319, 0.024317506700754166, -0.02372962422668934, -0.006682081148028374, -0.021326547488570213, -0.031124785542488098, 0.004349780268967152]",,"['515a6c0cd7e9a6989cdf5635cd8d34e548787c7cf46846576b3c494596147ec1', '9e922bddee8a8ae0d913dc02b6d1d5994c7dd7326a96f2d75c0028999a144a10', 'a3a3011ce7489c5079c6c609212d360718bdf4e633e2c4e9575e95f3ec359bf7', '0aab5e8d6a15966eefc06a3d36a11b7c1f9ff55ce2bcb15ccae94246d7a19b2e', 'fec3d3c74c945735cc74e13578e6f328ab58d550e941b7f741075d220cbd2377', '4cf82dcfbaa07bb0a351050e129f7a467a9da7bffb4ae68482187dc68bbbbd55', '35bcda497cf9a5df97e89a62fba95fd5b07e4a4fa820261286588bbb9af8b857', 'bb08ac49ba6cbdd681419f9ce20478ca02314d36dd05d237a07dc51900c06bac', 'fecc166b64015894dd9725c0ac4add9eba78c6aefe56daad01aa6c31d6724053', '66cb2c81504cfde089b693e1d0b8b946e7958c198562885db94a6d04d501d9f1', '640ea8719078d0a2a5b1b1d3e59b3ed151e4d3249f290bc836d84324fca0a513', 'f0207d4ccf6b8118fd10fb4727e5f58e46d92648a1bee58dd18a9ae5d820885a', '377c02105c493365677d53b4c05e0c41a112269d802445add3cfc515e860c369', 'd14d8ee01b9542c988f180b849ee4a0be3ca91f543457feab4ad5f7e0bf43b65', '70443fb6862d5eb242d44fc2971679d96b214cbd8f75c62cfd122f577c983761', '2a4f2d8237634268013487983ae979db2a22fa86ce14a3cc982a9006f3ab64aa', '7061571f9b33cd64044f5ac635500618c084e65fc999afe46232ad6a8e7c6919', 'f819e353e192f7f30ac984b6ee3953f4878053b298395645a5e543306f011e5d', '0a23c1ccdb65f1eb6b60d8b3910b5950f328a3302134984ea1c0eda5d07072b6', '06c11514e84e8c974fca599d73cd892f7adbfb8cb32392ead20acf56125b3df2', '74f77885eb4ee4abbf5aee64bd5763fa4fef767de13ffd7f8b1042e783f2c771', '26ef9b3b4623698067e9a90a16f29e36d37d875235bd734e61b9aacb54016f8f', '0f22fdc083bae0003a68074266de3890d0752b4d11929df788003de0fe5230e6', 'e1a68712e672b032640f6e4d694122af459bea33899cc623e9ea31d2faf43329', '70126acf3d37647a94c254548b90bdbd2fac8c7d23e4e5d1b5c0c965c4eb1425']",1548722069385
359,14f8a8eda235d92d6ebc25153aa134c8df0c94befb88dd2001d97619ce8c5304,"[-0.0024608811363577843, 0.13835565745830536, -0.32361090183258057, 0.34316110610961914, -0.039948172867298126, 0.21500277519226074, 0.13492494821548462, 0.018693968653678894, 0.25590646266937256, 0.06997527182102203, -0.2959807515144348, -0.14562645554542542, 0.06531591713428497, -0.1160556823015213, -0.06655089557170868, -0.06625908613204956, 0.030218791216611862, -0.11126634478569031, -0.05472132936120033, -0.054127003997564316, -0.06266264617443085, 0.007020710036158562, -0.016620907932519913, -0.07252311706542969, 0.021032629534602165, -0.06051845848560333, -0.09142176061868668, 0.04687735065817833, -0.03498525172472, -0.12629985809326172, 0.00651640584692359, -0.0020397938787937164, 0.021634671837091446, -0.05809976905584335, -0.047419335693120956, -0.05069093406200409, -0.032507508993148804, -0.08209514617919922, 0.017315737903118134, 0.014568984508514404, -0.0034096091985702515, -0.04183278977870941, -0.050099555402994156, -0.07022431492805481, 0.02584819495677948, -0.03146466240286827, 0.03619227930903435, -0.02318745106458664, -0.003987498581409454, -0.09486226737499237]",,"['0066a39284741b45e7cdce42ddc23d97d30b973c090bb090b642d186d47f97f3', 'f0ec55667fee6896b2ad521604c87477cddd635b6765c652852d46f4d5e38a7c', '1ee21aee02d3c6f916d39d9d4c2bb13117ae4c6b0a6973509a98a108cdcab814', 'fadffdd558154b114a1b4a2731b9653a4627119ca0eea0edb76b6c1502066ec2', '362caaff7b7e6bb937996d4197f1777ab05d484dc3fb574262f6bc6a604e3312', '86a4e0d3ca2b2c3d3bff3f1f372a0ed3a1588aabc0b2c9bb1fdd433f71b40f0f']",1548008379002
360,14f8a8eda235d92d6ebc25153aa134c8df0c94befb88dd2001d97619ce8c5304,"[0.02338092215359211, 0.15153758227825165, -0.33586838841438293, 0.3683512806892395, -0.06486507505178452, 0.2472739815711975, 0.1379546821117401, 0.016244230791926384, 0.2720869183540344, 0.08751454949378967, -0.3107663094997406, -0.14650234580039978, 0.08547991514205933, -0.12443526089191437, -0.07484705001115799, -0.05022469162940979, 0.018794147297739983, -0.13261042535305023, -0.08505473285913467, -0.04555900767445564, -0.061619509011507034, 0.02420523203909397, -0.0389830656349659, -0.06955525279045105, -0.0076498426496982574, -0.07175348699092865, -0.11918962001800537, 0.050381679087877274, -0.020786957815289497, -0.16008684039115906, 0.03771521896123886, 0.04965111240744591, 0.021085374057292938, -0.026307500898838043, -0.028722018003463745, -0.042244963347911835, -0.0009049872751347721, -0.05221885070204735, -0.02530558593571186, 0.004302218556404114, -0.032610706984996796, -0.031258419156074524, -0.014362632296979427, -0.08843180537223816, 0.057256076484918594, -0.03353874012827873, -0.001667845994234085, -0.035883694887161255, -0.013946843333542347, -0.0598093643784523]",,"['8cd78c0476dc6835b0c824e89498d3060f38b925441e7184858f4c79e2dca864', 'aa8fe17953db2fd4b91cc468e43002fc6bab184165438e7ef371e020140334d8', '5523d524d6e1f50445cdc022e600e1575cb0c499b0a982da0309f5702ee7307b', '94cdc78a14e42db87170b20a278350a0332433f4ea0aa67d33edb53e29282d80', 'ee9b6912433c1b186248b937977108b01d4cc37cee4f68799f80f47503c0f175', 'ad3e11b11865f20a9bcc672698e01b3e961d4776229503db982a8620eada2324', '6a177fcc7e1b715d13a5b816caa5bda967fd0e5fcde310a1b687d2107f49267a', 'f6ef371793b54304532c04af4c594701c08d44e33821a54140f1574f9eff84f1', 'b858edec9c0787ea8db44124e4d2340bab047e78419de9e9c7b4b2d57c54bb67', '47a57f0b7cb7087d4afd25896f62638c9bc8d0a6f3c47f469f084de9e49e0625', '4ba5d3688e88b36f10f5609155b9a7608cb6a0a0aa79452317d0be8a295dbcea', '59c2aaa15f27645427dd241a763d6a1c250437b3276594c371d63f8302a93e94', 'a0c6a90ea28acbbaffff5055e7dc6433a717e8e92b98c70fd7c9a21ea33eeb24', '4b5d783d4147cdbe045ef63e8f532f3a8553b09b63c3f990b05adc3513012a9c', '40902c1f32a2556d38d5814fbd611261393d8b988a006649cad1b3ff1eff9010', 'bbc889578011a7d1d60522e10e17be45bd378d1e98c932db5e380042f0d4aa45', '88bfec0ae5e475d88d7ae6b554665211b93294721552c206bbb56937e8877cbd', '883bb7b22734c1aa7a8aac87076c765e9326e4b7c873c4b1c54655945a9c5596', '9d4a3baa383102f7abf6f2431f515693ca77dfa3e01c788d6bbe894494e09591', '69400f8504996e747e76e530f198197e2e724dabc0296d7b8774bd4cdec44a31', '239d0ae74e62202861b1bc1dc006ec1fde8d8e18793fa453713eb447ede2740e', '1057794c454bcaf2bd6f3dea5c948bdfbe6785abce880984bf79296a7fbdfaba', '83af3dae2361252db97f6c0a466a51eba3e688d0ff52e14dd4a8ecfb9ece9b25', '4718717536f96fa8e7f37b1e62d645a42cbd95536ea7f7e961320051da9a538f']",1548008399037
361,14f8a8eda235d92d6ebc25153aa134c8df0c94befb88dd2001d97619ce8c5304,"[-0.09016412496566772, 0.12117345631122589, -0.23370814323425293, 0.10494282096624374, 0.13694021105766296, 0.10757142305374146, 0.12471407651901245, 0.01575508713722229, 0.09801255166530609, 0.038063667714595795, -0.1196974664926529, -0.13922449946403503, 0.09428439289331436, -0.05360405892133713, -0.07191232591867447, -0.08390528708696365, 0.03585482016205788, -0.048560526221990585, -0.013951634988188744, -0.07967950403690338, 0.01147495023906231, -0.0315028540790081, 0.06566497683525085, 0.0021000253036618233, 0.08603769540786743, -0.006337632425129414, -0.062461867928504944, 0.0053290631622076035, -0.06725667417049408, -0.058187615126371384, 0.008966459892690182, -0.04361702501773834, 0.07369440048933029, -0.027073372155427933, 0.03536731377243996, 0.004382925573736429, -0.02040208876132965, -0.017280213534832, 0.018254879862070084, -0.03887731209397316, 0.0008896216750144958, 0.0014406931586563587, 0.030368482694029808, -0.0409737303853035, -0.011272680014371872, -0.023143263533711433, 0.04735482111573219, -0.006104300729930401, 0.029747843742370605, -0.09193457663059235]",,"['f0ec55667fee6896b2ad521604c87477cddd635b6765c652852d46f4d5e38a7c', 'fadffdd558154b114a1b4a2731b9653a4627119ca0eea0edb76b6c1502066ec2']",1548009358788
362,14f8a8eda235d92d6ebc25153aa134c8df0c94befb88dd2001d97619ce8c5304,"[-0.05826330557465553, 0.09349015355110168, -0.224370539188385, 0.16022300720214844, 0.09575679153203964, 0.10531138628721237, 0.09761177003383636, -0.07224320620298386, 0.10030190646648407, 0.02918403595685959, -0.1386703997850418, -0.11782699078321457, -0.00907138828188181, -0.10738100111484528, -0.04347444325685501, -0.056598909199237823, 0.0006732596084475517, -0.022463679313659668, 0.022591451182961464, -0.07224946469068527, -0.022177036851644516, -0.027459995821118355, 0.02146949991583824, -0.00033417902886867523, 0.03655620291829109, -0.006170799024403095, -0.07329076528549194, 0.025175824761390686, -0.034404389560222626, -0.0507170595228672, 0.010164094157516956, -0.018369460478425026, 0.03578009828925133, -0.025360148400068283, -0.015408557839691639, -0.01361829973757267, -0.0009456133702769876, -0.03379172459244728, 0.02285206876695156, -0.010658599436283112, -0.002263098955154419, -0.013085557147860527, 0.0035621486604213715, -0.047287195920944214, -0.0004924396052956581, -0.022665418684482574, 0.027370808646082878, 0.001908743754029274, 0.01604035124182701, -0.06757526099681854]",,"['f0ec55667fee6896b2ad521604c87477cddd635b6765c652852d46f4d5e38a7c', '0066a39284741b45e7cdce42ddc23d97d30b973c090bb090b642d186d47f97f3', '1ee21aee02d3c6f916d39d9d4c2bb13117ae4c6b0a6973509a98a108cdcab814', 'fadffdd558154b114a1b4a2731b9653a4627119ca0eea0edb76b6c1502066ec2', '362caaff7b7e6bb937996d4197f1777ab05d484dc3fb574262f6bc6a604e3312', '86a4e0d3ca2b2c3d3bff3f1f372a0ed3a1588aabc0b2c9bb1fdd433f71b40f0f', 'a49cf52cde4c5cf099e617bbe4006af501aa94793609792cbcb1d401720dd2e7', '6a177fcc7e1b715d13a5b816caa5bda967fd0e5fcde310a1b687d2107f49267a', 'ab6ffc846ddad42a63c9fec61bed863910a5d8ebd0cd28ec0aa9ab720374e942', 'abb1cb1e25c235834d6e88f34e78227fb3159fb59ea5cec8d084593665a830ff', '7959aaaa77670da172b2aedac517c0dd0961daa6e33f0bee3d0242480887c8c0', '38c2a2e6dd40caac9896d083551aaa0ae5abe641ad43edbb4918fbfcc86e3d06', '6c9b13235da779fd40927df42e70c0c64a384fe9e63a5edb6d9456426b4e2526', 'd385e2e5a25f194931f021276e3d6e24d47541e6c78b85314a253e6bd7ba1c60', '6529be3ef386e4f020c04071c9feb3fd7977c5f0a282b153438fc59b9d4763b0', '6b611d41df7463bfb3d88c3bce11977707094d6ad99f09907bbf54fb515f608b', '1b3af72376799eb8259ddf748765aeb4bf7184933f01e570e4730d7a870e9a97', 'efc92e0bfbd8946c2f7f8cfd88414145a425d906cbf25390d6e18c6d6d7fb35d', '15f419d65adc7351ad6f675de18ce324cbb11d65a5c17a2769ed48bc3ccb3aae', '33cdf8f4d8c9c6ff42ef88867b080c2d9f12596a516175aecc3f22dd364be7e9', '4d517380703269d6f5f89b23f6fda8f33b49ce6ed19f4c2c66a732a83edea3f8', 'dfec6a5752bede89a75cfa266098709231d64fa0e68ce50c8c826aee3d531f41', 'aeed20a6f70e699adb8adc053a20f5de5a80e2cc2d8d3ab369bcde9a97578700', '6ce9743650b1a15f6691131ce16411d48c3dcfb065c70a315f5a698f9f9c010c', '27b900de56a57a046c28f206d894a10e5ce7370d706b7a7b9af8fdb7f8b75610']",1548009373846
363,14f8a8eda235d92d6ebc25153aa134c8df0c94befb88dd2001d97619ce8c5304,"[-0.09509681910276413, -0.07951338589191437, -0.17949025332927704, 0.32807520031929016, -0.10859714448451996, 0.4479600191116333, 0.06731786578893661, 0.02762039378285408, 0.26383575797080994, 0.09340927749872208, -0.3112952411174774, -0.04106251522898674, 0.07472147047519684, -0.1520693451166153, -0.07022546976804733, -0.018116265535354614, 0.0012870237696915865, -0.09505785256624222, -0.11957357823848724, -0.04646855220198631, 0.0018612397834658623, -0.00334741547703743, -0.03342951834201813, -0.014498431235551834, -0.10067189484834671, 0.05459517240524292, -0.09190243482589722, 0.10001206398010254, 0.06451698392629623, 0.03477134928107262, 0.02572682686150074, 0.06692984700202942, -0.02062322199344635, -0.012069843709468842, -0.01600121706724167, -0.030080348253250122, 0.01914462447166443, -0.0647391602396965, -0.040425628423690796, 0.028967922553420067, -0.02523423731327057, -0.010612541809678078, -0.06002974137663841, 0.0013234005309641361, -0.03041209653019905, 0.06326209753751755, -0.024151014164090157, -0.07126068323850632, -0.05188586562871933, 0.01931532844901085]",,"['2cc05ecbf2bd90ea3ae63cee1024349dce0d53d982b5ab4f1c7f3f184b165234', '4e108b1f42d6f63431d19a1012f56efc8a0dc6a4f9f6d0489899324803a7be31', '48ea6ed566798f598e21c9a52fa3414505c41845b2b6e12f4b3432af6e8855a2', '17e0fdc759338ce9b4063fbf587ed552153220956c71b55ba58dee5a0cd742e2', 'f2b4418dadddafd5c538ef0f37001853fe74690689f987fef142ff26722b288b', '3995cf0a0a606f04e1079fdec1cf88798e3706d1b6bf230cf1195bf2414f4078', '12a1dc9f8a275e77e835a81a9c56645346b72530b3082c0ac612e955fbd05a35', '8cd78c0476dc6835b0c824e89498d3060f38b925441e7184858f4c79e2dca864', '7414ee525e2f092e1aea0a35a8d4fa23649a49526f5a70b153fe4bf6deb5e270', 'f48105e564f1077da3a33e178e850453652eded75cd402013c3da84835f0f611', '7d90d0e033dfd75325380a15338118f83fce084cd715df723bef222392b6d584', '8a5c300fe89f3b82c6dea04d7da88c52a24afd58282f58e9b2071f1947a95d4b', '23240cc914a579988e225d08cddf4714902282a9ab51811338781d0d600e950b', 'bdfe8d650c3c8d5e143ed56866557be42d63fb2c95de668bf7855d1550d0d82b', 'aa8fe17953db2fd4b91cc468e43002fc6bab184165438e7ef371e020140334d8', '47789c95c441280995cfe263ef8d9876ea560c382090095c85859cdc3622f954', 'c9590fd7a0fe97ddbec13f1e390d5a3a0976e54cf387f6e6cacab78559a84ac2', '6e2103a67247b02a112b14885a88b2713f87acd66fd144bde1a4079fb7d1a254', 'd9072b798e7153da666d3cfcde90d27b9d742b13ed4c9d0213f9368bc78bfbaa', 'd827466826e37019058772adc1e7abf90ae183dd2fdc302f5fe154766640231a', '5523d524d6e1f50445cdc022e600e1575cb0c499b0a982da0309f5702ee7307b', 'dfec6a5752bede89a75cfa266098709231d64fa0e68ce50c8c826aee3d531f41', '6ad9a49ff1bac197666847207ca177c6ac97639bad6b63a1f212ffdd11c2e19b', '220d5e85d6414f9d2c0ac4b264e2e19d18db383374d5a8d61c8cc27ddb847635', '705f5c4306427c95e5662cf7e913ba906f1074b1cc953e1c58b4c205647c48f3']",1548009443126
364,14f8a8eda235d92d6ebc25153aa134c8df0c94befb88dd2001d97619ce8c5304,"[-0.1370968520641327, -0.0004781746829394251, -0.1309690922498703, 0.03415192663669586, 0.117550790309906, 0.21089833974838257, 0.07674466073513031, 0.0021468494087457657, 0.08126211166381836, 0.07706309854984283, -0.09042607247829437, -0.05479508265852928, 0.10580460727214813, -0.04980863630771637, -0.09481601417064667, -0.04377714544534683, 0.02935684658586979, -0.030303221195936203, -0.05072840675711632, -0.051461465656757355, 0.05842571705579758, -0.05167228356003761, 0.04212884604930878, 0.034783896058797836, 0.03150486946105957, 0.05365515500307083, -0.06078895926475525, 0.015080072917044163, -0.021557793021202087, 0.04590437933802605, -0.005443122237920761, 0.011986070312559605, 0.050158530473709106, 0.0043206955306231976, 0.030821021646261215, -0.0019170474261045456, 0.03842925280332565, 0.021591542288661003, 0.026021823287010193, -0.02022489160299301, 0.0013552447780966759, 0.018818862736225128, 0.019041668623685837, -0.026971597224473953, -0.02879154682159424, -0.007611453533172607, -0.012095807120203972, 0.017914623022079468, -0.001205837819725275, 0.0018494778778403997]",,"['2cc05ecbf2bd90ea3ae63cee1024349dce0d53d982b5ab4f1c7f3f184b165234', '4e108b1f42d6f63431d19a1012f56efc8a0dc6a4f9f6d0489899324803a7be31', '48ea6ed566798f598e21c9a52fa3414505c41845b2b6e12f4b3432af6e8855a2', '17e0fdc759338ce9b4063fbf587ed552153220956c71b55ba58dee5a0cd742e2', 'f2b4418dadddafd5c538ef0f37001853fe74690689f987fef142ff26722b288b', '3995cf0a0a606f04e1079fdec1cf88798e3706d1b6bf230cf1195bf2414f4078', '12a1dc9f8a275e77e835a81a9c56645346b72530b3082c0ac612e955fbd05a35', '8cd78c0476dc6835b0c824e89498d3060f38b925441e7184858f4c79e2dca864', '7414ee525e2f092e1aea0a35a8d4fa23649a49526f5a70b153fe4bf6deb5e270', '8a5c300fe89f3b82c6dea04d7da88c52a24afd58282f58e9b2071f1947a95d4b', '23240cc914a579988e225d08cddf4714902282a9ab51811338781d0d600e950b', 'bdfe8d650c3c8d5e143ed56866557be42d63fb2c95de668bf7855d1550d0d82b', 'aa8fe17953db2fd4b91cc468e43002fc6bab184165438e7ef371e020140334d8', 'd9072b798e7153da666d3cfcde90d27b9d742b13ed4c9d0213f9368bc78bfbaa', 'd827466826e37019058772adc1e7abf90ae183dd2fdc302f5fe154766640231a', 'dfec6a5752bede89a75cfa266098709231d64fa0e68ce50c8c826aee3d531f41', '6ad9a49ff1bac197666847207ca177c6ac97639bad6b63a1f212ffdd11c2e19b', '705f5c4306427c95e5662cf7e913ba906f1074b1cc953e1c58b4c205647c48f3', '1b32b4eb5b1f2bf45889a47dfff8f38306bbe4549f4c20b641f2386474721f4c', '94cdc78a14e42db87170b20a278350a0332433f4ea0aa67d33edb53e29282d80', 'ee9b6912433c1b186248b937977108b01d4cc37cee4f68799f80f47503c0f175', 'ad3e11b11865f20a9bcc672698e01b3e961d4776229503db982a8620eada2324', 'a4295e3653939551d8fb3c98cd2482a552e58f44b25997e560b7bb9f9c6c7f5a', '16a7ac45bea91b257ef79daf9b1e28d709d741babb173efd19cb10e9e9873f59', 'f6ef371793b54304532c04af4c594701c08d44e33821a54140f1574f9eff84f1']",1548009457819
365,14f8a8eda235d92d6ebc25153aa134c8df0c94befb88dd2001d97619ce8c5304,"[-0.13373437523841858, -0.005836643278598785, -0.1124381572008133, 0.033238574862480164, 0.04168232902884483, 0.2486444115638733, 0.010836559347808361, 0.20021212100982666, 0.14368444681167603, -0.014879313297569752, 0.019324110820889473, -0.022994963452219963, 0.2681899070739746, 0.06976232677698135, -0.0687851831316948, -0.03420678526163101, 0.07484960556030273, 0.21184992790222168, 0.04211185872554779, 0.02961117960512638, 0.059027932584285736, -0.007093925029039383, 0.007764479145407677, 0.0402093268930912, 0.004451471846550703, -0.07157953828573227, 0.0326579213142395, -0.010621195659041405, -0.07219291478395462, 0.01623713970184326, -0.05263626575469971, -0.0357070118188858, -0.006274057552218437, -0.04209425300359726, 0.02222561463713646, -0.03573894873261452, -0.043589893728494644, -0.016965145245194435, 0.010706298053264618, -0.023600883781909943, -0.05607301741838455, -0.0026009553112089634, -0.03988425061106682, 0.03605259209871292, -0.007596769370138645, 0.004602288827300072, 0.025205565616488457, -0.023610807955265045, 0.001051577739417553, -0.014812135137617588]",,"['cbcf7c27bb5d5fb9cbdfef0dc883f503d0ecf25c81da141b16f4297efd6075e9', 'd7b4c989162f5c2ba01fe61eaedae8a0fcf7525e2de133279534968a604a8136', 'e8f1d2279987ed370c16a507385be038f33f8735a16fafac6716d561b64d5a13', 'c167b75b424cd7a47c907fec7b4edccff33629cbd1cf9d346b0856d170a35973', '5165fc8ae07f2de2fd45240198d158a0349b61031465f143ad7133daf93f4411', '3c5b844e7fcbb0aac9db9175078adab1e0d20eabaa5fdb1f6aad5af73ff7a021', '5485d09830a1d261da98eadd4d4ed52091aaa5c61c8da512a925f3e2092e25de', '61478f24a84658dcc2d5f7968f3a62efa6b432d894ad6d38c253aa0f11556a5f', 'c44ceadbed3563a62f4807ec27cbda403f6094794d5c3b290fa2682cb5b00464', '5863b5f8371b57ddfa0c80afe7786bc1f5dac47186daf831b4ec418b856c1c17', 'cfd1b01e32b5f0a214399720a7f8850ddde7f60d482c62c77e67c2a3d1da10d4', '0a10dbec20330ef6c51f47ee28567ef0fc9f10cc69e70dbbeae6f4ee844e65b8', '02f2915c9e0083e79b47b8dc9d982c3d698b725779258c977bfcf72b879a613b', '8d76341974a8db46fd378f53f860ab2e5272a7927842241cdf12b0aadf91f825', '5693621ef0155995822444783d1b94616245553deba2470f12a6e77d455ab919', 'd321b47e0e166c45246cf32a677afcdb4279831ae976936ead5eab875163cc13', '82a692bac6062d76efa4e0f6b1d8ed4df6824286257a5f99be37ca831136227d', '7fa5a73ea9fbed03ae506d9391fa55f57958b3885dbcc751d4c680ffecdb6913', '6ceff8154bee195717b49bdcc4c7509d28c9972aab29eca1ff91c38b9e8f5ec4', 'f757fa140eb2f85d604b1871795790f122a71fa326655660ceecbc2cf93ac621', '0aa13db50cb91b85b338431e93147d3d364914de758d3fbdabf24c70d710c9c4', '0d93cac5b3f1c5302956181ffe33de20e4e9f84a0cbfca74bccced111fd6c832', '9788a279f41ad072657bdd7b745911755c15cd8b7afcb45c0bb47ace5a3dbf8c', 'd31a44f2d6a404bb23086f2c3dd5591b708740b5a8e30ef00e91c76b1156dd50', '51783c1e4f815f59007c8c215d9314460a8b1fadfd840165f42d810a9415a575']",1548009685674
366,14f8a8eda235d92d6ebc25153aa134c8df0c94befb88dd2001d97619ce8c5304,"[-0.05258987843990326, 0.1659812331199646, -0.215179905295372, 0.06904751807451248, 0.0809950977563858, 0.14725470542907715, 0.015470921993255615, 0.06909026950597763, 0.06687015295028687, -0.02508772350847721, 0.0271776020526886, 0.010244496166706085, 0.18885305523872375, 0.019398588687181473, -0.038538236171007156, 0.00023669120855629444, 0.016024310141801834, 0.2420089691877365, 0.07238698750734329, 0.08271484076976776, 0.02386198192834854, -0.02711072564125061, 0.0038579865358769894, 0.038782231509685516, 0.01776166819036007, -0.08255581557750702, -7.246620953083038e-05, 0.02644157037138939, -0.03517438471317291, -0.01271909661591053, 0.006820946931838989, -0.03164823725819588, -0.02269107848405838, 0.0062925261445343494, 0.0388425774872303, 0.017943978309631348, -0.01566864736378193, -0.048499464988708496, 0.015519718639552593, 0.06544973701238632, 0.00901848915964365, -0.003874617861583829, 0.017368510365486145, -0.023641277104616165, 0.02685186080634594, -0.00966790970414877, -0.027961667627096176, 0.024850385263562202, 0.009873129427433014, 0.021616201847791672]",,['5693621ef0155995822444783d1b94616245553deba2470f12a6e77d455ab919'],1548009744889
367,385e5145e1cfe37b5b60552c3ec0052932358144aed3722b98209b5190f3ecb5,"[-0.23447352647781372, 0.16758784651756287, 0.06052117794752121, -0.07570861279964447, 0.021976638585329056, -0.0093833701685071, -0.08984646946191788, -0.05079010874032974, 0.0222901813685894, -0.05232514813542366, -0.20231421291828156, 0.05004294216632843, -0.09869913011789322, 0.16159740090370178, -0.10004770755767822, -0.0538431778550148, -0.003667726181447506, 0.09569506347179413, 0.004537966102361679, -0.04205331206321716, -0.07887408137321472, -0.005046964157372713, 0.04372548684477806, -0.05636171996593475, -0.051811374723911285, -0.030479058623313904, -0.0015563545748591423, -0.025827262550592422, 0.046535830944776535, 0.04691939055919647, 0.056491486728191376, -0.07736866176128387, -0.011158749461174011, 0.05601175129413605, -0.024470563977956772, 0.05151757597923279, 0.031205181032419205, 0.014092765748500824, 0.03725655376911163, -0.05725070461630821, 0.05406448245048523, 0.02805856242775917, 0.023779548704624176, 0.031606048345565796, 0.05680419132113457, 0.0202109906822443, -0.008291716687381268, 0.02958454191684723, -0.059981800615787506, 0.03856220841407776]",['716dd76a3ba8303ce0e6675413507e463a09942bc4ea5c6e2cd3d7ce28f087c1'],"['899fe406716fedfc1e9f04a80698a8327be07b2ce3a10a0c07c22b552ea14c45', '716dd76a3ba8303ce0e6675413507e463a09942bc4ea5c6e2cd3d7ce28f087c1', '9b8307ac73d32414c7e65c97e86436275fcfe55339fe3a9d40048cad504b1faa', '4752ab9a6a35fb166e9071ff4084ebe960c3af751dbd3664067d4cbc50a1f5d7', 'e9ee6868b5001f3a706713ff50b01ac7e19e438becf57197966cd74b42f90d33', '23a692ba6edef484285682ff3383c8f60686f257eb7cfd8a20f0e422773d9542', 'd244309e25a4a9add953ff31073e4477ce8b2b34260e25da870495787ed6da45', '8b790052dcd362867942b9010a249cdf723605252d03ad312a1d1f116da56fc0', '2eb728e1893912dee8ae109664b5b186dfc5b0927da453992004db112151970b']",1549836876546
368,385e5145e1cfe37b5b60552c3ec0052932358144aed3722b98209b5190f3ecb5,"[-0.23447352647781372, 0.16758784651756287, 0.06052117794752121, -0.07570861279964447, 0.021976638585329056, -0.0093833701685071, -0.08984646946191788, -0.05079010874032974, 0.0222901813685894, -0.05232514813542366, -0.20231421291828156, 0.05004294216632843, -0.09869913011789322, 0.16159740090370178, -0.10004770755767822, -0.0538431778550148, -0.003667726181447506, 0.09569506347179413, 0.004537966102361679, -0.04205331206321716, -0.07887408137321472, -0.005046964157372713, 0.04372548684477806, -0.05636171996593475, -0.051811374723911285, -0.030479058623313904, -0.0015563545748591423, -0.025827262550592422, 0.046535830944776535, 0.04691939055919647, 0.056491486728191376, -0.07736866176128387, -0.011158749461174011, 0.05601175129413605, -0.024470563977956772, 0.05151757597923279, 0.031205181032419205, 0.014092765748500824, 0.03725655376911163, -0.05725070461630821, 0.05406448245048523, 0.02805856242775917, 0.023779548704624176, 0.031606048345565796, 0.05680419132113457, 0.0202109906822443, -0.008291716687381268, 0.02958454191684723, -0.059981800615787506, 0.03856220841407776]",['716dd76a3ba8303ce0e6675413507e463a09942bc4ea5c6e2cd3d7ce28f087c1'],"['899fe406716fedfc1e9f04a80698a8327be07b2ce3a10a0c07c22b552ea14c45', '716dd76a3ba8303ce0e6675413507e463a09942bc4ea5c6e2cd3d7ce28f087c1', '9b8307ac73d32414c7e65c97e86436275fcfe55339fe3a9d40048cad504b1faa', '4752ab9a6a35fb166e9071ff4084ebe960c3af751dbd3664067d4cbc50a1f5d7', 'e9ee6868b5001f3a706713ff50b01ac7e19e438becf57197966cd74b42f90d33', '23a692ba6edef484285682ff3383c8f60686f257eb7cfd8a20f0e422773d9542', 'd244309e25a4a9add953ff31073e4477ce8b2b34260e25da870495787ed6da45', '8b790052dcd362867942b9010a249cdf723605252d03ad312a1d1f116da56fc0', '2eb728e1893912dee8ae109664b5b186dfc5b0927da453992004db112151970b']",1549836876546
369,385e5145e1cfe37b5b60552c3ec0052932358144aed3722b98209b5190f3ecb5,"[-0.17987190186977386, 0.07049281895160675, -0.042860619723796844, -0.08349865674972534, -0.013938704505562782, -0.006414445582777262, -0.024511180818080902, -0.09267547726631165, 0.042229246348142624, -0.02312518283724785, -0.03359407186508179, 0.055251795798540115, -0.007842867635190487, 0.018897034227848053, 0.08286206424236298, -0.00438740523532033, -0.01764991134405136, 0.03674259036779404, -0.006242431700229645, -0.031112974509596825, -0.03359943628311157, 0.01891368068754673, 0.05634107440710068, 0.01355340238660574, -0.02114231325685978, -0.024809859693050385, 0.006089334841817617, -0.034680455923080444, 0.005065282341092825, -0.0015163267962634563, 0.04108823835849762, -0.07958544790744781, -0.06616797298192978, 0.014953367412090302, 0.004504146054387093, 0.03820115700364113, 0.02633560448884964, -0.037458281964063644, 0.04084908217191696, -0.033854223787784576, 0.06205082684755325, 0.04327462613582611, 0.05938566476106644, 0.04496186971664429, 0.07715526968240738, 0.015818413347005844, 0.003278350457549095, 0.020195063203573227, -0.044311001896858215, 0.04249700903892517]","['9bea26ad27e4a0638e1cfd6070ec870e826ee8eeb36d1e79fc12e657bf5a3303', '9bea26ad27e4a0638e1cfd6070ec870e826ee8eeb36d1e79fc12e657bf5a3303', '4513ae81f50070ef55629ac054f9aff767c9447c732f4b94396d2240350b2189']","['be1af9bf408cf2fb053d6808e0db7276b244d6f019c10959942bea9ce3024d23', '4da29227e70b5b045b156fcfb1e44a053a31d5f7b34d8b7fbcd901dce0e39628', '7c94567755ae2249e36a22b170b5c298f96c0c7e8ba31b488c781a0b0747bfc3', '9b8307ac73d32414c7e65c97e86436275fcfe55339fe3a9d40048cad504b1faa', 'e9ee6868b5001f3a706713ff50b01ac7e19e438becf57197966cd74b42f90d33', 'd244309e25a4a9add953ff31073e4477ce8b2b34260e25da870495787ed6da45', '899fe406716fedfc1e9f04a80698a8327be07b2ce3a10a0c07c22b552ea14c45', '716dd76a3ba8303ce0e6675413507e463a09942bc4ea5c6e2cd3d7ce28f087c1', '4752ab9a6a35fb166e9071ff4084ebe960c3af751dbd3664067d4cbc50a1f5d7', '23a692ba6edef484285682ff3383c8f60686f257eb7cfd8a20f0e422773d9542', '8b790052dcd362867942b9010a249cdf723605252d03ad312a1d1f116da56fc0', '2eb728e1893912dee8ae109664b5b186dfc5b0927da453992004db112151970b', '4513ae81f50070ef55629ac054f9aff767c9447c732f4b94396d2240350b2189', 'c4b86fd9993777580fd931b4b6cdcea0cdf3d488c498880c7c3067a294baea63', 'ce76dd3b0b11d5283aca2286aca8c5c9aeecd6818999bd2d6e60222812d851dc', '5eb3b6ada93da9a439a6a089610c5a2342e88e405d729fa96e1fd6f9aaca000c', '8e862931ff81db05d20cf700398edcbaf6d38093234ebf170c574ac0352f3b6d', 'd18bbee2bf1a3bb892399c3d902c7a8675ed6e459891c5325c57c4b993bffedd', '9a4e698486b765d426c1bbd70ca4656864310a433a2182e4fa40ca6afbe8f2ae', '98205a6c8a920c5c44ac0e1c941d226f0da74b4bba98531b4cb225fe7a1f46bc', 'dcda46a056abe385b07aa06c919789394009915239e4d850766c126ad697d153', '1a93377fd213b7383a4d85b7e5aeaa9ee506260c80b2307eb3cc62239c6d6a81', '9bea26ad27e4a0638e1cfd6070ec870e826ee8eeb36d1e79fc12e657bf5a3303', '0f76c19a9559bf22ad6a14f4507809145e6e48d765c69de0dfa9818d5595de75', '8de08eb22c52e9680156daa1eaaf0f8220fb1cffc3c63055f098bd0ade72ee9d']",1549836904507
370,385e5145e1cfe37b5b60552c3ec0052932358144aed3722b98209b5190f3ecb5,"[-0.17987190186977386, 0.07049281895160675, -0.042860619723796844, -0.08349865674972534, -0.013938704505562782, -0.006414445582777262, -0.024511180818080902, -0.09267547726631165, 0.042229246348142624, -0.02312518283724785, -0.03359407186508179, 0.055251795798540115, -0.007842867635190487, 0.018897034227848053, 0.08286206424236298, -0.00438740523532033, -0.01764991134405136, 0.03674259036779404, -0.006242431700229645, -0.031112974509596825, -0.03359943628311157, 0.01891368068754673, 0.05634107440710068, 0.01355340238660574, -0.02114231325685978, -0.024809859693050385, 0.006089334841817617, -0.034680455923080444, 0.005065282341092825, -0.0015163267962634563, 0.04108823835849762, -0.07958544790744781, -0.06616797298192978, 0.014953367412090302, 0.004504146054387093, 0.03820115700364113, 0.02633560448884964, -0.037458281964063644, 0.04084908217191696, -0.033854223787784576, 0.06205082684755325, 0.04327462613582611, 0.05938566476106644, 0.04496186971664429, 0.07715526968240738, 0.015818413347005844, 0.003278350457549095, 0.020195063203573227, -0.044311001896858215, 0.04249700903892517]","['9bea26ad27e4a0638e1cfd6070ec870e826ee8eeb36d1e79fc12e657bf5a3303', '9bea26ad27e4a0638e1cfd6070ec870e826ee8eeb36d1e79fc12e657bf5a3303', '4513ae81f50070ef55629ac054f9aff767c9447c732f4b94396d2240350b2189']","['be1af9bf408cf2fb053d6808e0db7276b244d6f019c10959942bea9ce3024d23', '4da29227e70b5b045b156fcfb1e44a053a31d5f7b34d8b7fbcd901dce0e39628', '7c94567755ae2249e36a22b170b5c298f96c0c7e8ba31b488c781a0b0747bfc3', '9b8307ac73d32414c7e65c97e86436275fcfe55339fe3a9d40048cad504b1faa', 'e9ee6868b5001f3a706713ff50b01ac7e19e438becf57197966cd74b42f90d33', 'd244309e25a4a9add953ff31073e4477ce8b2b34260e25da870495787ed6da45', '899fe406716fedfc1e9f04a80698a8327be07b2ce3a10a0c07c22b552ea14c45', '716dd76a3ba8303ce0e6675413507e463a09942bc4ea5c6e2cd3d7ce28f087c1', '4752ab9a6a35fb166e9071ff4084ebe960c3af751dbd3664067d4cbc50a1f5d7', '23a692ba6edef484285682ff3383c8f60686f257eb7cfd8a20f0e422773d9542', '8b790052dcd362867942b9010a249cdf723605252d03ad312a1d1f116da56fc0', '2eb728e1893912dee8ae109664b5b186dfc5b0927da453992004db112151970b', '4513ae81f50070ef55629ac054f9aff767c9447c732f4b94396d2240350b2189', 'c4b86fd9993777580fd931b4b6cdcea0cdf3d488c498880c7c3067a294baea63', 'ce76dd3b0b11d5283aca2286aca8c5c9aeecd6818999bd2d6e60222812d851dc', '5eb3b6ada93da9a439a6a089610c5a2342e88e405d729fa96e1fd6f9aaca000c', '8e862931ff81db05d20cf700398edcbaf6d38093234ebf170c574ac0352f3b6d', 'd18bbee2bf1a3bb892399c3d902c7a8675ed6e459891c5325c57c4b993bffedd', '9a4e698486b765d426c1bbd70ca4656864310a433a2182e4fa40ca6afbe8f2ae', '98205a6c8a920c5c44ac0e1c941d226f0da74b4bba98531b4cb225fe7a1f46bc', 'dcda46a056abe385b07aa06c919789394009915239e4d850766c126ad697d153', '1a93377fd213b7383a4d85b7e5aeaa9ee506260c80b2307eb3cc62239c6d6a81', '9bea26ad27e4a0638e1cfd6070ec870e826ee8eeb36d1e79fc12e657bf5a3303', '0f76c19a9559bf22ad6a14f4507809145e6e48d765c69de0dfa9818d5595de75', '8de08eb22c52e9680156daa1eaaf0f8220fb1cffc3c63055f098bd0ade72ee9d']",1549836904507
371,385e5145e1cfe37b5b60552c3ec0052932358144aed3722b98209b5190f3ecb5,"[-0.1583787202835083, 0.06084762513637543, -0.12272752076387405, -0.10745912790298462, 0.11173003166913986, 0.06543697416782379, 0.006281038746237755, -0.02474350854754448, -0.05652036890387535, -0.04934067279100418, 0.010170556604862213, 0.06863375753164291, 0.10036608576774597, 0.0038139387033879757, -0.03530728071928024, -0.08054742962121964, 0.02947029285132885, 0.03478536754846573, 0.00856188777834177, -0.012533875182271004, 0.007769555784761906, 0.009513791650533676, 0.04545757919549942, 0.03690211847424507, 0.02538062259554863, 0.007132762111723423, 0.003991767764091492, -0.01051761582493782, 0.006127945613116026, -0.003185007255524397, 0.031275250017642975, -0.039224423468112946, -0.029428454115986824, 0.025291811674833298, -0.011870629154145718, 0.03903380408883095, 0.02017691545188427, -0.0073770806193351746, 0.0297697726637125, -0.01156322006136179, 0.03508898988366127, -0.010045738890767097, 0.02175992541015148, 0.019009927287697792, 0.03939821943640709, 0.02801605686545372, -0.004553479142487049, 0.005165727809071541, -0.025290049612522125, 0.02116917073726654]","['5eb3b6ada93da9a439a6a089610c5a2342e88e405d729fa96e1fd6f9aaca000c', '9bea26ad27e4a0638e1cfd6070ec870e826ee8eeb36d1e79fc12e657bf5a3303']","['8e862931ff81db05d20cf700398edcbaf6d38093234ebf170c574ac0352f3b6d', '4513ae81f50070ef55629ac054f9aff767c9447c732f4b94396d2240350b2189', 'c4b86fd9993777580fd931b4b6cdcea0cdf3d488c498880c7c3067a294baea63', '5eb3b6ada93da9a439a6a089610c5a2342e88e405d729fa96e1fd6f9aaca000c', '9bea26ad27e4a0638e1cfd6070ec870e826ee8eeb36d1e79fc12e657bf5a3303', '0f76c19a9559bf22ad6a14f4507809145e6e48d765c69de0dfa9818d5595de75', 'ce76dd3b0b11d5283aca2286aca8c5c9aeecd6818999bd2d6e60222812d851dc']",1549837108568
372,385e5145e1cfe37b5b60552c3ec0052932358144aed3722b98209b5190f3ecb5,"[-0.1583787202835083, 0.06084762513637543, -0.12272752076387405, -0.10745912790298462, 0.11173003166913986, 0.06543697416782379, 0.006281038746237755, -0.02474350854754448, -0.05652036890387535, -0.04934067279100418, 0.010170556604862213, 0.06863375753164291, 0.10036608576774597, 0.0038139387033879757, -0.03530728071928024, -0.08054742962121964, 0.02947029285132885, 0.03478536754846573, 0.00856188777834177, -0.012533875182271004, 0.007769555784761906, 0.009513791650533676, 0.04545757919549942, 0.03690211847424507, 0.02538062259554863, 0.007132762111723423, 0.003991767764091492, -0.01051761582493782, 0.006127945613116026, -0.003185007255524397, 0.031275250017642975, -0.039224423468112946, -0.029428454115986824, 0.025291811674833298, -0.011870629154145718, 0.03903380408883095, 0.02017691545188427, -0.0073770806193351746, 0.0297697726637125, -0.01156322006136179, 0.03508898988366127, -0.010045738890767097, 0.02175992541015148, 0.019009927287697792, 0.03939821943640709, 0.02801605686545372, -0.004553479142487049, 0.005165727809071541, -0.025290049612522125, 0.02116917073726654]","['5eb3b6ada93da9a439a6a089610c5a2342e88e405d729fa96e1fd6f9aaca000c', '9bea26ad27e4a0638e1cfd6070ec870e826ee8eeb36d1e79fc12e657bf5a3303']","['8e862931ff81db05d20cf700398edcbaf6d38093234ebf170c574ac0352f3b6d', '4513ae81f50070ef55629ac054f9aff767c9447c732f4b94396d2240350b2189', 'c4b86fd9993777580fd931b4b6cdcea0cdf3d488c498880c7c3067a294baea63', '5eb3b6ada93da9a439a6a089610c5a2342e88e405d729fa96e1fd6f9aaca000c', '9bea26ad27e4a0638e1cfd6070ec870e826ee8eeb36d1e79fc12e657bf5a3303', '0f76c19a9559bf22ad6a14f4507809145e6e48d765c69de0dfa9818d5595de75', 'ce76dd3b0b11d5283aca2286aca8c5c9aeecd6818999bd2d6e60222812d851dc']",1549837108568
373,67cf400516aa27d6df8cb0b62fe89fabec4cf5e348e0036103fe54eb037ac286,"[-0.1480245143175125, 0.0401659794151783, -0.09904873371124268, -0.06590823829174042, 0.036604613065719604, 0.06400971859693527, 0.00990641862154007, -0.09095741808414459, -0.05817654728889465, -0.07542900741100311, -0.014184711501002312, 0.05587060749530792, 0.008317634463310242, -0.015776947140693665, 0.022287972271442413, -0.020750507712364197, -0.004919718019664288, 0.04789414629340172, 0.0007005827501416206, 0.004051036201417446, -0.012724129483103752, 0.01054604072123766, 0.001827842090278864, 0.0010513593442738056, 0.0030785687267780304, -0.011850085109472275, -0.009920461103320122, -0.016190676018595695, 0.012801009230315685, 0.0021747432183474302, 0.03482192009687424, -0.05870585888624191, -0.042505573481321335, 0.010293864645063877, -0.02408725395798683, 0.03870733827352524, 0.015593666583299637, -0.008377629332244396, 0.02578877843916416, -0.015216602943837643, 0.04957856982946396, -0.0005623581819236279, 0.025683293119072914, 0.03382556885480881, 0.05780408903956413, 0.01892547681927681, -0.005962833762168884, 0.006322925910353661, -0.03758492320775986, 0.030673351138830185]",['9bea26ad27e4a0638e1cfd6070ec870e826ee8eeb36d1e79fc12e657bf5a3303'],"['8e862931ff81db05d20cf700398edcbaf6d38093234ebf170c574ac0352f3b6d', '4513ae81f50070ef55629ac054f9aff767c9447c732f4b94396d2240350b2189', 'd18bbee2bf1a3bb892399c3d902c7a8675ed6e459891c5325c57c4b993bffedd', '9a4e698486b765d426c1bbd70ca4656864310a433a2182e4fa40ca6afbe8f2ae', 'ce76dd3b0b11d5283aca2286aca8c5c9aeecd6818999bd2d6e60222812d851dc', '98205a6c8a920c5c44ac0e1c941d226f0da74b4bba98531b4cb225fe7a1f46bc', 'c4b86fd9993777580fd931b4b6cdcea0cdf3d488c498880c7c3067a294baea63', '5eb3b6ada93da9a439a6a089610c5a2342e88e405d729fa96e1fd6f9aaca000c', '9bea26ad27e4a0638e1cfd6070ec870e826ee8eeb36d1e79fc12e657bf5a3303', '0f76c19a9559bf22ad6a14f4507809145e6e48d765c69de0dfa9818d5595de75']",1549755868061
374,67cf400516aa27d6df8cb0b62fe89fabec4cf5e348e0036103fe54eb037ac286,"[-0.1480245143175125, 0.0401659794151783, -0.09904873371124268, -0.06590823829174042, 0.036604613065719604, 0.06400971859693527, 0.00990641862154007, -0.09095741808414459, -0.05817654728889465, -0.07542900741100311, -0.014184711501002312, 0.05587060749530792, 0.008317634463310242, -0.015776947140693665, 0.022287972271442413, -0.020750507712364197, -0.004919718019664288, 0.04789414629340172, 0.0007005827501416206, 0.004051036201417446, -0.012724129483103752, 0.01054604072123766, 0.001827842090278864, 0.0010513593442738056, 0.0030785687267780304, -0.011850085109472275, -0.009920461103320122, -0.016190676018595695, 0.012801009230315685, 0.0021747432183474302, 0.03482192009687424, -0.05870585888624191, -0.042505573481321335, 0.010293864645063877, -0.02408725395798683, 0.03870733827352524, 0.015593666583299637, -0.008377629332244396, 0.02578877843916416, -0.015216602943837643, 0.04957856982946396, -0.0005623581819236279, 0.025683293119072914, 0.03382556885480881, 0.05780408903956413, 0.01892547681927681, -0.005962833762168884, 0.006322925910353661, -0.03758492320775986, 0.030673351138830185]",['9bea26ad27e4a0638e1cfd6070ec870e826ee8eeb36d1e79fc12e657bf5a3303'],"['8e862931ff81db05d20cf700398edcbaf6d38093234ebf170c574ac0352f3b6d', '4513ae81f50070ef55629ac054f9aff767c9447c732f4b94396d2240350b2189', 'd18bbee2bf1a3bb892399c3d902c7a8675ed6e459891c5325c57c4b993bffedd', '9a4e698486b765d426c1bbd70ca4656864310a433a2182e4fa40ca6afbe8f2ae', 'ce76dd3b0b11d5283aca2286aca8c5c9aeecd6818999bd2d6e60222812d851dc', '98205a6c8a920c5c44ac0e1c941d226f0da74b4bba98531b4cb225fe7a1f46bc', 'c4b86fd9993777580fd931b4b6cdcea0cdf3d488c498880c7c3067a294baea63', '5eb3b6ada93da9a439a6a089610c5a2342e88e405d729fa96e1fd6f9aaca000c', '9bea26ad27e4a0638e1cfd6070ec870e826ee8eeb36d1e79fc12e657bf5a3303', '0f76c19a9559bf22ad6a14f4507809145e6e48d765c69de0dfa9818d5595de75']",1549755868061
375,67cf400516aa27d6df8cb0b62fe89fabec4cf5e348e0036103fe54eb037ac286,"[-0.23447352647781372, 0.16758784651756287, 0.06052117794752121, -0.07570861279964447, 0.021976638585329056, -0.0093833701685071, -0.08984646946191788, -0.05079010874032974, 0.0222901813685894, -0.05232514813542366, -0.20231421291828156, 0.05004294216632843, -0.09869913011789322, 0.16159740090370178, -0.10004770755767822, -0.0538431778550148, -0.003667726181447506, 0.09569506347179413, 0.004537966102361679, -0.04205331206321716, -0.07887408137321472, -0.005046964157372713, 0.04372548684477806, -0.05636171996593475, -0.051811374723911285, -0.030479058623313904, -0.0015563545748591423, -0.025827262550592422, 0.046535830944776535, 0.04691939055919647, 0.056491486728191376, -0.07736866176128387, -0.011158749461174011, 0.05601175129413605, -0.024470563977956772, 0.05151757597923279, 0.031205181032419205, 0.014092765748500824, 0.03725655376911163, -0.05725070461630821, 0.05406448245048523, 0.02805856242775917, 0.023779548704624176, 0.031606048345565796, 0.05680419132113457, 0.0202109906822443, -0.008291716687381268, 0.02958454191684723, -0.059981800615787506, 0.03856220841407776]",['9b8307ac73d32414c7e65c97e86436275fcfe55339fe3a9d40048cad504b1faa'],"['899fe406716fedfc1e9f04a80698a8327be07b2ce3a10a0c07c22b552ea14c45', '716dd76a3ba8303ce0e6675413507e463a09942bc4ea5c6e2cd3d7ce28f087c1', '9b8307ac73d32414c7e65c97e86436275fcfe55339fe3a9d40048cad504b1faa', '8b790052dcd362867942b9010a249cdf723605252d03ad312a1d1f116da56fc0', '2eb728e1893912dee8ae109664b5b186dfc5b0927da453992004db112151970b', '4752ab9a6a35fb166e9071ff4084ebe960c3af751dbd3664067d4cbc50a1f5d7', 'e9ee6868b5001f3a706713ff50b01ac7e19e438becf57197966cd74b42f90d33', '23a692ba6edef484285682ff3383c8f60686f257eb7cfd8a20f0e422773d9542', 'd244309e25a4a9add953ff31073e4477ce8b2b34260e25da870495787ed6da45']",1549755938817
376,67cf400516aa27d6df8cb0b62fe89fabec4cf5e348e0036103fe54eb037ac286,"[-0.23447352647781372, 0.16758784651756287, 0.06052117794752121, -0.07570861279964447, 0.021976638585329056, -0.0093833701685071, -0.08984646946191788, -0.05079010874032974, 0.0222901813685894, -0.05232514813542366, -0.20231421291828156, 0.05004294216632843, -0.09869913011789322, 0.16159740090370178, -0.10004770755767822, -0.0538431778550148, -0.003667726181447506, 0.09569506347179413, 0.004537966102361679, -0.04205331206321716, -0.07887408137321472, -0.005046964157372713, 0.04372548684477806, -0.05636171996593475, -0.051811374723911285, -0.030479058623313904, -0.0015563545748591423, -0.025827262550592422, 0.046535830944776535, 0.04691939055919647, 0.056491486728191376, -0.07736866176128387, -0.011158749461174011, 0.05601175129413605, -0.024470563977956772, 0.05151757597923279, 0.031205181032419205, 0.014092765748500824, 0.03725655376911163, -0.05725070461630821, 0.05406448245048523, 0.02805856242775917, 0.023779548704624176, 0.031606048345565796, 0.05680419132113457, 0.0202109906822443, -0.008291716687381268, 0.02958454191684723, -0.059981800615787506, 0.03856220841407776]",['9b8307ac73d32414c7e65c97e86436275fcfe55339fe3a9d40048cad504b1faa'],"['899fe406716fedfc1e9f04a80698a8327be07b2ce3a10a0c07c22b552ea14c45', '716dd76a3ba8303ce0e6675413507e463a09942bc4ea5c6e2cd3d7ce28f087c1', '9b8307ac73d32414c7e65c97e86436275fcfe55339fe3a9d40048cad504b1faa', '8b790052dcd362867942b9010a249cdf723605252d03ad312a1d1f116da56fc0', '2eb728e1893912dee8ae109664b5b186dfc5b0927da453992004db112151970b', '4752ab9a6a35fb166e9071ff4084ebe960c3af751dbd3664067d4cbc50a1f5d7', 'e9ee6868b5001f3a706713ff50b01ac7e19e438becf57197966cd74b42f90d33', '23a692ba6edef484285682ff3383c8f60686f257eb7cfd8a20f0e422773d9542', 'd244309e25a4a9add953ff31073e4477ce8b2b34260e25da870495787ed6da45']",1549755938817
377,45852f220f67e118f8211d96e4655865685396ac8071f8e4198fb18e9d33463f,"[0.07848496735095978, -0.38296961784362793, 0.15809668600559235, 0.09741935133934021, 0.045088790357112885, -0.0029716752469539642, 0.038805700838565826, -0.020111557096242905, -0.004051555879414082, 0.09127026796340942, -0.023427221924066544, 0.04619966074824333, 0.012671275064349174, -0.0014291051775217056, -0.0492049865424633, -0.016914324834942818, -0.05238143727183342, -0.03166321665048599, 0.08299383521080017, 0.04630221426486969, -0.042285218834877014, -0.006353460252285004, -0.0033101430162787437, 0.01702873967587948, 0.052108731120824814, -0.022246316075325012, 0.05762866139411926, 0.027889376506209373, -0.023149605840444565, 0.03418358787894249, -0.0007664482109248638, -0.012044223956763744, -0.013373078778386116, -0.008522636257112026, 0.04826806113123894, -0.004063798114657402, 0.038715340197086334, -0.017286593094468117, -0.020101696252822876, -0.02655239775776863, -0.0006660483777523041, 0.032004643231630325, 0.006010531913489103, -0.029232945293188095, 0.06237028166651726, 0.008355694822967052, -0.016877293586730957, 0.0017663491889834404, 0.03445876017212868, -0.005855550058186054]",,"['9b1fd0ebdc40ef190639ba150abace49206395aa0ec5c20397d99e2176a07f3a', '76209e6a1f4e012824e5107dd44559acf9f2be7ba2d4a32c2c3363a327c326b8', '300a4b8d2df2f07600ab7acd54fbe0717031bb9aeb96bc16a7758cc98f30614d']",1548081327812
378,45852f220f67e118f8211d96e4655865685396ac8071f8e4198fb18e9d33463f,"[-0.06742224097251892, -0.24387192726135254, 0.05310053378343582, 0.08001784235239029, 0.0545925572514534, -0.0003103427588939667, 0.05807623267173767, -0.022248048335313797, 0.05829770117998123, -0.0628308430314064, -0.027196751907467842, -0.03739280626177788, -0.08128920197486877, 0.05498260632157326, -0.005879659671336412, -0.0011207375209778547, 0.03776993602514267, -0.02827964723110199, -4.1173771023750305e-05, 0.02017691358923912, 0.038473598659038544, 0.012414852157235146, -0.04878243803977966, -0.03583389148116112, -0.035987839102745056, 0.0029663220047950745, -0.05041223764419556, -0.021002991124987602, 0.030839616432785988, -0.02503468468785286, -0.011293934658169746, 0.017227889969944954, 0.05175032466650009, 0.04627978056669235, -0.037972673773765564, 0.03457409888505936, 0.007889327593147755, -0.029992423951625824, 0.03600632771849632, 0.056753970682621, -0.010502958670258522, -0.033458396792411804, -0.02491285279393196, 0.03497719392180443, 0.019210567697882652, 0.014601865783333778, -0.0883617028594017, 0.03583027422428131, 0.022470299154520035, 0.1088213324546814]",,"['9b1fd0ebdc40ef190639ba150abace49206395aa0ec5c20397d99e2176a07f3a', '76209e6a1f4e012824e5107dd44559acf9f2be7ba2d4a32c2c3363a327c326b8', '300a4b8d2df2f07600ab7acd54fbe0717031bb9aeb96bc16a7758cc98f30614d']",1548081344485
379,45852f220f67e118f8211d96e4655865685396ac8071f8e4198fb18e9d33463f,"[0.02108641527593136, -0.36342689394950867, 0.06951326131820679, 0.21224069595336914, -0.052644822746515274, 0.19760125875473022, 0.08901654183864594, 0.06226154416799545, -0.030586248263716698, -0.14789068698883057, -0.05250692740082741, 0.034252509474754333, 0.08313912898302078, 0.027339931577444077, 0.0957384705543518, -0.04236358404159546, -0.052415668964385986, -0.06224604323506355, 0.056954361498355865, 0.10363516956567764, 0.04218132793903351, 0.027962222695350647, -0.08382560312747955, 0.02284878119826317, 0.0023961032275110483, -0.03228163719177246, 0.06842131167650223, 0.055457960814237595, 0.11182880401611328, -0.031380247324705124, 0.05810749530792236, -0.00320902606472373, -0.026438336819410324, 0.07649726420640945, 0.013982664793729782, 0.028660528361797333, 0.0628252774477005, 0.09957236051559448, -0.002871036995202303, 0.06808196753263474, -0.018852923065423965, -0.052148669958114624, -0.0015506003983318806, 0.020304692909121513, 0.012612804770469666, 0.011103185825049877, 0.025470200926065445, -0.08591528236865997, 0.15012794733047485, 0.05093177407979965]",,"['6d0542299dcea89ddd26618c8de89f6c3627c83111f39218ba86336e16315b0f', '4951550c72cc2037a518e53c388f1f29b65c3349fcb771314a0c53da58e2722e', 'f9559af0d8c12d23b133f8ef1e4c55ca4b0ff600cf57b12e11b4282b8a44a429', '78870fb9d68ba7d83affe8e1434c71cba2eeacfc1b6d6d91136a82dca613afbc', '2869f7cb9086809a4c3cd8442b0e4b21a0c86a255a3644c495598ab68272ffdb', '9d619f397655ac77c582f9f7fae6959323fc29fd4f7f7ce04ad18936067a09bb', 'ea3fcbbc0547faba74b17d3bbdae4d4048837b824b08f900b883f744bd790cfd', 'a60381b5843a0db404314ebdb13c38dbd67b0446a74e059771a5c7ce97779815', '5e4f42dc53ef33703e307c4c56b422195c492d5bea8d4bf7fb2c8ebd12ab786d', '62dbd29e5b0a6932958e51019069f5343f40131a9a456f8884989c0f033a7312', 'c37435490064b9c37efbab7683e1c47e9cebc5564061e9f25b78f5dcded32f2e', '5b0e510200eb80be520eb2a0b9a3c5419315c3a7164fad6a1529e1241dfe1d06', '5be7970e89cd2db90b6753ca4cd0116819985ca509806c26433f17aeb90bc4a9', 'cc5d90c445a0566eeebcc50dccc037ed5b7499899c0ee4e4b7de152034c5b08d', '928757adae7ac7c6d1e393a7b339e48258c8082785d9a82dc6adf8a15ff3f65c', '1f5d094e26ba93f8b8316aa7bef86621ea05dd6badd700d47bba4cd6c8c681dc']",1548081469994
380,45852f220f67e118f8211d96e4655865685396ac8071f8e4198fb18e9d33463f,"[-0.011320232413709164, -0.046490903943777084, -0.22040560841560364, 0.29800599813461304, -0.02379995957016945, -0.108096182346344, 0.11126069724559784, 0.04913058504462242, -0.07561880350112915, -0.0994170606136322, -0.00786634348332882, 0.060319527983665466, 0.08595918118953705, 0.11276064068078995, 0.08336623013019562, 0.1415501832962036, -0.029624368995428085, -0.009305273182690144, -0.027917835861444473, 0.1396591067314148, 0.05600111559033394, -0.06694792211055756, 0.035677000880241394, -0.02335321344435215, -0.11396108567714691, -0.008307002484798431, 0.06285180896520615, 0.12392841279506683, 0.019272521138191223, 0.021732227876782417, 0.11076812446117401, -0.005805306136608124, 0.08029694110155106, 0.045424267649650574, -0.0021792592015117407, 0.10862350463867188, -0.033650510013103485, 0.014352444559335709, 0.03732873126864433, 0.08551475405693054, 0.05812680721282959, -0.05274203047156334, -0.09230100363492966, 0.04102645814418793, -0.03928275406360626, 0.04152365028858185, -0.09327564388513565, -0.06932740658521652, 0.13954882323741913, 0.08149462193250656]",,"['6d0542299dcea89ddd26618c8de89f6c3627c83111f39218ba86336e16315b0f', '928757adae7ac7c6d1e393a7b339e48258c8082785d9a82dc6adf8a15ff3f65c', '4951550c72cc2037a518e53c388f1f29b65c3349fcb771314a0c53da58e2722e', 'f9559af0d8c12d23b133f8ef1e4c55ca4b0ff600cf57b12e11b4282b8a44a429', 'ea3fcbbc0547faba74b17d3bbdae4d4048837b824b08f900b883f744bd790cfd', '5b0e510200eb80be520eb2a0b9a3c5419315c3a7164fad6a1529e1241dfe1d06', '5be7970e89cd2db90b6753ca4cd0116819985ca509806c26433f17aeb90bc4a9', 'cc5d90c445a0566eeebcc50dccc037ed5b7499899c0ee4e4b7de152034c5b08d', '1f5d094e26ba93f8b8316aa7bef86621ea05dd6badd700d47bba4cd6c8c681dc', '9d619f397655ac77c582f9f7fae6959323fc29fd4f7f7ce04ad18936067a09bb', 'a60381b5843a0db404314ebdb13c38dbd67b0446a74e059771a5c7ce97779815', '5e4f42dc53ef33703e307c4c56b422195c492d5bea8d4bf7fb2c8ebd12ab786d', '78870fb9d68ba7d83affe8e1434c71cba2eeacfc1b6d6d91136a82dca613afbc', '62dbd29e5b0a6932958e51019069f5343f40131a9a456f8884989c0f033a7312', '2869f7cb9086809a4c3cd8442b0e4b21a0c86a255a3644c495598ab68272ffdb', 'c37435490064b9c37efbab7683e1c47e9cebc5564061e9f25b78f5dcded32f2e', 'a9508c484ef4f32d964ad861ebde82f37ef6c0df430d60bc1f6086c3e9552245', 'c0d98da19fca7d20e6ba3e724f693eda3ce8599631d860db05b9fb5a2199aab0', 'a316d605bc35b37e68a0d762a9f3cc323838902146d427d5eb65326b7047734c', '85e22d5238d3edbe1b710d650936aed5fd7b749cdf07ab1d2cabcc88f6bdda07', 'd2ba8ba6a6f50a624ad8ec2b3694531038e327ed1cced909d1895048e412cc98', 'bdd98e958a8cb9d2a1729dc793be5ea3f7c889053724b651ab67cbe4d052c596', '46f2b1fa95e6e5b3b431bbdd22567b4c58f9ddac4e6e64a1e7b736efd18c9e26', '42358241f8f089305781f3585432d82137fd02816263a75960845cecc302e844', 'ab5f291378a0058b21958983e08c60acc5a060895633ddf8aa319acdc8b8f62a']",1548081484974
381,243107860c7b543d120bed382da55e78da67f77e4f702ca47aefe653a0d5a3a8,"[-0.2729020416736603, 0.228306382894516, 0.29782727360725403, 0.03689327836036682, 0.1042276918888092, -0.02365647442638874, 0.0019412748515605927, 0.23348286747932434, -0.15930581092834473, 0.08138353377580643, -0.1269567757844925, -0.04837166145443916, 0.016887202858924866, -0.05459560453891754, 0.1427907943725586, 0.005108152516186237, -0.0592365525662899, 0.022203875705599785, -0.0402100645005703, 0.002971416339278221, 0.05645396560430527, 0.05293957144021988, -0.03705444931983948, -0.038823578506708145, -0.030452150851488113, 0.022227749228477478, 0.013413367792963982, 0.0590987429022789, -0.07900779694318771, 0.01336810551583767, -0.01255329605191946, -0.0034721428528428078, -0.013851417228579521, 0.0010890616104006767, 0.012252307496964931, -0.050270989537239075, 0.0316091850399971, -0.025586554780602455, -0.019672011956572533, 0.0018573962152004242, 0.030350692570209503, 0.03243999183177948, 0.019616663455963135, -0.008660062216222286, 0.028981205075979233, -0.021050047129392624, -0.0006793385837227106, -0.004197896923869848, -0.020991995930671692, -0.005632854998111725]",,"['7d9477e185a937fbffd03adefa30c84ee1d7e68b1fdae14cbcecbaca86286992', '67c9c006eff1be394e992acc3b495e9e5936fadb5f561bf803310e45d73a802e', 'fe752bd39fd0ab541312cf035dcf0071092e9bd56a886ac4d714ca44c40fb1b7', 'ab6457b9f86a9ebb25f5f6b836a9f65d4a1808f4c3934ff52fe8725b50104463', '4935dd5a99464947da1233fe801d46c71c0db4ef8f34075e5357e78ec644117f', 'f3aab41b6ba992467282ee7fa257b4d86a9615b04db9de52caf03ef4cc26ae62']",1548045219717
382,243107860c7b543d120bed382da55e78da67f77e4f702ca47aefe653a0d5a3a8,"[-0.2729020416736603, 0.228306382894516, 0.29782727360725403, 0.03689327836036682, 0.1042276918888092, -0.02365647442638874, 0.0019412748515605927, 0.23348286747932434, -0.15930581092834473, 0.08138353377580643, -0.1269567757844925, -0.04837166145443916, 0.016887202858924866, -0.05459560453891754, 0.1427907943725586, 0.005108152516186237, -0.0592365525662899, 0.022203875705599785, -0.0402100645005703, 0.002971416339278221, 0.05645396560430527, 0.05293957144021988, -0.03705444931983948, -0.038823578506708145, -0.030452150851488113, 0.022227749228477478, 0.013413367792963982, 0.0590987429022789, -0.07900779694318771, 0.01336810551583767, -0.01255329605191946, -0.0034721428528428078, -0.013851417228579521, 0.0010890616104006767, 0.012252307496964931, -0.050270989537239075, 0.0316091850399971, -0.025586554780602455, -0.019672011956572533, 0.0018573962152004242, 0.030350692570209503, 0.03243999183177948, 0.019616663455963135, -0.008660062216222286, 0.028981205075979233, -0.021050047129392624, -0.0006793385837227106, -0.004197896923869848, -0.020991995930671692, -0.005632854998111725]",,"['7d9477e185a937fbffd03adefa30c84ee1d7e68b1fdae14cbcecbaca86286992', '67c9c006eff1be394e992acc3b495e9e5936fadb5f561bf803310e45d73a802e', 'fe752bd39fd0ab541312cf035dcf0071092e9bd56a886ac4d714ca44c40fb1b7', 'ab6457b9f86a9ebb25f5f6b836a9f65d4a1808f4c3934ff52fe8725b50104463', '4935dd5a99464947da1233fe801d46c71c0db4ef8f34075e5357e78ec644117f', 'f3aab41b6ba992467282ee7fa257b4d86a9615b04db9de52caf03ef4cc26ae62']",1548045219717
383,243107860c7b543d120bed382da55e78da67f77e4f702ca47aefe653a0d5a3a8,"[-0.2729020416736603, 0.228306382894516, 0.29782727360725403, 0.03689327836036682, 0.1042276918888092, -0.02365647442638874, 0.0019412748515605927, 0.23348286747932434, -0.15930581092834473, 0.08138353377580643, -0.1269567757844925, -0.04837166145443916, 0.016887202858924866, -0.05459560453891754, 0.1427907943725586, 0.005108152516186237, -0.0592365525662899, 0.022203875705599785, -0.0402100645005703, 0.002971416339278221, 0.05645396560430527, 0.05293957144021988, -0.03705444931983948, -0.038823578506708145, -0.030452150851488113, 0.022227749228477478, 0.013413367792963982, 0.0590987429022789, -0.07900779694318771, 0.01336810551583767, -0.01255329605191946, -0.0034721428528428078, -0.013851417228579521, 0.0010890616104006767, 0.012252307496964931, -0.050270989537239075, 0.0316091850399971, -0.025586554780602455, -0.019672011956572533, 0.0018573962152004242, 0.030350692570209503, 0.03243999183177948, 0.019616663455963135, -0.008660062216222286, 0.028981205075979233, -0.021050047129392624, -0.0006793385837227106, -0.004197896923869848, -0.020991995930671692, -0.005632854998111725]",,"['7d9477e185a937fbffd03adefa30c84ee1d7e68b1fdae14cbcecbaca86286992', '67c9c006eff1be394e992acc3b495e9e5936fadb5f561bf803310e45d73a802e', 'fe752bd39fd0ab541312cf035dcf0071092e9bd56a886ac4d714ca44c40fb1b7', 'ab6457b9f86a9ebb25f5f6b836a9f65d4a1808f4c3934ff52fe8725b50104463', '4935dd5a99464947da1233fe801d46c71c0db4ef8f34075e5357e78ec644117f', 'f3aab41b6ba992467282ee7fa257b4d86a9615b04db9de52caf03ef4cc26ae62']",1548045219717
384,243107860c7b543d120bed382da55e78da67f77e4f702ca47aefe653a0d5a3a8,"[-0.24306917190551758, 0.048478931188583374, 0.08747804164886475, -0.18443357944488525, 0.11673755943775177, -0.09750895202159882, -0.011541572399437428, 0.11130150407552719, 0.14442390203475952, 0.015973564237356186, -0.07749719172716141, -0.015302661806344986, 0.025780756026506424, -0.0637671947479248, 0.12558162212371826, 0.016194526106119156, -0.09841002523899078, 0.013906349427998066, 0.010463884100317955, 0.09927740693092346, -0.08443300426006317, -0.011589056812226772, -0.046633943915367126, -0.011500153690576553, -0.03567012399435043, 0.03545673191547394, -0.036393556743860245, 0.005208590999245644, -0.01058876421302557, 0.01598222926259041, 0.0048484234139323235, -0.03517332300543785, -0.0023047933354973793, -0.027189722284674644, 0.00034535955637693405, 0.01264917105436325, 0.006185547914355993, 0.020096689462661743, -0.010980161838233471, 0.00908404216170311, -0.005237344186753035, -0.021613910794258118, 0.03488890454173088, 0.00369673827663064, -0.009787876158952713, -0.061241909861564636, 0.024832479655742645, -0.017485404387116432, 0.0005898782983422279, 0.034203507006168365]",,"['2c4d514574e1d198d5fe7abb95b780e4ae6ed8939daae1fab039da4455cc00f1', 'b20002b23d355191517297e9fab609f2eff2677099981281e5360cbb2f668846', 'e7f1f9b9df18c53c0073a9fb3a1876fb931655b3c6f2d421d445ab0f0ab2ed4c', 'a3af2c15de39a8c871f654fbc33e9e03f6d21892338e8b73100473c83617555a', '3b59c7591dd71a2ade8df707e4b1d4e65ef6d1b165aabf54191feccf056b93df', 'eb2dd0152dcc9bb71d49613bd407ad1785cca554f724301b5755d4e5e0aa244e', '30c1a0108294662989d7988b822479943cc809a63745d68ae7f0bb2a2a60b828', 'e19e059739bb6c370b9f28f3018a7f38670e0151fb6ff3f4b4321f7873893f58', '5685aa06a4dffa1702d5b122f783b259d8610d37eee2cef6783d995786059609', '93842639a5e4aedb633a63baf0f63ebba1eb19f5e83a77b5e13896185f376770', '36e80ad9236c14e7ef1aacb26356ab6a59bc2f455f839336d01dd9e8b1362241', '01501449c53f084d18dc743c4b1a791c863a69e338027eb41f4a9db59f8611c0', '707a07dd5229d183cffb8e875878ea93606de56810f2cab36f6c2efe46d818ed', '54c752ffebda024df86cac7338cb2c4579fd4f3c960088984c6ef82d1250523a', '983d92391f7db7d45005e0d0c61387dea6a05116ae5c5260b90c82a55dc15121', '1c1991b1ee586814b8a56069efd099092dcd19937d75d88a3550fd2b80ff038e', '63db66f63e63d58a85cd7b9e346ed4a4987d4ac7665d972283350a1017d9d12d', '5e6074fcd06ea671ea69d461f403646b12266245069fc5cf06c27ccb723a4b8e', '1dc29f1c06f77aba46b4c20091fdecc04bfcbdd44de5c1b669c57a1d58341060', '36e876648a0bd89f332c1a2a7762ccba5b3085cd0bdc86f412ebd88739a8a17e', '8ede7b61e4ca7ae5668f6d617afb3fc3f16457bd3c103e0b311c04e79094dd91', 'bd2d876334ce2e26b559786045e5ec8fe5e6fa340635ede44b03191da3c76c91', 'ab99c79009cb45944fd5f3420d6d03ede023847344955d5970db42330c42cdb5', '67bd86162f6fd64853d7dabb31d3ffb4ba492dc8b4d7be25668ddc639051f865', 'f8b07b06d59360a24026d2d88f780204a23652c7773b345bec1f039f59a6bc81']",1548045373310
385,243107860c7b543d120bed382da55e78da67f77e4f702ca47aefe653a0d5a3a8,"[-0.24306917190551758, 0.048478931188583374, 0.08747804164886475, -0.18443357944488525, 0.11673755943775177, -0.09750895202159882, -0.011541572399437428, 0.11130150407552719, 0.14442390203475952, 0.015973564237356186, -0.07749719172716141, -0.015302661806344986, 0.025780756026506424, -0.0637671947479248, 0.12558162212371826, 0.016194526106119156, -0.09841002523899078, 0.013906349427998066, 0.010463884100317955, 0.09927740693092346, -0.08443300426006317, -0.011589056812226772, -0.046633943915367126, -0.011500153690576553, -0.03567012399435043, 0.03545673191547394, -0.036393556743860245, 0.005208590999245644, -0.01058876421302557, 0.01598222926259041, 0.0048484234139323235, -0.03517332300543785, -0.0023047933354973793, -0.027189722284674644, 0.00034535955637693405, 0.01264917105436325, 0.006185547914355993, 0.020096689462661743, -0.010980161838233471, 0.00908404216170311, -0.005237344186753035, -0.021613910794258118, 0.03488890454173088, 0.00369673827663064, -0.009787876158952713, -0.061241909861564636, 0.024832479655742645, -0.017485404387116432, 0.0005898782983422279, 0.034203507006168365]",,"['2c4d514574e1d198d5fe7abb95b780e4ae6ed8939daae1fab039da4455cc00f1', 'b20002b23d355191517297e9fab609f2eff2677099981281e5360cbb2f668846', 'e7f1f9b9df18c53c0073a9fb3a1876fb931655b3c6f2d421d445ab0f0ab2ed4c', 'a3af2c15de39a8c871f654fbc33e9e03f6d21892338e8b73100473c83617555a', '3b59c7591dd71a2ade8df707e4b1d4e65ef6d1b165aabf54191feccf056b93df', 'eb2dd0152dcc9bb71d49613bd407ad1785cca554f724301b5755d4e5e0aa244e', '30c1a0108294662989d7988b822479943cc809a63745d68ae7f0bb2a2a60b828', 'e19e059739bb6c370b9f28f3018a7f38670e0151fb6ff3f4b4321f7873893f58', '5685aa06a4dffa1702d5b122f783b259d8610d37eee2cef6783d995786059609', '93842639a5e4aedb633a63baf0f63ebba1eb19f5e83a77b5e13896185f376770', '36e80ad9236c14e7ef1aacb26356ab6a59bc2f455f839336d01dd9e8b1362241', '01501449c53f084d18dc743c4b1a791c863a69e338027eb41f4a9db59f8611c0', '707a07dd5229d183cffb8e875878ea93606de56810f2cab36f6c2efe46d818ed', '54c752ffebda024df86cac7338cb2c4579fd4f3c960088984c6ef82d1250523a', '983d92391f7db7d45005e0d0c61387dea6a05116ae5c5260b90c82a55dc15121', '1c1991b1ee586814b8a56069efd099092dcd19937d75d88a3550fd2b80ff038e', '63db66f63e63d58a85cd7b9e346ed4a4987d4ac7665d972283350a1017d9d12d', '5e6074fcd06ea671ea69d461f403646b12266245069fc5cf06c27ccb723a4b8e', '1dc29f1c06f77aba46b4c20091fdecc04bfcbdd44de5c1b669c57a1d58341060', '36e876648a0bd89f332c1a2a7762ccba5b3085cd0bdc86f412ebd88739a8a17e', '8ede7b61e4ca7ae5668f6d617afb3fc3f16457bd3c103e0b311c04e79094dd91', 'bd2d876334ce2e26b559786045e5ec8fe5e6fa340635ede44b03191da3c76c91', 'ab99c79009cb45944fd5f3420d6d03ede023847344955d5970db42330c42cdb5', '67bd86162f6fd64853d7dabb31d3ffb4ba492dc8b4d7be25668ddc639051f865', 'f8b07b06d59360a24026d2d88f780204a23652c7773b345bec1f039f59a6bc81']",1548045373310
386,243107860c7b543d120bed382da55e78da67f77e4f702ca47aefe653a0d5a3a8,"[-0.24306917190551758, 0.048478931188583374, 0.08747804164886475, -0.18443357944488525, 0.11673755943775177, -0.09750895202159882, -0.011541572399437428, 0.11130150407552719, 0.14442390203475952, 0.015973564237356186, -0.07749719172716141, -0.015302661806344986, 0.025780756026506424, -0.0637671947479248, 0.12558162212371826, 0.016194526106119156, -0.09841002523899078, 0.013906349427998066, 0.010463884100317955, 0.09927740693092346, -0.08443300426006317, -0.011589056812226772, -0.046633943915367126, -0.011500153690576553, -0.03567012399435043, 0.03545673191547394, -0.036393556743860245, 0.005208590999245644, -0.01058876421302557, 0.01598222926259041, 0.0048484234139323235, -0.03517332300543785, -0.0023047933354973793, -0.027189722284674644, 0.00034535955637693405, 0.01264917105436325, 0.006185547914355993, 0.020096689462661743, -0.010980161838233471, 0.00908404216170311, -0.005237344186753035, -0.021613910794258118, 0.03488890454173088, 0.00369673827663064, -0.009787876158952713, -0.061241909861564636, 0.024832479655742645, -0.017485404387116432, 0.0005898782983422279, 0.034203507006168365]",,"['2c4d514574e1d198d5fe7abb95b780e4ae6ed8939daae1fab039da4455cc00f1', 'b20002b23d355191517297e9fab609f2eff2677099981281e5360cbb2f668846', 'e7f1f9b9df18c53c0073a9fb3a1876fb931655b3c6f2d421d445ab0f0ab2ed4c', 'a3af2c15de39a8c871f654fbc33e9e03f6d21892338e8b73100473c83617555a', '3b59c7591dd71a2ade8df707e4b1d4e65ef6d1b165aabf54191feccf056b93df', 'eb2dd0152dcc9bb71d49613bd407ad1785cca554f724301b5755d4e5e0aa244e', '30c1a0108294662989d7988b822479943cc809a63745d68ae7f0bb2a2a60b828', 'e19e059739bb6c370b9f28f3018a7f38670e0151fb6ff3f4b4321f7873893f58', '5685aa06a4dffa1702d5b122f783b259d8610d37eee2cef6783d995786059609', '93842639a5e4aedb633a63baf0f63ebba1eb19f5e83a77b5e13896185f376770', '36e80ad9236c14e7ef1aacb26356ab6a59bc2f455f839336d01dd9e8b1362241', '01501449c53f084d18dc743c4b1a791c863a69e338027eb41f4a9db59f8611c0', '707a07dd5229d183cffb8e875878ea93606de56810f2cab36f6c2efe46d818ed', '54c752ffebda024df86cac7338cb2c4579fd4f3c960088984c6ef82d1250523a', '983d92391f7db7d45005e0d0c61387dea6a05116ae5c5260b90c82a55dc15121', '1c1991b1ee586814b8a56069efd099092dcd19937d75d88a3550fd2b80ff038e', '63db66f63e63d58a85cd7b9e346ed4a4987d4ac7665d972283350a1017d9d12d', '5e6074fcd06ea671ea69d461f403646b12266245069fc5cf06c27ccb723a4b8e', '1dc29f1c06f77aba46b4c20091fdecc04bfcbdd44de5c1b669c57a1d58341060', '36e876648a0bd89f332c1a2a7762ccba5b3085cd0bdc86f412ebd88739a8a17e', '8ede7b61e4ca7ae5668f6d617afb3fc3f16457bd3c103e0b311c04e79094dd91', 'bd2d876334ce2e26b559786045e5ec8fe5e6fa340635ede44b03191da3c76c91', 'ab99c79009cb45944fd5f3420d6d03ede023847344955d5970db42330c42cdb5', '67bd86162f6fd64853d7dabb31d3ffb4ba492dc8b4d7be25668ddc639051f865', 'f8b07b06d59360a24026d2d88f780204a23652c7773b345bec1f039f59a6bc81']",1548045373310
387,cad565132b996690f0c3f237c255e3519ec13253f3f7fcfc074e8d501e94514e,"[-0.01703523099422455, 0.2120966613292694, -0.2914698123931885, 0.16366876661777496, -0.03629407659173012, 0.1813415139913559, 0.03291856497526169, 0.0106963524594903, 0.08582413196563721, 0.05450268089771271, 0.008726153522729874, 0.03287254646420479, 0.10118699073791504, 0.10979465395212173, 0.05132918432354927, 0.04708072543144226, -0.04076963663101196, 0.2662821412086487, 0.12654751539230347, 0.09238995611667633, -0.0064463187009096146, -0.023594779893755913, -0.04198434576392174, -0.008977962657809258, -0.007024332880973816, -0.09999758005142212, 0.05338596552610397, 0.01166732981801033, -0.020431499928236008, -0.004493527114391327, -0.013316381722688675, -0.047203510999679565, -0.04481644183397293, 0.0030170921236276627, 0.05154651403427124, 0.048629991710186005, -0.001714351586997509, -0.06206544488668442, -0.0021022148430347443, 0.08324611186981201, 0.008689070120453835, -0.024229297414422035, 0.0022814124822616577, -0.02160336636006832, 0.03305487334728241, -0.02938898652791977, -0.06290841847658157, 0.0461096316576004, -0.01652601733803749, 0.015503370203077793]",,['0d93cac5b3f1c5302956181ffe33de20e4e9f84a0cbfca74bccced111fd6c832'],1548369453744
388,cad565132b996690f0c3f237c255e3519ec13253f3f7fcfc074e8d501e94514e,"[-0.07448914647102356, 0.12217269092798233, -0.2779894471168518, 0.2501441240310669, -0.04266428202390671, 0.18664705753326416, 0.07518953084945679, 0.06295230239629745, 0.17246121168136597, 0.09303030371665955, -0.0007321657612919807, -0.0033443868160247803, 0.13286057114601135, 0.24207784235477448, 0.08778694272041321, 0.1559021770954132, 0.029708925634622574, 0.32347571849823, 0.09964191913604736, 0.09707237035036087, -0.002919553779065609, 0.009191889315843582, -0.024152599275112152, -0.02599896863102913, -0.10580768436193466, -0.06340177357196808, 0.07898866385221481, -0.037082456052303314, -0.10618092119693756, 0.02606850489974022, -0.03225422278046608, 0.05176788568496704, -0.05430220067501068, -0.001430276781320572, -0.0032969294115900993, -0.02603236399590969, -0.0559605211019516, -0.028704218566417694, 0.0174623504281044, 0.00863872841000557, 0.017125973477959633, -0.0017320914193987846, 0.02550928108394146, 0.025060215964913368, 0.024733662605285645, -0.03646475821733475, 0.04878511279821396, 0.014077987521886826, 0.05219251289963722, 0.015749555081129074]","['5165fc8ae07f2de2fd45240198d158a0349b61031465f143ad7133daf93f4411', '5165fc8ae07f2de2fd45240198d158a0349b61031465f143ad7133daf93f4411']","['d7b4c989162f5c2ba01fe61eaedae8a0fcf7525e2de133279534968a604a8136', 'cbcf7c27bb5d5fb9cbdfef0dc883f503d0ecf25c81da141b16f4297efd6075e9', 'e8f1d2279987ed370c16a507385be038f33f8735a16fafac6716d561b64d5a13', 'c167b75b424cd7a47c907fec7b4edccff33629cbd1cf9d346b0856d170a35973', '179b82df088162286f8aea038beb5f72b863b2e9580204e35a942d0f7d9bf1db', '5165fc8ae07f2de2fd45240198d158a0349b61031465f143ad7133daf93f4411', '3c5b844e7fcbb0aac9db9175078adab1e0d20eabaa5fdb1f6aad5af73ff7a021', '3725507e0847d2bffe6c79f20259d070d18c64315651a57d85cf72cfc0dada8d', 'fa76e8f3af336bd055379121222948d718e266b97ff9ffea905047d927828c51', 'dcf04abee757c821bd397d978010f021286b4a9ad13782695e3fdfea7d033a25', '5485d09830a1d261da98eadd4d4ed52091aaa5c61c8da512a925f3e2092e25de', 'c7f3d573c517527c40ba910fe0301f22bc96c0e0d0763571300d8a756b71825f', 'f06db99a2878be7ebf933bc1cfe7e45316ef097beb1a794f4362f3eb27d6531d', '61478f24a84658dcc2d5f7968f3a62efa6b432d894ad6d38c253aa0f11556a5f', '2cdc25b657c14e52447e7a9a968aabd372780ed1be5fda8101e7ecbdb14fd167', '4c0ecd616549be57bc1772b66a168e3116cc767099aabff5f5c084b648e6fffb', 'b36c5c0a87022454db5024a9132a0ba2388e51940071ce2c4b542bcb20a5be03', 'f51514543cbe7720efbacfe285f53b033526f7ca7145e97d4c55cc3221985e05', '030a2c6fe1f6032a82b09cdfeaf3cd5cea3fd93b24eaa1a3a8d12c8122e66285', 'c44ceadbed3563a62f4807ec27cbda403f6094794d5c3b290fa2682cb5b00464', 'f84a0578023ff6388ae25e2ee748768d8cd57b3329f93a037a5e354643db06d4', 'a10e86fb3a26306e26d4ba1ca0ab55ffc07e1a371972f07fda67a477389e53c7', 'e623f2601118cb2554eee6eacd24fe29bbd53a575f98d0d5962d2f164143747c', '5863b5f8371b57ddfa0c80afe7786bc1f5dac47186daf831b4ec418b856c1c17', 'cfd1b01e32b5f0a214399720a7f8850ddde7f60d482c62c77e67c2a3d1da10d4']",1548369469210
389,2c5b4dea25b33459fb69492944680c0436f6277c660cc15027ea1373b0514de4,"[-0.2359713912010193, 0.05495676398277283, -0.10876807570457458, -0.19062092900276184, -0.06507944315671921, -0.09338803589344025, 0.011042047291994095, -0.10456663370132446, 0.08032608032226562, -0.02069276012480259, 0.11186301708221436, 0.046186141669750214, 0.11630621552467346, -0.13719773292541504, 0.0747220516204834, 0.03245402127504349, 0.02378534898161888, 0.04833158105611801, 0.10327146202325821, -0.02339748665690422, 0.026779554784297943, 0.005738283507525921, -0.030528368428349495, -0.12411108613014221, -0.0027219958137720823, -0.06945306062698364, 0.0013611558824777603, 0.05270971730351448, 0.08582141250371933, 0.09126496315002441, 0.04201625660061836, -0.010053143836557865, 0.037524811923503876, 0.04832351207733154, -0.01950613595545292, -0.028341617435216904, 0.05493352562189102, 0.026584748178720474, -0.012792617082595825, -0.060725849121809006, 0.018248727545142174, 0.001248842105269432, 0.018074076622724533, 0.005777296610176563, -0.08056355267763138, 0.0157490037381649, -0.027565613389015198, -0.00029171258211135864, 0.012437978759407997, -0.030957520008087158]",,"['545a1d147fd75fcccba100a852c0cc18385473d6d14b00a4c28c2fc2f671e38e', '31916d23b59f2f6b02d494f9c48300afc476d1d207b87601f5121d173dfadd31', '455952fab9b0dd513498d74f152c5abeab00b1cc8c20a8f5946c90792ec4ad31', '0d745f06fadcdae5dfe7d8c13ef72ff423265af9df2e4640b0a5d90971341df0', 'c782a7dd5973fe751578eaa84d29bace7958f6ce63ce83b6ec3d26e8e47ae5c5', 'dc6b805815c412998f8aa7cc8958c862976d4814b3db11a384a3457217cfa0c1', '8de984c0595a2722dfab4b54e131667d2289abf6ad857e115a1503e5ecd2811c', 'bff741f5363c6802b1f33f463d790c8b781e6901518b1871608331bb1651a647', '6a414218e1852ee6e2e2d191db2800e4eb555ac8000c136f2e292d44575c81e6', '8eb45b750e79084fdd7ce9d7b29b96beca7941444c550a1caf471eb3d06eb160', '8485cc9c30a4c7f7501a11a82703be7a69ea8e2fc418f901dfb7c34ff614a216', 'b6395db9f8827686ffe8713b11502c4057ce11036fa07a86772dcd892a120858', 'f8e6fdb7829df60e499d53d4c31530801ea80dc3cc6e23806fd7465ceb272bca', '3a170866f8f6173b77af15d87e7869b71d44583ec0764bc80be3f5ab75457645', '73b49524a3273bf9c321a4aa9bb03196db491d55cbebffe54da69c92c30de14d', 'c9b961d6bfc20738fda398d212db842c79e5078b588ab115225d9cbc41658335', 'b848251f28ddfd7d4ffc47e5872495b83762fc3f13af3b1583c6d6f9dedbb36e', '292a9e471dd621f608c7bc458b5f7b68848e1bf1478924bc220b81376ccb1d3b', '57142d34bc93314b7b3ce3d6a831d8a547b8b685f73a1df3fb6e02fd1638215c', '0320a796850ae0a97311c48a40b638a974a4d96a1e964672ed2ed2aafb37a960', '3149cb1a48fb8e0a7b7750f455a016c73c8d1423e4398a9000b7e788b213a57d', 'b1363738a53389b7e65b04986c026008d6c61e90f1e8b0787197598ff0c232ab', '73e837922967ff7bd4a7f5943f6a98f0a7e2d27e7c0f0223a8a2befef5290df2', '9a06f49b008518c2c3b5b45751d06795801c3e4b9b3428a2c4a15071331952af', '6e3988ed8deaa8ac42f3aff885f4556ef09f4051588d6b15ee8c0f1bea679930']",1548679491675
390,2ea6c5b0a9bde3c2f8b176dcae548e9b921159f69947577702252526feeb3c1f,"[0.05355864763259888, -0.1802668571472168, 0.03604336455464363, 0.07811833918094635, 0.22248399257659912, 0.020022179931402206, 0.057167813181877136, -0.08655683696269989, -0.02178926393389702, 0.02047073096036911, 0.04608168452978134, 0.050903573632240295, -0.01815411075949669, -0.05995792895555496, -0.02917054295539856, -0.0012512831017374992, 0.008478578180074692, 0.03951280564069748, 0.039586447179317474, -0.025284714996814728, -0.0033452389761805534, -0.009451297111809254, 0.028545720502734184, -0.021040625870227814, -0.006601244211196899, -0.03787536174058914, -0.019202589988708496, -0.019870709627866745, -0.0026359923649579287, 0.025674156844615936, -0.011310247704386711, -0.006740022450685501, -0.025053590536117554, -0.0032012786250561476, -0.010655208490788937, -0.02494886890053749, -0.006689339876174927, 0.025940071791410446, 0.009609081782400608, -0.0228355061262846, 0.010707411915063858, 0.012971509248018265, 0.011029759421944618, -0.011684047058224678, -0.0014666242059320211, 0.014457644894719124, 0.01371479406952858, 0.01885930821299553, -0.00849974900484085, -0.0031282042618840933]",,,1549755667978
391,2ea6c5b0a9bde3c2f8b176dcae548e9b921159f69947577702252526feeb3c1f,"[0.05355864763259888, -0.1802668571472168, 0.03604336455464363, 0.07811833918094635, 0.22248399257659912, 0.020022179931402206, 0.057167813181877136, -0.08655683696269989, -0.02178926393389702, 0.02047073096036911, 0.04608168452978134, 0.050903573632240295, -0.01815411075949669, -0.05995792895555496, -0.02917054295539856, -0.0012512831017374992, 0.008478578180074692, 0.03951280564069748, 0.039586447179317474, -0.025284714996814728, -0.0033452389761805534, -0.009451297111809254, 0.028545720502734184, -0.021040625870227814, -0.006601244211196899, -0.03787536174058914, -0.019202589988708496, -0.019870709627866745, -0.0026359923649579287, 0.025674156844615936, -0.011310247704386711, -0.006740022450685501, -0.025053590536117554, -0.0032012786250561476, -0.010655208490788937, -0.02494886890053749, -0.006689339876174927, 0.025940071791410446, 0.009609081782400608, -0.0228355061262846, 0.010707411915063858, 0.012971509248018265, 0.011029759421944618, -0.011684047058224678, -0.0014666242059320211, 0.014457644894719124, 0.01371479406952858, 0.01885930821299553, -0.00849974900484085, -0.0031282042618840933]",,,1549755667978
392,ca68e1f45c95895bce781b6774c36e49690992d42057624bb2ab20f73bb81049,"[-0.22716054320335388, 0.13588689267635345, -0.1305811107158661, -0.046743180602788925, 0.0685170590877533, 0.13019521534442902, -0.027398645877838135, -0.06739626079797745, 0.016829004511237144, -0.004286287352442741, 0.2006683051586151, 0.01584070548415184, 0.06269071996212006, 0.0748651996254921, -0.13073143362998962, -0.041486866772174835, -0.06259668618440628, -0.028394978493452072, 0.05993681401014328, 0.0666380450129509, -0.0775427520275116, 0.013677927665412426, -0.0173594132065773, 0.03618647903203964, 0.021398674696683884, 0.12729746103286743, 0.05707363039255142, 0.00964006781578064, 0.038237228989601135, -0.06323201209306717, -0.030033059418201447, -0.05251963809132576, -0.04430408403277397, 0.04468367248773575, -0.027919581159949303, -0.03002908267080784, 0.02858186885714531, -0.005206651985645294, -0.06424092501401901, 0.041164837777614594, 0.04468809813261032, 0.05008222535252571, 0.030122846364974976, -0.03947368264198303, -0.07597187906503677, 0.029542114585638046, 0.0309890229254961, -0.07907457649707794, 0.0007387814112007618, -0.06096859648823738]",['0f7df6bff2782038ac77adf845a8865406feb3a4f4ca6e8894636ab0123ee92d'],['0f7df6bff2782038ac77adf845a8865406feb3a4f4ca6e8894636ab0123ee92d'],1548875986810
393,102628a4d2bcc322267eafdbedad029d9b1fa81ea64be68b628d46f2c4136c76,"[-0.13365960121154785, -0.10381095111370087, 0.002360912039875984, -0.1317097246646881, 0.01620982214808464, -0.012486900202929974, 0.03150273114442825, 0.20185773074626923, 0.03856348246335983, 0.02060716599225998, 0.13158884644508362, -0.060814596712589264, 0.2093856930732727, 0.08540357649326324, -0.1412040889263153, -0.1596992313861847, 0.076935313642025, 0.031240668147802353, -0.059351176023483276, -0.012003389187157154, 0.08509042859077454, 0.019282566383481026, 0.01682255230844021, 0.017541993409395218, 0.09910649806261063, 0.07525166124105453, -0.0691211074590683, 0.07673275470733643, -0.0289946086704731, 0.06221044063568115, 0.08027295768260956, -0.0357423759996891, 0.015800470486283302, -0.02332696132361889, 0.07610442489385605, 0.017551545053720474, -0.031026655808091164, -0.10822251439094543, 0.03055998682975769, -0.03786994516849518, 0.0003420524299144745, 0.10594651103019714, 0.01898377388715744, 0.06061994284391403, 0.03536389768123627, -0.06324802339076996, 0.036081574857234955, 0.037625107914209366, -0.005953819490969181, 0.00435155164450407]",,,1548474321846
394,102628a4d2bcc322267eafdbedad029d9b1fa81ea64be68b628d46f2c4136c76,"[-0.13365960121154785, -0.10381095111370087, 0.002360912039875984, -0.1317097246646881, 0.01620982214808464, -0.012486900202929974, 0.03150273114442825, 0.20185773074626923, 0.03856348246335983, 0.02060716599225998, 0.13158884644508362, -0.060814596712589264, 0.2093856930732727, 0.08540357649326324, -0.1412040889263153, -0.1596992313861847, 0.076935313642025, 0.031240668147802353, -0.059351176023483276, -0.012003389187157154, 0.08509042859077454, 0.019282566383481026, 0.01682255230844021, 0.017541993409395218, 0.09910649806261063, 0.07525166124105453, -0.0691211074590683, 0.07673275470733643, -0.0289946086704731, 0.06221044063568115, 0.08027295768260956, -0.0357423759996891, 0.015800470486283302, -0.02332696132361889, 0.07610442489385605, 0.017551545053720474, -0.031026655808091164, -0.10822251439094543, 0.03055998682975769, -0.03786994516849518, 0.0003420524299144745, 0.10594651103019714, 0.01898377388715744, 0.06061994284391403, 0.03536389768123627, -0.06324802339076996, 0.036081574857234955, 0.037625107914209366, -0.005953819490969181, 0.00435155164450407]",,,1548474321846
395,102628a4d2bcc322267eafdbedad029d9b1fa81ea64be68b628d46f2c4136c76,"[-0.13365960121154785, -0.10381095111370087, 0.002360912039875984, -0.1317097246646881, 0.01620982214808464, -0.012486900202929974, 0.03150273114442825, 0.20185773074626923, 0.03856348246335983, 0.02060716599225998, 0.13158884644508362, -0.060814596712589264, 0.2093856930732727, 0.08540357649326324, -0.1412040889263153, -0.1596992313861847, 0.076935313642025, 0.031240668147802353, -0.059351176023483276, -0.012003389187157154, 0.08509042859077454, 0.019282566383481026, 0.01682255230844021, 0.017541993409395218, 0.09910649806261063, 0.07525166124105453, -0.0691211074590683, 0.07673275470733643, -0.0289946086704731, 0.06221044063568115, 0.08027295768260956, -0.0357423759996891, 0.015800470486283302, -0.02332696132361889, 0.07610442489385605, 0.017551545053720474, -0.031026655808091164, -0.10822251439094543, 0.03055998682975769, -0.03786994516849518, 0.0003420524299144745, 0.10594651103019714, 0.01898377388715744, 0.06061994284391403, 0.03536389768123627, -0.06324802339076996, 0.036081574857234955, 0.037625107914209366, -0.005953819490969181, 0.00435155164450407]",,,1548474321846
396,e2b96ea90058d8d703520d28a66ba7a816bc516f4df2f85e660dc09cbb0209d7,"[-0.17263436317443848, 0.005517811048775911, -0.01870734430849552, -0.10527563095092773, 0.0034422152675688267, 0.010177742689847946, -0.011773773469030857, -0.030967161059379578, 0.05619274824857712, -0.06863176077604294, 0.0382198691368103, 0.016782673075795174, 0.09171928465366364, 0.012977158650755882, -0.07384410500526428, 0.04999895021319389, 0.05590727925300598, 0.008702320978045464, 0.0957365557551384, -0.03262519836425781, -0.021385978907346725, 0.016873113811016083, 0.02342110127210617, -0.08379779756069183, -0.008665980771183968, 0.014479340054094791, 0.02287762239575386, -0.031036393716931343, 0.031217025592923164, 0.015544522553682327, -0.007424847222864628, 0.03910175710916519, 0.02823301963508129, -0.0020980993285775185, -0.019185448065400124, 0.0351061150431633, -0.011467231437563896, -0.031594689935445786, -0.011872935108840466, -0.02158336713910103, -0.018423762172460556, -0.02001824416220188, -0.02777695283293724, -0.0401192344725132, -0.009697334840893745, -0.01521751657128334, -0.0056966328993439674, -0.041543204337358475, -0.003908639773726463, 0.01352500170469284]",,"['dbe36f39c3c5be58ab4c4704663ff52d2e747ce00499047d664249b31f921c21', '46197b3f5a0576cdf3e13ae6258225329b41a1e47290790881278c709df06a4f', 'd118f9b96154fee39689b5cd2fc4500566b89e319f107a2ef0dfb35d7532c09b', '305f5eaaeba73fc107131d76200f5ece649d905d15f665bf2869e1198722519b', '0953edb5abc96b02ccc27ecfd21701e26e7b2363dbdd8acf92a01fac2a53755c', 'dbf3ce01fb2e985a5c80aca1331386f602186641f7be420b2e5f8dce274bd9b4', 'cfa7dda55f707c8962709a44e235b102fdb90a6946eaaeaf327ec2c6b409393e', '3bcebcc4ff86ef2a5e564395d120263df6e8de912da9bd48f48bc282f90d918d', '50be603488ef7ff418ca32e4df5da5da8248bf5c5bbbe6bdff203cd4763cd173', '34e3fc2eb858ef03037196975c144207366aadf75c00705b9fbe95a28aa238d8', '4cf757dacbede842e954d70f46b9f4afe3603ca6cf1e8f7d29169349d1c2137e', '664ca8103988f4515d6dbe7765364a3a86ee9e856ad635601fbfdfdda50b8ec4']",1548199188233
397,e2b96ea90058d8d703520d28a66ba7a816bc516f4df2f85e660dc09cbb0209d7,"[-0.20290333032608032, -0.007218851707875729, 0.0852208137512207, -0.11128023266792297, 0.029622700065374374, -0.0792224258184433, 0.07820848375558853, -0.104936882853508, 0.12141157686710358, -0.03820807486772537, -0.04694659262895584, 0.014376342296600342, 0.05853097140789032, -0.019911017268896103, 0.06478352844715118, -0.00359380804002285, -0.04241355508565903, 0.012538012117147446, -0.024693123996257782, 0.0756913423538208, -0.05742022395133972, -0.023407742381095886, -0.03228288143873215, -0.006337171420454979, -0.027981609106063843, 0.014206496998667717, -0.04422362893819809, -0.007203201297670603, 0.009010889567434788, 0.014552909880876541, 0.01118317898362875, -0.05037090927362442, 6.362888962030411e-05, -0.025545451790094376, -0.027936764061450958, 0.0008244365453720093, -0.006536277011036873, 0.034817736595869064, -0.023543551564216614, 0.0025869980454444885, -0.002608177252113819, -0.006200050935149193, 0.030130978673696518, 0.006977702025324106, 0.0020129382610321045, -0.055297449231147766, 0.0036710910499095917, -0.015765715390443802, 0.016284264624118805, 0.035490769892930984]",,"['eca78bfa032275d9dd470a79d3f23160a0802c7753958648ac3569635fe9d0c8', '7096990e20e9ade2ea3f541802ebcf74902e4d9c6663bd05be2352112f49bc15', 'fed97f4537a34fc8f80506d0d723623f283bbfe60ad58df49f800e5e4c68cbc1', 'fcf59ea06e00b39e7474fbcab000e31929476783d4035a7ede8817be0a63b3d4', '57c2176819a3d542ff1d606f059863a93bdf6ba507a8cc96ccc6a7e36fba2a67', '894cdf10672bbc43ee91897af3535b69487a74bd71a64cfcbbb0fa43c2a0d78b', '6a8055abf787fd55cfc8ebd9affaa69f3fef280a5af59efac03f48458da2b57b', '9ad476a01298bf51fa930b5d9d2a79a75ea0b0cc37b4170188171c8937c985a2', '6750b95a32c224424cc1177c0699ad139ba2818166f6e1fd506876ad4cf42aae', '673d9d9df9fcf68295ca73ab8b38b5c60b628813e3780612032956a68dd2fd13', '9dd3d99203cc3578c63cfc8bbddd64cd8012275de3abb16c68567c08b1395cbe', '8523431a1ce294b87e1011c45abfa1e2b5db4d6c812209c62979c60101aace95', '0fa525ac1e8fbfe0370201d2a129a9ad00b08f236c02c5b7aadbc87b5e4326f4', 'e7f534807e3ef695c469420732661f12fcbb633bbc633de4f84fddfdc5d6601d', 'ece7810aab5552ebab19f8e0407d3f25a5c9c0c72edbec005a0def67fb18dedf', 'a1d88438eeeed6915f35303ea8d1c45b87dbfc2b18de520fbf3aec02b7af945a', 'd2c135c59ec407a184fd08afcfd59eab45985225b51b4ebb84c7eea5d6ea66df', 'c1cf292dcf858925a25b9bc3033ca0c31acb34b80e02d33216f5ac5764fcab96', '32bc1993b815068e021e36dfe16569328184227713838bbcf0f1e26ddfeebb7f', '769c9e07f5fe37792a1928eda82389327532820bcc06f4122efeb0b2fec7b00d', '7a01b9994b45141c8b6ce7c32ce57a8725affc973088e24cd21921630647125e', '948987e89aa6b567117dda2d07f6bed41537d6233d71093af62d7fab9bd5762c', 'e2f0bb222effae2a8ab8c969ae96d57e091757616e6da9995208bf826e973387', '71f8d700edc642d123613bce2d339a34e54af22e767e044065641c2d92d704e2', '609b018064ce47dde28b7adc930442fe4c56ce97305c44e940db36d1a1fc8311']",1548199210026
398,e2b96ea90058d8d703520d28a66ba7a816bc516f4df2f85e660dc09cbb0209d7,"[-0.19196587800979614, -0.043789658695459366, -0.0837690457701683, -0.1696392297744751, -0.1104806512594223, -0.037151582539081573, 0.07750333100557327, -0.06516045331954956, 0.15883082151412964, 0.1924474984407425, 0.12256021052598953, 0.05005490034818649, 0.016819125041365623, 0.2783297896385193, 0.2824307084083557, -0.20370370149612427, -0.09973736107349396, -0.025258593261241913, 0.01088908314704895, -0.11866118758916855, -0.02579929679632187, 0.008598726242780685, -0.07210017740726471, -0.11119667440652847, 0.10031512379646301, -0.011037271469831467, -0.06314481794834137, 0.14559605717658997, 0.07847517728805542, 0.10521330684423447, -0.03999849036335945, 0.03995562717318535, 0.026981083676218987, -0.08127535134553909, -0.0034535564482212067, -0.0755603164434433, -0.08553802222013474, 0.024696482345461845, -0.10203265398740768, 0.09510836005210876, 0.0517130047082901, -0.054562728852033615, -0.004582866560667753, 0.0009803185239434242, -0.0592549666762352, 0.025946417823433876, 0.10749585926532745, 0.009775219485163689, -0.003538161050528288, 0.09121018648147583]",,"['318992847326362ac62a1d8b15fa2a613b83bd1af0b56199152813fa632f48c1', '54ee46d718339bf6d8831c3133c7c1ab68d48e42ff87cfa8b2cf9ac58a60d214', 'bacc4003ddc81b9c232eac6e3ba1270e12d19a2685f1f6e5307372c3f31f3cc2', 'ee76af3a730530f9feb227d28aa0e5437fa751081282e1b34db76316ced80177', 'f7439a143b1cce8fd3e99f9e0e02ee3f5c47f9fc242c40091e5cbbe6d86890dc']",1548199274038
399,e2b96ea90058d8d703520d28a66ba7a816bc516f4df2f85e660dc09cbb0209d7,"[-0.1690787672996521, -0.04431741684675217, 0.03830309957265854, -0.13291409611701965, -0.021543309092521667, -0.02954939752817154, -0.020283466205000877, 0.048942968249320984, 0.14499622583389282, 0.010364769026637077, 0.01605939492583275, -0.04032592102885246, 0.07210688292980194, 0.07561047375202179, -0.07658442854881287, 0.15759962797164917, 0.3029710352420807, -0.014529261738061905, 0.1073078066110611, -0.08500708639621735, -0.13064423203468323, 0.1481018364429474, -0.06884673237800598, 0.047712571918964386, 0.028837798163294792, -0.013458562083542347, 0.054643359035253525, 0.06804209202528, 0.08571206778287888, 0.02469126135110855, -0.03727782517671585, 0.07090548425912857, 0.06630592793226242, -0.006536304019391537, -0.0348777249455452, 0.0774921178817749, -0.01912098564207554, -0.03939271718263626, -0.0179648008197546, -0.003282998688519001, -0.036807235330343246, 0.022912312299013138, -0.051337480545043945, -0.058905892074108124, -0.04154244065284729, -0.05253620073199272, 0.007806119509041309, -0.046451348811388016, 0.009729371406137943, 0.017486710101366043]",,"['6778b176b4784767aa7d70717f5454e2a69f8efe304f5d081c1f0aa639fb6998', '96c81e328ef9b24e1746fe03a25198d959dcf861ae7fe699e0fe253a763aaefd', '92fb3968a76f1921b7997bd4eaf6cf423dbbfeb2d3c238cc17636d74db606e04', 'f1ea02f6b8108a72a4f1768e975c926b7005cf177b85faa0ba661fe8e840726c', '15c7020d0c02861fe18ae929fa50264eca32d4bab3f72dcd4444a5b2dd004f1c', '3bb863a8b1be98ec8a33a1bf888a2f4cf494c419ccded28f980705ea27f4a2f1', '3ac8a7924914392bae0ed45e70b74af4ef2ca16939944f4e3c2b3257c74f7b76', '21ab6b6f9660db794703dacc37a1c5588c040713415c80a698ec593546eb54f2', '9be58922071cccec7439402229a193914a28aa47b1721a9f46bb4adec5aa1a9d', '5dbbd884c4fcfc444f8c086d48c86808d011c8484bffef86cc6e560bd72f4dea', '82a3c08da0a0d7db9d53f0fe121ba20c5982d7a8575833c6a82a35648613655b', '31da08b053013fee46c83eabd84a55054853a6f608a9f6b0f2d96431159af1d9', 'd3ec69a3cfabffc467d421df076a409c278e5a13da0d2f777f9d6a627696a722', '5c330fba336fda78edf441f539a5899c74306ae10b5b47b45f192de57da1ee73']",1548199299607
400,e2b96ea90058d8d703520d28a66ba7a816bc516f4df2f85e660dc09cbb0209d7,"[-0.2300715148448944, 0.21623264253139496, 0.3897954821586609, 0.23348796367645264, 0.03546515852212906, 0.01883433200418949, -0.048937320709228516, -0.009676591493189335, 0.08948276937007904, -0.02950006164610386, 0.03858569636940956, -0.0146946357563138, -0.03345998376607895, -0.00412703026086092, 0.03406265377998352, -0.022876804694533348, -0.004747537896037102, 0.01582866720855236, -0.052779220044612885, 0.009323391132056713, 0.014842106960713863, -0.030943572521209717, -0.02406766265630722, 0.010527810081839561, 0.010649855248630047, -0.006129446905106306, -0.005660956725478172, -0.015969567000865936, -0.016177836805582047, 0.017436765134334564, 0.021911777555942535, 0.011222618632018566, -0.0004996806383132935, 0.002450624480843544, -0.010482252575457096, -0.003197290003299713, -0.029034215956926346, 0.010497442446649075, 0.020376130938529968, 0.005621213465929031, -0.006938783451914787, 0.0063182516023516655, -0.027849532663822174, -0.0009746577125042677, -2.0481646060943604e-05, 0.003617510199546814, 0.003173444652929902, 0.002777170855551958, -0.007269967347383499, -0.002775692380964756]","['20d1ecdfa4e9c6b6a7b0b1868b92989fc45c4b1e2dcfbe2d64625cc1a5eef306', '20d1ecdfa4e9c6b6a7b0b1868b92989fc45c4b1e2dcfbe2d64625cc1a5eef306', 'e820f5c641815ef4e6b6df6cc45ebe6dbf9ae848e3c8794765e5333de441786a', 'e820f5c641815ef4e6b6df6cc45ebe6dbf9ae848e3c8794765e5333de441786a', 'e820f5c641815ef4e6b6df6cc45ebe6dbf9ae848e3c8794765e5333de441786a']","['2e24b93f70d993084b73f2da5482f92a0bc29394128870d0205eccd22a0ac6bd', 'e820f5c641815ef4e6b6df6cc45ebe6dbf9ae848e3c8794765e5333de441786a', '9676206cf66c54f3a93bfc37284be9714f2b317d1d2118dca7abaf978c385a97', '9d4501c816c922a541d3c543a3a3c4d0ebc04f845f758c50af0a068ec95505f3', 'f169881eeeec7dff8ee022d36cbfd16ce9c27135a17f881243efb133b554ddc0', 'c6573616f18661f049adfbf414b59c13669abf22f89fc7d053333e8cc44f49d9', '20d1ecdfa4e9c6b6a7b0b1868b92989fc45c4b1e2dcfbe2d64625cc1a5eef306', '9c86123337c532b91aaecc88ee3aacdca9e15048b4a94f98de7b91f0e690b970', 'eb669661095b99599469b51b019b8bd5db0a91eb3c9ad1ca778896dc0c767d2f', '8c1f6a0538f555902c8a14a4a1497088286193d0b3bd1ac0fd8dbc4824b8bd9b', 'ca616496c65550192a1528d00194699f2bb886067ddad021690632334bd74acc', '64063cdf282b3e1c81b1b443386762f0700ff2ab2c645c01dfb6b641462fbb1a']",1548199327522
401,254fc7b43e69923ed6b95534867d477948e800372f1ecaad237139c019f0ac04,"[0.02338092215359211, 0.15153758227825165, -0.33586838841438293, 0.3683512806892395, -0.06486507505178452, 0.2472739815711975, 0.1379546821117401, 0.016244230791926384, 0.2720869183540344, 0.08751454949378967, -0.3107663094997406, -0.14650234580039978, 0.08547991514205933, -0.12443526089191437, -0.07484705001115799, -0.05022469162940979, 0.018794147297739983, -0.13261042535305023, -0.08505473285913467, -0.04555900767445564, -0.061619509011507034, 0.02420523203909397, -0.0389830656349659, -0.06955525279045105, -0.0076498426496982574, -0.07175348699092865, -0.11918962001800537, 0.050381679087877274, -0.020786957815289497, -0.16008684039115906, 0.03771521896123886, 0.04965111240744591, 0.021085374057292938, -0.026307500898838043, -0.028722018003463745, -0.042244963347911835, -0.0009049872751347721, -0.05221885070204735, -0.02530558593571186, 0.004302218556404114, -0.032610706984996796, -0.031258419156074524, -0.014362632296979427, -0.08843180537223816, 0.057256076484918594, -0.03353874012827873, -0.001667845994234085, -0.035883694887161255, -0.013946843333542347, -0.0598093643784523]",,"['aa8fe17953db2fd4b91cc468e43002fc6bab184165438e7ef371e020140334d8', '94cdc78a14e42db87170b20a278350a0332433f4ea0aa67d33edb53e29282d80', 'ee9b6912433c1b186248b937977108b01d4cc37cee4f68799f80f47503c0f175', '5523d524d6e1f50445cdc022e600e1575cb0c499b0a982da0309f5702ee7307b', 'ad3e11b11865f20a9bcc672698e01b3e961d4776229503db982a8620eada2324', '6a177fcc7e1b715d13a5b816caa5bda967fd0e5fcde310a1b687d2107f49267a', 'f6ef371793b54304532c04af4c594701c08d44e33821a54140f1574f9eff84f1', '47a57f0b7cb7087d4afd25896f62638c9bc8d0a6f3c47f469f084de9e49e0625', '88bfec0ae5e475d88d7ae6b554665211b93294721552c206bbb56937e8877cbd', '4ba5d3688e88b36f10f5609155b9a7608cb6a0a0aa79452317d0be8a295dbcea', '59c2aaa15f27645427dd241a763d6a1c250437b3276594c371d63f8302a93e94', 'a0c6a90ea28acbbaffff5055e7dc6433a717e8e92b98c70fd7c9a21ea33eeb24', 'bbc889578011a7d1d60522e10e17be45bd378d1e98c932db5e380042f0d4aa45', '4b5d783d4147cdbe045ef63e8f532f3a8553b09b63c3f990b05adc3513012a9c', '40902c1f32a2556d38d5814fbd611261393d8b988a006649cad1b3ff1eff9010', '883bb7b22734c1aa7a8aac87076c765e9326e4b7c873c4b1c54655945a9c5596', '9d4a3baa383102f7abf6f2431f515693ca77dfa3e01c788d6bbe894494e09591', '69400f8504996e747e76e530f198197e2e724dabc0296d7b8774bd4cdec44a31', '239d0ae74e62202861b1bc1dc006ec1fde8d8e18793fa453713eb447ede2740e', '1057794c454bcaf2bd6f3dea5c948bdfbe6785abce880984bf79296a7fbdfaba', '83af3dae2361252db97f6c0a466a51eba3e688d0ff52e14dd4a8ecfb9ece9b25', '4718717536f96fa8e7f37b1e62d645a42cbd95536ea7f7e961320051da9a538f']",1549133771107
402,0c65dba2518b392dae2346d12dd0af9ba6815ebe2feda8634f2c2996b712e99f,"[0.02338092215359211, 0.15153758227825165, -0.33586838841438293, 0.3683512806892395, -0.06486507505178452, 0.2472739815711975, 0.1379546821117401, 0.016244230791926384, 0.2720869183540344, 0.08751454949378967, -0.3107663094997406, -0.14650234580039978, 0.08547991514205933, -0.12443526089191437, -0.07484705001115799, -0.05022469162940979, 0.018794147297739983, -0.13261042535305023, -0.08505473285913467, -0.04555900767445564, -0.061619509011507034, 0.02420523203909397, -0.0389830656349659, -0.06955525279045105, -0.0076498426496982574, -0.07175348699092865, -0.11918962001800537, 0.050381679087877274, -0.020786957815289497, -0.16008684039115906, 0.03771521896123886, 0.04965111240744591, 0.021085374057292938, -0.026307500898838043, -0.028722018003463745, -0.042244963347911835, -0.0009049872751347721, -0.05221885070204735, -0.02530558593571186, 0.004302218556404114, -0.032610706984996796, -0.031258419156074524, -0.014362632296979427, -0.08843180537223816, 0.057256076484918594, -0.03353874012827873, -0.001667845994234085, -0.035883694887161255, -0.013946843333542347, -0.0598093643784523]","['f6ef371793b54304532c04af4c594701c08d44e33821a54140f1574f9eff84f1', '883bb7b22734c1aa7a8aac87076c765e9326e4b7c873c4b1c54655945a9c5596', '883bb7b22734c1aa7a8aac87076c765e9326e4b7c873c4b1c54655945a9c5596', 'f6ef371793b54304532c04af4c594701c08d44e33821a54140f1574f9eff84f1', '883bb7b22734c1aa7a8aac87076c765e9326e4b7c873c4b1c54655945a9c5596', 'f6ef371793b54304532c04af4c594701c08d44e33821a54140f1574f9eff84f1', '883bb7b22734c1aa7a8aac87076c765e9326e4b7c873c4b1c54655945a9c5596']","['aa8fe17953db2fd4b91cc468e43002fc6bab184165438e7ef371e020140334d8', '94cdc78a14e42db87170b20a278350a0332433f4ea0aa67d33edb53e29282d80', 'ee9b6912433c1b186248b937977108b01d4cc37cee4f68799f80f47503c0f175', '5523d524d6e1f50445cdc022e600e1575cb0c499b0a982da0309f5702ee7307b', 'ad3e11b11865f20a9bcc672698e01b3e961d4776229503db982a8620eada2324', '6a177fcc7e1b715d13a5b816caa5bda967fd0e5fcde310a1b687d2107f49267a', 'f6ef371793b54304532c04af4c594701c08d44e33821a54140f1574f9eff84f1', '47a57f0b7cb7087d4afd25896f62638c9bc8d0a6f3c47f469f084de9e49e0625', '88bfec0ae5e475d88d7ae6b554665211b93294721552c206bbb56937e8877cbd', '4ba5d3688e88b36f10f5609155b9a7608cb6a0a0aa79452317d0be8a295dbcea', '59c2aaa15f27645427dd241a763d6a1c250437b3276594c371d63f8302a93e94', 'a0c6a90ea28acbbaffff5055e7dc6433a717e8e92b98c70fd7c9a21ea33eeb24', 'bbc889578011a7d1d60522e10e17be45bd378d1e98c932db5e380042f0d4aa45', '4b5d783d4147cdbe045ef63e8f532f3a8553b09b63c3f990b05adc3513012a9c', '40902c1f32a2556d38d5814fbd611261393d8b988a006649cad1b3ff1eff9010', '883bb7b22734c1aa7a8aac87076c765e9326e4b7c873c4b1c54655945a9c5596', '9d4a3baa383102f7abf6f2431f515693ca77dfa3e01c788d6bbe894494e09591', '69400f8504996e747e76e530f198197e2e724dabc0296d7b8774bd4cdec44a31', '239d0ae74e62202861b1bc1dc006ec1fde8d8e18793fa453713eb447ede2740e', '1057794c454bcaf2bd6f3dea5c948bdfbe6785abce880984bf79296a7fbdfaba', '83af3dae2361252db97f6c0a466a51eba3e688d0ff52e14dd4a8ecfb9ece9b25', '4718717536f96fa8e7f37b1e62d645a42cbd95536ea7f7e961320051da9a538f']",1549042252819
403,7869a169582e0794bcd555ac1b0fa2cd3734da48f16d087ab07136f7782d6491,"[-0.0843430608510971, 0.13564258813858032, -0.24914062023162842, 0.11693629622459412, 0.12611505389213562, 0.11220860481262207, 0.12826891243457794, 0.027668144553899765, 0.10798579454421997, 0.04706355184316635, -0.1258089393377304, -0.14428411424160004, 0.11718618869781494, -0.04618959128856659, -0.07683441042900085, -0.07854807376861572, 0.03505939245223999, -0.06392345577478409, -0.033675797283649445, -0.07699000090360641, 0.01203631330281496, -0.02674677222967148, 0.05770318582653999, 0.007237514480948448, 0.08013079315423965, -0.011564447544515133, -0.07564689218997955, 0.0014259424060583115, -0.06795955449342728, -0.08077869564294815, 0.023149937391281128, -0.011826172471046448, 0.08751048147678375, -0.014917450025677681, 0.04696737974882126, 0.006897719576954842, -0.004374747164547443, -0.0005721859633922577, 0.002698826603591442, -0.042436327785253525, -0.018647288903594017, 0.008569893427193165, 0.05002487823367119, -0.05105862021446228, 0.007491566240787506, -0.022934788838028908, 0.02505197934806347, -0.009154938161373138, 0.027862267568707466, -0.07164433598518372]",['f6ef371793b54304532c04af4c594701c08d44e33821a54140f1574f9eff84f1'],"['aa8fe17953db2fd4b91cc468e43002fc6bab184165438e7ef371e020140334d8', '94cdc78a14e42db87170b20a278350a0332433f4ea0aa67d33edb53e29282d80', 'ee9b6912433c1b186248b937977108b01d4cc37cee4f68799f80f47503c0f175', 'ad3e11b11865f20a9bcc672698e01b3e961d4776229503db982a8620eada2324', 'f6ef371793b54304532c04af4c594701c08d44e33821a54140f1574f9eff84f1', '47a57f0b7cb7087d4afd25896f62638c9bc8d0a6f3c47f469f084de9e49e0625', '4ba5d3688e88b36f10f5609155b9a7608cb6a0a0aa79452317d0be8a295dbcea', '4b5d783d4147cdbe045ef63e8f532f3a8553b09b63c3f990b05adc3513012a9c', '40902c1f32a2556d38d5814fbd611261393d8b988a006649cad1b3ff1eff9010', '883bb7b22734c1aa7a8aac87076c765e9326e4b7c873c4b1c54655945a9c5596', '69400f8504996e747e76e530f198197e2e724dabc0296d7b8774bd4cdec44a31', '83af3dae2361252db97f6c0a466a51eba3e688d0ff52e14dd4a8ecfb9ece9b25']",1548870422916
404,f31d9bdc2d8a8b3099e250e9d350cfc4f0b533f707274927edef7ab8c3093dcf,"[-0.1465030014514923, -0.03522999584674835, 0.030995141714811325, -0.07616391777992249, -0.06109806150197983, -0.034704677760601044, -0.027718542143702507, -0.0016014989232644439, -0.04279419779777527, 0.05587533116340637, 0.0721624344587326, -0.07685264945030212, 0.039416104555130005, 0.0029678198043257, -0.03098347783088684, -0.09282465279102325, 0.008537963032722473, 0.0176546573638916, -0.05400940403342247, 0.015488019213080406, -0.007990334182977676, -0.025695687159895897, -0.05959801375865936, -0.020077824592590332, -0.05101639777421951, 0.017092226073145866, -0.07804366201162338, 0.0031403193715959787, 0.020677877590060234, -0.05006031319499016, -0.07417457550764084, -0.024088062345981598, -0.05059123784303665, -0.05466251075267792, -0.09515956789255142, 0.057047948241233826, -0.030907098203897476, -0.11443173885345459, 0.011646799743175507, -0.07063900679349899, -0.07614230364561081, 0.0613635815680027, -8.941814303398132e-05, -0.014103609137237072, 0.02257651276886463, 0.01029288675636053, 0.04036613181233406, 0.042319752275943756, 0.00785829871892929, 0.054689206182956696]",,"['750b38fcab2a87b3312d322e29591e4950a160062e01e9f52c86fa345ed29414', '072c7fa36624352b3dafbe832c1689d23785babc8230ddb78a020d0349a47dc5', '3f2fe11d9f870bf916b6ba50d10fc49c83d5c9cda4ed9a9de56570964c5fe7bd', '1a970818d44c346e4e8eb9327ae558b82524f2444d7838529ad5da107ab8b60f', '9110fc2042bbc2485668488cfe0ca91a0b23893e97942e33ecff8a6fc957391d', '0ca2a2ddf82810478eb6860f6b0a8130e51e92a40e9d1add0862ed14dc79f97d', 'd84f0c406313e75f39651ad5e74832567460640d493af9c831f6ece6960061e2', '62054d595328e898c95222c4fb51aa5bc409d76bc8376bb8988ff2ba3c8ce99d', 'f3acf42ad2060f8359e70b84c15be3d7856a58c7fb5fe5f84b0da079dbb402b0', 'a297f4f8e3d9f9f555469bf2630f47e99a151a602e95f78e7c1c33c78b2ea326', 'bf3a0c45920019acd85d0e30e33ab4da02edc79bf9ebb15af26083b5227ce7f4', '73d843739e3df060bfd39c3f92e3eefd6023e74592c598849ebd5ee7a5ad554c', '4e0e969ae7cdf453b31a6ba555f65ff1b84104431878ec726e3a6b176bd5322c', '0221eb41620ed9eaa6ab33092f6e4e365648924d07edd6957b15b7d6a384a069', '9d069d6bed36cd959fef28215b60ba95e0c6b85ab5f492ea7bf8ec3081e85525', 'e3c30b1ca9efaf74fb64a74f2416121d3efe169936d8a7a35fa9a5a656ba0158', 'e8022e60d22493091e0acb1a113e4e6a66e3468ae13f087a4dd2c851c2994b68', '350d733609b18601b249aefe707f0ed0c17168b9df2e57e9f32339f5e3606beb', '26ce666181e06a5c1894c39e85f134c2479f7b1e5b30ca4f74bda53df1ecc41a', '2f685075ddead091f4d285a3f376d5808d765cff0512a4ee023069214a4d1e32', 'd419b3f461bb41955a24aee7fee4b57999169757b1d6176d5a5cab1070170051', 'c8c633ead7535ba8e8424b1591ff238a9261f9500a9cbd1a4cc5d5a76e7b8221', 'c8387f7a30a1dc7a03abc759e4aa5eb002f807f8ae1246acf1ec429fbf2ee806', 'fa4f6ed1a464c9898b9dc69d494574c508201c333d2ec16806616bd7a60a631f', '986aaa6bcfc47377006dfdddf972e44adb2af0d65b986d3e8d005967e458b47f']",1547862522947
405,f31d9bdc2d8a8b3099e250e9d350cfc4f0b533f707274927edef7ab8c3093dcf,"[-0.23069609701633453, 0.23751962184906006, 0.23368039727210999, 0.16854725778102875, -4.882831126451492e-05, 0.039903268218040466, -0.09733323752880096, -0.018181387335062027, 0.15442001819610596, -0.037134941667318344, 0.20108690857887268, -0.0002273903228342533, -0.030143089592456818, 0.013107530772686005, -0.04890510067343712, -0.020370516926050186, -0.013638724572956562, -0.040732014924287796, -0.07738141715526581, 0.022438306361436844, -0.0036736400797963142, -0.08586832880973816, -0.08777906000614166, -1.12876296043396e-06, 0.044988200068473816, 0.01297006942331791, 0.01760277897119522, -0.03323167935013771, 0.02028089389204979, -0.05490468069911003, -0.04936477541923523, 0.013742521405220032, -0.06722575426101685, 0.003812282346189022, -0.0782657116651535, 0.06864091753959656, -0.06845080852508545, -0.08103403449058533, 0.09417760372161865, -0.06767262518405914, -0.08249332755804062, -0.004259789362549782, -0.032544855028390884, -0.022664738819003105, 0.020142609253525734, 0.06036447733640671, 0.019962487742304802, 0.04188653081655502, -0.02764057368040085, 0.019098861142992973]",,"['4e0e969ae7cdf453b31a6ba555f65ff1b84104431878ec726e3a6b176bd5322c', 'c8c633ead7535ba8e8424b1591ff238a9261f9500a9cbd1a4cc5d5a76e7b8221', 'a1160c6988a31ad3851cdfa401ba3a73bfb415ef18611cbe5c648192d8e83f81', '7840ded8ef6da91749c303fbdd10d9920f60d8aa135ef5c057bc72b3a00c53e4', '87926e9aa2d59b357be75679f7137c334f50b9079e7b6324229ec14b9126c863', '0221eb41620ed9eaa6ab33092f6e4e365648924d07edd6957b15b7d6a384a069', 'fa4f6ed1a464c9898b9dc69d494574c508201c333d2ec16806616bd7a60a631f', 'e3c30b1ca9efaf74fb64a74f2416121d3efe169936d8a7a35fa9a5a656ba0158', '350d733609b18601b249aefe707f0ed0c17168b9df2e57e9f32339f5e3606beb', 'a092f075a26ce6623dc9f45aa5e6b35dd209a4b32980a7506e31bc0ab800bd67', '9903a42d264fd89f4498fb9ead6ee25f1bd77f2e523efe4733995838b9fd1398', '6b2b809c93a3dace76db6770d6f6eb41a67e0a67de8d16a783b23653cadf90eb', '74276ff6ebd9d9034bb4dbd29d067d2e7aae92e83f7d7c3660dd5da4447f7646', 'aedb1d651625114565fb41a856828783e4226a454f83bff46d3acf08096fb94a', '1a970818d44c346e4e8eb9327ae558b82524f2444d7838529ad5da107ab8b60f', 'bc054b074cf782e6abcdd2d331b0b6d4614dbb41c3a4009a4384ee1983ed6b0b', 'a297f4f8e3d9f9f555469bf2630f47e99a151a602e95f78e7c1c33c78b2ea326', '9d069d6bed36cd959fef28215b60ba95e0c6b85ab5f492ea7bf8ec3081e85525', 'fe45dcfd6f593b14362d9185892ebc3a8c360f030c98ea90554ce2ca3f0158a2', '26ce666181e06a5c1894c39e85f134c2479f7b1e5b30ca4f74bda53df1ecc41a', '986aaa6bcfc47377006dfdddf972e44adb2af0d65b986d3e8d005967e458b47f', '9cff085d7884dd9b5eb7f68a90c50b140ba05c78fdd7099f56fec20b38203e9a', '0d0fc7fff4c94f5486b8285ae56a2128246683912ab62d7f6e557d1a76e5f10e', 'f3acf42ad2060f8359e70b84c15be3d7856a58c7fb5fe5f84b0da079dbb402b0', 'bf3a0c45920019acd85d0e30e33ab4da02edc79bf9ebb15af26083b5227ce7f4']",1547862548273
406,88b83ad2ef5622269ea4f2d88a1bfb6bd4bd4cb378614aeec55eb3cc6e675c92,"[-0.04658113420009613, -0.2068595290184021, 0.05205405503511429, -0.0031292811036109924, -0.04976651072502136, -0.0010628793388605118, 0.01689479686319828, 0.025840621441602707, -0.004136440809816122, -0.06894393265247345, 0.02381736785173416, -0.08663268387317657, -0.027567869052290916, -0.0369127094745636, 0.006473294924944639, 0.010379744693636894, -0.010326766408979893, 0.043831028044223785, 0.032738834619522095, -0.006395347882062197, 0.019371826201677322, 0.005522535648196936, -0.007839641533792019, -0.05455443263053894, -0.00614410312846303, -0.0024013733491301537, -0.037532225251197815, 0.03985738754272461, 0.024696024134755135, -0.004645257722586393, 0.016394518315792084, -0.007111003156751394, -0.021000854671001434, 0.024343153461813927, 0.011940153315663338, -0.013919079676270485, -0.02725502848625183, -0.020306315273046494, 0.020973024889826775, 0.0070989178493618965, -0.0034114308655261993, 0.019020674750208855, 0.018463892862200737, -0.006481100805103779, 0.003893701359629631, -0.008465373888611794, 0.001478967722505331, 0.002112496644258499, 0.0074880993925035, -0.026586757972836494]",,"['b918d05f744d3d200e0fbb6457620047d6bc03382a9252714c7b596a2ba9ba88', 'e7c263fe96631e27c9f17712243b46a0199807af4a68b6edce5a094f2a4e0141', 'c814800495f9f8f3d00b34f55ef555dfdc3692ff5bbee4cf3b0457ce1fd3e63f', '10dc3ebf5196fd9cd8d693b6aac48a6545b1ae0e5c9f9a3b63f860c92702f42f']",1548789226791
407,88b83ad2ef5622269ea4f2d88a1bfb6bd4bd4cb378614aeec55eb3cc6e675c92,"[-0.04658113420009613, -0.2068595290184021, 0.05205405503511429, -0.0031292811036109924, -0.04976651072502136, -0.0010628793388605118, 0.01689479686319828, 0.025840621441602707, -0.004136440809816122, -0.06894393265247345, 0.02381736785173416, -0.08663268387317657, -0.027567869052290916, -0.0369127094745636, 0.006473294924944639, 0.010379744693636894, -0.010326766408979893, 0.043831028044223785, 0.032738834619522095, -0.006395347882062197, 0.019371826201677322, 0.005522535648196936, -0.007839641533792019, -0.05455443263053894, -0.00614410312846303, -0.0024013733491301537, -0.037532225251197815, 0.03985738754272461, 0.024696024134755135, -0.004645257722586393, 0.016394518315792084, -0.007111003156751394, -0.021000854671001434, 0.024343153461813927, 0.011940153315663338, -0.013919079676270485, -0.02725502848625183, -0.020306315273046494, 0.020973024889826775, 0.0070989178493618965, -0.0034114308655261993, 0.019020674750208855, 0.018463892862200737, -0.006481100805103779, 0.003893701359629631, -0.008465373888611794, 0.001478967722505331, 0.002112496644258499, 0.0074880993925035, -0.026586757972836494]",,"['b918d05f744d3d200e0fbb6457620047d6bc03382a9252714c7b596a2ba9ba88', 'e7c263fe96631e27c9f17712243b46a0199807af4a68b6edce5a094f2a4e0141', 'c814800495f9f8f3d00b34f55ef555dfdc3692ff5bbee4cf3b0457ce1fd3e63f', '10dc3ebf5196fd9cd8d693b6aac48a6545b1ae0e5c9f9a3b63f860c92702f42f']",1548789226791
408,88b83ad2ef5622269ea4f2d88a1bfb6bd4bd4cb378614aeec55eb3cc6e675c92,"[-0.04658113420009613, -0.2068595290184021, 0.05205405503511429, -0.0031292811036109924, -0.04976651072502136, -0.0010628793388605118, 0.01689479686319828, 0.025840621441602707, -0.004136440809816122, -0.06894393265247345, 0.02381736785173416, -0.08663268387317657, -0.027567869052290916, -0.0369127094745636, 0.006473294924944639, 0.010379744693636894, -0.010326766408979893, 0.043831028044223785, 0.032738834619522095, -0.006395347882062197, 0.019371826201677322, 0.005522535648196936, -0.007839641533792019, -0.05455443263053894, -0.00614410312846303, -0.0024013733491301537, -0.037532225251197815, 0.03985738754272461, 0.024696024134755135, -0.004645257722586393, 0.016394518315792084, -0.007111003156751394, -0.021000854671001434, 0.024343153461813927, 0.011940153315663338, -0.013919079676270485, -0.02725502848625183, -0.020306315273046494, 0.020973024889826775, 0.0070989178493618965, -0.0034114308655261993, 0.019020674750208855, 0.018463892862200737, -0.006481100805103779, 0.003893701359629631, -0.008465373888611794, 0.001478967722505331, 0.002112496644258499, 0.0074880993925035, -0.026586757972836494]",,"['b918d05f744d3d200e0fbb6457620047d6bc03382a9252714c7b596a2ba9ba88', 'e7c263fe96631e27c9f17712243b46a0199807af4a68b6edce5a094f2a4e0141', 'c814800495f9f8f3d00b34f55ef555dfdc3692ff5bbee4cf3b0457ce1fd3e63f', '10dc3ebf5196fd9cd8d693b6aac48a6545b1ae0e5c9f9a3b63f860c92702f42f']",1548789226791
409,88b83ad2ef5622269ea4f2d88a1bfb6bd4bd4cb378614aeec55eb3cc6e675c92,"[-0.04658113420009613, -0.2068595290184021, 0.05205405503511429, -0.0031292811036109924, -0.04976651072502136, -0.0010628793388605118, 0.01689479686319828, 0.025840621441602707, -0.004136440809816122, -0.06894393265247345, 0.02381736785173416, -0.08663268387317657, -0.027567869052290916, -0.0369127094745636, 0.006473294924944639, 0.010379744693636894, -0.010326766408979893, 0.043831028044223785, 0.032738834619522095, -0.006395347882062197, 0.019371826201677322, 0.005522535648196936, -0.007839641533792019, -0.05455443263053894, -0.00614410312846303, -0.0024013733491301537, -0.037532225251197815, 0.03985738754272461, 0.024696024134755135, -0.004645257722586393, 0.016394518315792084, -0.007111003156751394, -0.021000854671001434, 0.024343153461813927, 0.011940153315663338, -0.013919079676270485, -0.02725502848625183, -0.020306315273046494, 0.020973024889826775, 0.0070989178493618965, -0.0034114308655261993, 0.019020674750208855, 0.018463892862200737, -0.006481100805103779, 0.003893701359629631, -0.008465373888611794, 0.001478967722505331, 0.002112496644258499, 0.0074880993925035, -0.026586757972836494]",,"['b918d05f744d3d200e0fbb6457620047d6bc03382a9252714c7b596a2ba9ba88', 'e7c263fe96631e27c9f17712243b46a0199807af4a68b6edce5a094f2a4e0141', 'c814800495f9f8f3d00b34f55ef555dfdc3692ff5bbee4cf3b0457ce1fd3e63f', '10dc3ebf5196fd9cd8d693b6aac48a6545b1ae0e5c9f9a3b63f860c92702f42f']",1548789226791
410,88b83ad2ef5622269ea4f2d88a1bfb6bd4bd4cb378614aeec55eb3cc6e675c92,"[-0.04658113420009613, -0.2068595290184021, 0.05205405503511429, -0.0031292811036109924, -0.04976651072502136, -0.0010628793388605118, 0.01689479686319828, 0.025840621441602707, -0.004136440809816122, -0.06894393265247345, 0.02381736785173416, -0.08663268387317657, -0.027567869052290916, -0.0369127094745636, 0.006473294924944639, 0.010379744693636894, -0.010326766408979893, 0.043831028044223785, 0.032738834619522095, -0.006395347882062197, 0.019371826201677322, 0.005522535648196936, -0.007839641533792019, -0.05455443263053894, -0.00614410312846303, -0.0024013733491301537, -0.037532225251197815, 0.03985738754272461, 0.024696024134755135, -0.004645257722586393, 0.016394518315792084, -0.007111003156751394, -0.021000854671001434, 0.024343153461813927, 0.011940153315663338, -0.013919079676270485, -0.02725502848625183, -0.020306315273046494, 0.020973024889826775, 0.0070989178493618965, -0.0034114308655261993, 0.019020674750208855, 0.018463892862200737, -0.006481100805103779, 0.003893701359629631, -0.008465373888611794, 0.001478967722505331, 0.002112496644258499, 0.0074880993925035, -0.026586757972836494]",,"['b918d05f744d3d200e0fbb6457620047d6bc03382a9252714c7b596a2ba9ba88', 'e7c263fe96631e27c9f17712243b46a0199807af4a68b6edce5a094f2a4e0141', 'c814800495f9f8f3d00b34f55ef555dfdc3692ff5bbee4cf3b0457ce1fd3e63f', '10dc3ebf5196fd9cd8d693b6aac48a6545b1ae0e5c9f9a3b63f860c92702f42f']",1548789226791
411,88b83ad2ef5622269ea4f2d88a1bfb6bd4bd4cb378614aeec55eb3cc6e675c92,"[0.015234719961881638, -0.3414308428764343, 0.1108405590057373, 0.06774882227182388, -0.10122160613536835, 0.01580393873155117, -0.04054286703467369, 0.050815217196941376, -0.014958671294152737, 0.021524835377931595, -0.016273140907287598, -0.0473238006234169, 0.021395210176706314, -0.011419362388551235, 0.022282294929027557, 0.020418381318449974, -0.0005655186250805855, 0.012630055658519268, -0.026683758944272995, 0.03380541130900383, -0.007083688396960497, -0.01247013732790947, -0.019665054976940155, -9.631738066673279e-05, 0.06440527737140656, -0.03347991034388542, 0.03957374393939972, -0.012017464265227318, 0.08689169585704803, -0.027240319177508354, 0.06054563820362091, -0.027535364031791687, 0.01495687197893858, 0.020551636815071106, 0.028558600693941116, -0.05169324576854706, 0.014973236247897148, -0.029435455799102783, 0.004047024063766003, -0.00921543687582016, 0.027748223394155502, -0.001147048082202673, 0.03788311034440994, 0.06451800465583801, -0.0005896091461181641, -0.025348223745822906, -0.013284001499414444, -0.01579008251428604, 0.05619896948337555, -0.02516203373670578]",['1b051a99a77005243c08e6ad00eea1c4b84c621def1d46d496eca11f26a4bafe'],"['1b051a99a77005243c08e6ad00eea1c4b84c621def1d46d496eca11f26a4bafe', '1db25673fd53d61e0b0b5a267d61cba495f25af77a59ce44b6e041d5fdf13b83']",1548789724608
412,88b83ad2ef5622269ea4f2d88a1bfb6bd4bd4cb378614aeec55eb3cc6e675c92,"[0.015234719961881638, -0.3414308428764343, 0.1108405590057373, 0.06774882227182388, -0.10122160613536835, 0.01580393873155117, -0.04054286703467369, 0.050815217196941376, -0.014958671294152737, 0.021524835377931595, -0.016273140907287598, -0.0473238006234169, 0.021395210176706314, -0.011419362388551235, 0.022282294929027557, 0.020418381318449974, -0.0005655186250805855, 0.012630055658519268, -0.026683758944272995, 0.03380541130900383, -0.007083688396960497, -0.01247013732790947, -0.019665054976940155, -9.631738066673279e-05, 0.06440527737140656, -0.03347991034388542, 0.03957374393939972, -0.012017464265227318, 0.08689169585704803, -0.027240319177508354, 0.06054563820362091, -0.027535364031791687, 0.01495687197893858, 0.020551636815071106, 0.028558600693941116, -0.05169324576854706, 0.014973236247897148, -0.029435455799102783, 0.004047024063766003, -0.00921543687582016, 0.027748223394155502, -0.001147048082202673, 0.03788311034440994, 0.06451800465583801, -0.0005896091461181641, -0.025348223745822906, -0.013284001499414444, -0.01579008251428604, 0.05619896948337555, -0.02516203373670578]",['1b051a99a77005243c08e6ad00eea1c4b84c621def1d46d496eca11f26a4bafe'],"['1b051a99a77005243c08e6ad00eea1c4b84c621def1d46d496eca11f26a4bafe', '1db25673fd53d61e0b0b5a267d61cba495f25af77a59ce44b6e041d5fdf13b83']",1548789724608
413,88b83ad2ef5622269ea4f2d88a1bfb6bd4bd4cb378614aeec55eb3cc6e675c92,"[0.015234719961881638, -0.3414308428764343, 0.1108405590057373, 0.06774882227182388, -0.10122160613536835, 0.01580393873155117, -0.04054286703467369, 0.050815217196941376, -0.014958671294152737, 0.021524835377931595, -0.016273140907287598, -0.0473238006234169, 0.021395210176706314, -0.011419362388551235, 0.022282294929027557, 0.020418381318449974, -0.0005655186250805855, 0.012630055658519268, -0.026683758944272995, 0.03380541130900383, -0.007083688396960497, -0.01247013732790947, -0.019665054976940155, -9.631738066673279e-05, 0.06440527737140656, -0.03347991034388542, 0.03957374393939972, -0.012017464265227318, 0.08689169585704803, -0.027240319177508354, 0.06054563820362091, -0.027535364031791687, 0.01495687197893858, 0.020551636815071106, 0.028558600693941116, -0.05169324576854706, 0.014973236247897148, -0.029435455799102783, 0.004047024063766003, -0.00921543687582016, 0.027748223394155502, -0.001147048082202673, 0.03788311034440994, 0.06451800465583801, -0.0005896091461181641, -0.025348223745822906, -0.013284001499414444, -0.01579008251428604, 0.05619896948337555, -0.02516203373670578]",['1b051a99a77005243c08e6ad00eea1c4b84c621def1d46d496eca11f26a4bafe'],"['1b051a99a77005243c08e6ad00eea1c4b84c621def1d46d496eca11f26a4bafe', '1db25673fd53d61e0b0b5a267d61cba495f25af77a59ce44b6e041d5fdf13b83']",1548789724608
414,88b83ad2ef5622269ea4f2d88a1bfb6bd4bd4cb378614aeec55eb3cc6e675c92,"[0.015234719961881638, -0.3414308428764343, 0.1108405590057373, 0.06774882227182388, -0.10122160613536835, 0.01580393873155117, -0.04054286703467369, 0.050815217196941376, -0.014958671294152737, 0.021524835377931595, -0.016273140907287598, -0.0473238006234169, 0.021395210176706314, -0.011419362388551235, 0.022282294929027557, 0.020418381318449974, -0.0005655186250805855, 0.012630055658519268, -0.026683758944272995, 0.03380541130900383, -0.007083688396960497, -0.01247013732790947, -0.019665054976940155, -9.631738066673279e-05, 0.06440527737140656, -0.03347991034388542, 0.03957374393939972, -0.012017464265227318, 0.08689169585704803, -0.027240319177508354, 0.06054563820362091, -0.027535364031791687, 0.01495687197893858, 0.020551636815071106, 0.028558600693941116, -0.05169324576854706, 0.014973236247897148, -0.029435455799102783, 0.004047024063766003, -0.00921543687582016, 0.027748223394155502, -0.001147048082202673, 0.03788311034440994, 0.06451800465583801, -0.0005896091461181641, -0.025348223745822906, -0.013284001499414444, -0.01579008251428604, 0.05619896948337555, -0.02516203373670578]",['1b051a99a77005243c08e6ad00eea1c4b84c621def1d46d496eca11f26a4bafe'],"['1b051a99a77005243c08e6ad00eea1c4b84c621def1d46d496eca11f26a4bafe', '1db25673fd53d61e0b0b5a267d61cba495f25af77a59ce44b6e041d5fdf13b83']",1548789724608
415,88b83ad2ef5622269ea4f2d88a1bfb6bd4bd4cb378614aeec55eb3cc6e675c92,"[0.015234719961881638, -0.3414308428764343, 0.1108405590057373, 0.06774882227182388, -0.10122160613536835, 0.01580393873155117, -0.04054286703467369, 0.050815217196941376, -0.014958671294152737, 0.021524835377931595, -0.016273140907287598, -0.0473238006234169, 0.021395210176706314, -0.011419362388551235, 0.022282294929027557, 0.020418381318449974, -0.0005655186250805855, 0.012630055658519268, -0.026683758944272995, 0.03380541130900383, -0.007083688396960497, -0.01247013732790947, -0.019665054976940155, -9.631738066673279e-05, 0.06440527737140656, -0.03347991034388542, 0.03957374393939972, -0.012017464265227318, 0.08689169585704803, -0.027240319177508354, 0.06054563820362091, -0.027535364031791687, 0.01495687197893858, 0.020551636815071106, 0.028558600693941116, -0.05169324576854706, 0.014973236247897148, -0.029435455799102783, 0.004047024063766003, -0.00921543687582016, 0.027748223394155502, -0.001147048082202673, 0.03788311034440994, 0.06451800465583801, -0.0005896091461181641, -0.025348223745822906, -0.013284001499414444, -0.01579008251428604, 0.05619896948337555, -0.02516203373670578]",['1b051a99a77005243c08e6ad00eea1c4b84c621def1d46d496eca11f26a4bafe'],"['1b051a99a77005243c08e6ad00eea1c4b84c621def1d46d496eca11f26a4bafe', '1db25673fd53d61e0b0b5a267d61cba495f25af77a59ce44b6e041d5fdf13b83']",1548789724608
416,4a8afa8849e6c910c714bfa00f4ead90bdc62d47188c84a16991e7a659b8d0a9,"[-0.12384536862373352, -0.011981341056525707, -0.05794781446456909, -0.10703781992197037, 0.15740537643432617, 0.006663086824119091, -0.02610563300549984, 0.07343549281358719, -0.07882371544837952, 0.014194261282682419, -0.030121255666017532, -0.011074700392782688, -0.025656385347247124, -0.0884273499250412, 0.015231394208967686, 0.0392744354903698, -0.036068689078092575, 0.03029760718345642, 0.020664161071181297, 0.002683930564671755, 0.024696579203009605, -0.0013839614111930132, -0.007085883524268866, -0.04025350511074066, 0.03566383197903633, 0.021342743188142776, 0.009665319696068764, -0.0050529721193015575, -0.01795228198170662, -0.04008631408214569, 0.0400131493806839, 0.009006922133266926, -0.03776540234684944, 0.022369662299752235, -0.03157836198806763, -0.012305404990911484, -0.0028381841257214546, 0.0017056833021342754, -0.007823135703802109, -0.0009532244876027107, -0.0033425569999963045, 0.008385340683162212, -0.019380494952201843, -0.002781238406896591, -0.021071214228868484, -0.02618448995053768, -0.02932245470583439, -0.020568234845995903, 0.032609011977910995, 0.0190194770693779]",,"['5ade003c8b2179f4836b3b1eddd4445df01e7f36e4908fd8c0d605d706f3afd6', '0b9f971034d320a956e238f3a93f589cd5aeead7648e857b46832b2b8c41968a', '99584f435027410f77f7ff3b2bdfc91c2c22da229aef9b5a03c56855065faeba', '15f8f455970f063314b86dc9e97985c1e6743a21e9fbd1f9b8c49798a453bc67']",1548940010426
417,87ee19594304c04ad8b2bc332171829b7c36cf662d8b5be71b2cf552fc248cc2,"[-0.05171579122543335, -0.3234919309616089, 0.18061280250549316, -0.0005040457472205162, -0.03482033312320709, -0.05400357395410538, 0.0812760442495346, -0.020257966592907906, 0.03176259249448776, -0.012994213029742241, -0.04880952835083008, -0.057790569961071014, 0.11376069486141205, -0.0381460040807724, 0.029614796862006187, -0.02821393311023712, -0.0190201997756958, 0.03265133127570152, 0.05394835025072098, 0.03507237508893013, -0.08234338462352753, 0.07520531117916107, 0.05499007925391197, -0.01924717053771019, 0.037391118705272675, 0.044024884700775146, -0.005230734124779701, 0.010447988286614418, 0.045223407447338104, -0.037411171942949295, 0.028811849653720856, -0.006917642429471016, -0.022202149033546448, 0.04312773793935776, 0.02448679693043232, 0.06651392579078674, -0.0014154287055134773, -0.006502374075353146, -0.013772440142929554, -0.027369726449251175, 0.022686274722218513, -0.05529394745826721, 0.011718721129000187, -0.04021725431084633, -0.03027542307972908, 0.03670724481344223, 0.007825013250112534, 0.02965376153588295, -0.010369342751801014, 0.046347178518772125]",,"['2e95c060258830ace861297b86df3002ef9c6cb9a3e5ef2116bff8144f331d46', '7907e522b4ea35b9cb35b3713d3dcb4a815e4528afad3e53002c0499723a74ae', 'dde13ef17712ef8c73dd494ac74a8871d6484c9c4dbcb33b27d77865ca046a41', '518536360fd71a452dc880add2112f3dffac996674bab9606ce64776b87edcc4', 'd6b9ec17ed2b3e795e66c0d09f717c4cbf3ce3834f6c14d93553f0b7d93ac0df', '1477db5eeb6f12e9233cb039785107546864a2946e3572c4914511bf28cc0aa1', '04f714dd9a7b060ea57d175afeb36269ea5847d006153abd59a9d4513194bc6e', '4fd10fd58967c4ea9fcc8b1ef3a59a2532aad06bc5e19e473016bc41c6e05a75', '4129ff0df7150930d1220fb19dcf6569dcb7edd800aef3c35df6d6294fc0c707', '4e3f73ce04008255520340ff7775326256ab1843e2c6b0717bf6ac25a10962ab', 'cea670a67cd02ae8edc5c8387d92d1bd126da66fc4a6b8584f4e345ccde127e5', '41b1ebf8c6f32634013de2fe534b8da3750c065b6514b13ff5354a2c3ffc4b30', 'cc0ae0d6f07b570d59d6b68f7928d20b2e3f0b49262cd4893c09cb37997f3865', 'c1035deb735761ce639f986c2852371a9a2693ce65fda26f28504b5203e5f244', '3f06616cc35990ea582e5b5b71c24996551ec2e55ee63634ad21e620f03a5ed6', '32536bd6bcaa19ea17810014deb62c93a8170cbbfed0f62ab1ffb2865d2ddb65', '192133fc0d868abbe50bb597dffd4fa02138af65dede95069a74aee870600bd2', '527468960c3c5bc9f831752c5846675fe7ce512c3051b8c58f6f243a60de28ca', '5a6151e6ca2450a8ac09ed0ae29bad7b1b5cff31a345ea0bfddcb520cec2749c', '644480ee7314427b5b3b80ea3ece1a26a5a019466cc4a4209d168f7ebafbd766', '761bade1b065274f5e96ecd5af898bb748d297a2486b785f6a9f084a7ab7bf83', 'f390648daf9afe02b76bf920b161ac93a5cc4118fe3bdf3a7cc7515b146bd860', '723da774f96cb9437558d0324ea04171497dacd7a0fc34ec547f90d799457ec5', '2fa34124fd2373718bd1d44a8ff05ed2f1214ea02a92f53a42e59fbc8c9b195c', '59a704266fe14796a39358d0a631ce3315858dca7cf801c19577d0b6554f782f']",1547856931592
418,81687d3a36ed05bab006a14d1162976e91dd34e8392d73929142b69de2764110,"[-0.07642431557178497, -0.08916325867176056, 0.006466318853199482, -0.027678120881319046, 0.04278518259525299, -0.016317356377840042, -0.009662045165896416, -0.06112649291753769, -0.03105287253856659, -0.023400627076625824, 0.024574069306254387, -0.041531335562467575, -0.009352369233965874, -0.018025808036327362, -0.010637443512678146, 0.008781621232628822, 0.009430659003555775, 0.006633313372731209, -0.01938670501112938, -0.009156657382845879, -0.013630087487399578, -0.01671629771590233, 0.005091139581054449, -0.014882510527968407, -0.032356854528188705, -0.0006464653415605426, 0.0028188289143145084, -0.009605388157069683, -0.04727855697274208, 0.001128178322687745, 0.01822308823466301, 0.012584597803652287, -0.005415671970695257, -0.009076671674847603, 0.0038535012863576412, 0.0013038599863648415, -0.029578473418951035, -0.007358741480857134, -0.001769570866599679, 0.0033225584775209427, 0.009532464668154716, -0.011001821607351303, -0.0039907824248075485, 0.019204089418053627, 0.009809534065425396, 0.0446723997592926, 0.01598505675792694, 0.004843467380851507, -0.009554415009915829, -0.022663487121462822]","['d508c0f4f10396afd8f3819c7680a7562da6989a016f21657da6c02381a9eb3b', 'd508c0f4f10396afd8f3819c7680a7562da6989a016f21657da6c02381a9eb3b']","['88c8b3a0a026109ddb1b37d8524f81c63f36aa74635767cf46e809604e35ddb7', '20d8834cc3c98316656b82384ea411530bd34fb5dc96a48eb9a707d1b3326aca', '49f4119328666b9637a49a48eb8bd832fa86ad0587d50e237b13334f57da1084', '98f2c54e843d6bdccd95a27a5be282ad1a83e3baae659e88b2a49643b28f7d70', '5934f3b75e02aaf55f2f66af20d1f6b6b5bc14f631605bd9d7b557ed33206868', 'be4e17237ffbc3f1c676b7f5b3d73ce12c77802e01429db49389440b4b455739', '1b4b35f955a67c0d6a680308f80a0d485f0db9f00e2e6161cd4e464f91b3e01f', '113e645c5637c867394ba6d9adb8c5ea064a78cadef371f524aebd7cf44f7aa8', '24d4a9f6acaa07a74059f95d3cf6147cac8c383d76691225c075b01a2494403c', '0cc131ce7151491c9f99cf25dc9e6a6a88f7d9d56dc07cf573d64c55bf8155c2', 'a51e919b052a22ed4720ae89cb8aa1c4fdcd51dca6e1f6b65dfc8b4057c237f6', 'c5dddb8eaca10525327816caf573bc4fa9f0579deed4318bcebe1253545a89ff', 'ac21060600469c97d9aea9f119cde8a9845375eb7c588f9f3ee2af7d7a49e48f', 'c62a36bf4a0095d42af10e9a1662732896b6911ea1263f5a3b323842dfdd652d', '6bcb7d2223a2007194fd8dd7f52d25dad029a700ce406b7e7db3ea9541c9b811', 'd508c0f4f10396afd8f3819c7680a7562da6989a016f21657da6c02381a9eb3b', '3851ac23a8bbbb9ff3e8f05d43f168b7eceb2631c16b53af0dca68a3c7fe632f', 'f2973617df6c996f8189101c2ea5c06246d9e39c86d711ee93ee462accc6a276', 'dde85c30bf9f0792425ac494c67df46cf169b0cf12bcf684ac942814cb7c80b0', '4baa62c38119593f977b799ebfabe967d35679d78eb8339ddc5ab09c9ada43e2', '770e7dd5af979b818149f9ec197c4b26f58cdef6188c42b27addd17ece6c6b11', 'a1f27d59cdcdbf24a67b0c0682935835d641d9177438756e6fce05391d994f48', '9277f7b6f74a241d4208363a80a432c35c8be16ad9b783e1f40cbd498c2f9528', 'ef794ded235cd83e902014fba1b974bb8693237e52ab41ac1bad48052d07dfdd', '383206f42c0fd46397b8db698d6a583831923202dddcbd3ac43ce54e80687246']",1548694445675
419,81687d3a36ed05bab006a14d1162976e91dd34e8392d73929142b69de2764110,"[-0.07642431557178497, -0.08916325867176056, 0.006466318853199482, -0.027678120881319046, 0.04278518259525299, -0.016317356377840042, -0.009662045165896416, -0.06112649291753769, -0.03105287253856659, -0.023400627076625824, 0.024574069306254387, -0.041531335562467575, -0.009352369233965874, -0.018025808036327362, -0.010637443512678146, 0.008781621232628822, 0.009430659003555775, 0.006633313372731209, -0.01938670501112938, -0.009156657382845879, -0.013630087487399578, -0.01671629771590233, 0.005091139581054449, -0.014882510527968407, -0.032356854528188705, -0.0006464653415605426, 0.0028188289143145084, -0.009605388157069683, -0.04727855697274208, 0.001128178322687745, 0.01822308823466301, 0.012584597803652287, -0.005415671970695257, -0.009076671674847603, 0.0038535012863576412, 0.0013038599863648415, -0.029578473418951035, -0.007358741480857134, -0.001769570866599679, 0.0033225584775209427, 0.009532464668154716, -0.011001821607351303, -0.0039907824248075485, 0.019204089418053627, 0.009809534065425396, 0.0446723997592926, 0.01598505675792694, 0.004843467380851507, -0.009554415009915829, -0.022663487121462822]","['d508c0f4f10396afd8f3819c7680a7562da6989a016f21657da6c02381a9eb3b', 'd508c0f4f10396afd8f3819c7680a7562da6989a016f21657da6c02381a9eb3b']","['88c8b3a0a026109ddb1b37d8524f81c63f36aa74635767cf46e809604e35ddb7', '20d8834cc3c98316656b82384ea411530bd34fb5dc96a48eb9a707d1b3326aca', '49f4119328666b9637a49a48eb8bd832fa86ad0587d50e237b13334f57da1084', '98f2c54e843d6bdccd95a27a5be282ad1a83e3baae659e88b2a49643b28f7d70', '5934f3b75e02aaf55f2f66af20d1f6b6b5bc14f631605bd9d7b557ed33206868', 'be4e17237ffbc3f1c676b7f5b3d73ce12c77802e01429db49389440b4b455739', '1b4b35f955a67c0d6a680308f80a0d485f0db9f00e2e6161cd4e464f91b3e01f', '113e645c5637c867394ba6d9adb8c5ea064a78cadef371f524aebd7cf44f7aa8', '24d4a9f6acaa07a74059f95d3cf6147cac8c383d76691225c075b01a2494403c', '0cc131ce7151491c9f99cf25dc9e6a6a88f7d9d56dc07cf573d64c55bf8155c2', 'a51e919b052a22ed4720ae89cb8aa1c4fdcd51dca6e1f6b65dfc8b4057c237f6', 'c5dddb8eaca10525327816caf573bc4fa9f0579deed4318bcebe1253545a89ff', 'ac21060600469c97d9aea9f119cde8a9845375eb7c588f9f3ee2af7d7a49e48f', 'c62a36bf4a0095d42af10e9a1662732896b6911ea1263f5a3b323842dfdd652d', '6bcb7d2223a2007194fd8dd7f52d25dad029a700ce406b7e7db3ea9541c9b811', 'd508c0f4f10396afd8f3819c7680a7562da6989a016f21657da6c02381a9eb3b', '3851ac23a8bbbb9ff3e8f05d43f168b7eceb2631c16b53af0dca68a3c7fe632f', 'f2973617df6c996f8189101c2ea5c06246d9e39c86d711ee93ee462accc6a276', 'dde85c30bf9f0792425ac494c67df46cf169b0cf12bcf684ac942814cb7c80b0', '4baa62c38119593f977b799ebfabe967d35679d78eb8339ddc5ab09c9ada43e2', '770e7dd5af979b818149f9ec197c4b26f58cdef6188c42b27addd17ece6c6b11', 'a1f27d59cdcdbf24a67b0c0682935835d641d9177438756e6fce05391d994f48', '9277f7b6f74a241d4208363a80a432c35c8be16ad9b783e1f40cbd498c2f9528', 'ef794ded235cd83e902014fba1b974bb8693237e52ab41ac1bad48052d07dfdd', '383206f42c0fd46397b8db698d6a583831923202dddcbd3ac43ce54e80687246']",1548694445675
420,81687d3a36ed05bab006a14d1162976e91dd34e8392d73929142b69de2764110,"[-0.07642431557178497, -0.08916325867176056, 0.006466318853199482, -0.027678120881319046, 0.04278518259525299, -0.016317356377840042, -0.009662045165896416, -0.06112649291753769, -0.03105287253856659, -0.023400627076625824, 0.024574069306254387, -0.041531335562467575, -0.009352369233965874, -0.018025808036327362, -0.010637443512678146, 0.008781621232628822, 0.009430659003555775, 0.006633313372731209, -0.01938670501112938, -0.009156657382845879, -0.013630087487399578, -0.01671629771590233, 0.005091139581054449, -0.014882510527968407, -0.032356854528188705, -0.0006464653415605426, 0.0028188289143145084, -0.009605388157069683, -0.04727855697274208, 0.001128178322687745, 0.01822308823466301, 0.012584597803652287, -0.005415671970695257, -0.009076671674847603, 0.0038535012863576412, 0.0013038599863648415, -0.029578473418951035, -0.007358741480857134, -0.001769570866599679, 0.0033225584775209427, 0.009532464668154716, -0.011001821607351303, -0.0039907824248075485, 0.019204089418053627, 0.009809534065425396, 0.0446723997592926, 0.01598505675792694, 0.004843467380851507, -0.009554415009915829, -0.022663487121462822]","['d508c0f4f10396afd8f3819c7680a7562da6989a016f21657da6c02381a9eb3b', 'd508c0f4f10396afd8f3819c7680a7562da6989a016f21657da6c02381a9eb3b']","['88c8b3a0a026109ddb1b37d8524f81c63f36aa74635767cf46e809604e35ddb7', '20d8834cc3c98316656b82384ea411530bd34fb5dc96a48eb9a707d1b3326aca', '49f4119328666b9637a49a48eb8bd832fa86ad0587d50e237b13334f57da1084', '98f2c54e843d6bdccd95a27a5be282ad1a83e3baae659e88b2a49643b28f7d70', '5934f3b75e02aaf55f2f66af20d1f6b6b5bc14f631605bd9d7b557ed33206868', 'be4e17237ffbc3f1c676b7f5b3d73ce12c77802e01429db49389440b4b455739', '1b4b35f955a67c0d6a680308f80a0d485f0db9f00e2e6161cd4e464f91b3e01f', '113e645c5637c867394ba6d9adb8c5ea064a78cadef371f524aebd7cf44f7aa8', '24d4a9f6acaa07a74059f95d3cf6147cac8c383d76691225c075b01a2494403c', '0cc131ce7151491c9f99cf25dc9e6a6a88f7d9d56dc07cf573d64c55bf8155c2', 'a51e919b052a22ed4720ae89cb8aa1c4fdcd51dca6e1f6b65dfc8b4057c237f6', 'c5dddb8eaca10525327816caf573bc4fa9f0579deed4318bcebe1253545a89ff', 'ac21060600469c97d9aea9f119cde8a9845375eb7c588f9f3ee2af7d7a49e48f', 'c62a36bf4a0095d42af10e9a1662732896b6911ea1263f5a3b323842dfdd652d', '6bcb7d2223a2007194fd8dd7f52d25dad029a700ce406b7e7db3ea9541c9b811', 'd508c0f4f10396afd8f3819c7680a7562da6989a016f21657da6c02381a9eb3b', '3851ac23a8bbbb9ff3e8f05d43f168b7eceb2631c16b53af0dca68a3c7fe632f', 'f2973617df6c996f8189101c2ea5c06246d9e39c86d711ee93ee462accc6a276', 'dde85c30bf9f0792425ac494c67df46cf169b0cf12bcf684ac942814cb7c80b0', '4baa62c38119593f977b799ebfabe967d35679d78eb8339ddc5ab09c9ada43e2', '770e7dd5af979b818149f9ec197c4b26f58cdef6188c42b27addd17ece6c6b11', 'a1f27d59cdcdbf24a67b0c0682935835d641d9177438756e6fce05391d994f48', '9277f7b6f74a241d4208363a80a432c35c8be16ad9b783e1f40cbd498c2f9528', 'ef794ded235cd83e902014fba1b974bb8693237e52ab41ac1bad48052d07dfdd', '383206f42c0fd46397b8db698d6a583831923202dddcbd3ac43ce54e80687246']",1548694445675
421,81687d3a36ed05bab006a14d1162976e91dd34e8392d73929142b69de2764110,"[-0.07642431557178497, -0.08916325867176056, 0.006466318853199482, -0.027678120881319046, 0.04278518259525299, -0.016317356377840042, -0.009662045165896416, -0.06112649291753769, -0.03105287253856659, -0.023400627076625824, 0.024574069306254387, -0.041531335562467575, -0.009352369233965874, -0.018025808036327362, -0.010637443512678146, 0.008781621232628822, 0.009430659003555775, 0.006633313372731209, -0.01938670501112938, -0.009156657382845879, -0.013630087487399578, -0.01671629771590233, 0.005091139581054449, -0.014882510527968407, -0.032356854528188705, -0.0006464653415605426, 0.0028188289143145084, -0.009605388157069683, -0.04727855697274208, 0.001128178322687745, 0.01822308823466301, 0.012584597803652287, -0.005415671970695257, -0.009076671674847603, 0.0038535012863576412, 0.0013038599863648415, -0.029578473418951035, -0.007358741480857134, -0.001769570866599679, 0.0033225584775209427, 0.009532464668154716, -0.011001821607351303, -0.0039907824248075485, 0.019204089418053627, 0.009809534065425396, 0.0446723997592926, 0.01598505675792694, 0.004843467380851507, -0.009554415009915829, -0.022663487121462822]","['d508c0f4f10396afd8f3819c7680a7562da6989a016f21657da6c02381a9eb3b', 'd508c0f4f10396afd8f3819c7680a7562da6989a016f21657da6c02381a9eb3b']","['88c8b3a0a026109ddb1b37d8524f81c63f36aa74635767cf46e809604e35ddb7', '20d8834cc3c98316656b82384ea411530bd34fb5dc96a48eb9a707d1b3326aca', '49f4119328666b9637a49a48eb8bd832fa86ad0587d50e237b13334f57da1084', '98f2c54e843d6bdccd95a27a5be282ad1a83e3baae659e88b2a49643b28f7d70', '5934f3b75e02aaf55f2f66af20d1f6b6b5bc14f631605bd9d7b557ed33206868', 'be4e17237ffbc3f1c676b7f5b3d73ce12c77802e01429db49389440b4b455739', '1b4b35f955a67c0d6a680308f80a0d485f0db9f00e2e6161cd4e464f91b3e01f', '113e645c5637c867394ba6d9adb8c5ea064a78cadef371f524aebd7cf44f7aa8', '24d4a9f6acaa07a74059f95d3cf6147cac8c383d76691225c075b01a2494403c', '0cc131ce7151491c9f99cf25dc9e6a6a88f7d9d56dc07cf573d64c55bf8155c2', 'a51e919b052a22ed4720ae89cb8aa1c4fdcd51dca6e1f6b65dfc8b4057c237f6', 'c5dddb8eaca10525327816caf573bc4fa9f0579deed4318bcebe1253545a89ff', 'ac21060600469c97d9aea9f119cde8a9845375eb7c588f9f3ee2af7d7a49e48f', 'c62a36bf4a0095d42af10e9a1662732896b6911ea1263f5a3b323842dfdd652d', '6bcb7d2223a2007194fd8dd7f52d25dad029a700ce406b7e7db3ea9541c9b811', 'd508c0f4f10396afd8f3819c7680a7562da6989a016f21657da6c02381a9eb3b', '3851ac23a8bbbb9ff3e8f05d43f168b7eceb2631c16b53af0dca68a3c7fe632f', 'f2973617df6c996f8189101c2ea5c06246d9e39c86d711ee93ee462accc6a276', 'dde85c30bf9f0792425ac494c67df46cf169b0cf12bcf684ac942814cb7c80b0', '4baa62c38119593f977b799ebfabe967d35679d78eb8339ddc5ab09c9ada43e2', '770e7dd5af979b818149f9ec197c4b26f58cdef6188c42b27addd17ece6c6b11', 'a1f27d59cdcdbf24a67b0c0682935835d641d9177438756e6fce05391d994f48', '9277f7b6f74a241d4208363a80a432c35c8be16ad9b783e1f40cbd498c2f9528', 'ef794ded235cd83e902014fba1b974bb8693237e52ab41ac1bad48052d07dfdd', '383206f42c0fd46397b8db698d6a583831923202dddcbd3ac43ce54e80687246']",1548694445675
422,81687d3a36ed05bab006a14d1162976e91dd34e8392d73929142b69de2764110,"[-0.07642431557178497, -0.08916325867176056, 0.006466318853199482, -0.027678120881319046, 0.04278518259525299, -0.016317356377840042, -0.009662045165896416, -0.06112649291753769, -0.03105287253856659, -0.023400627076625824, 0.024574069306254387, -0.041531335562467575, -0.009352369233965874, -0.018025808036327362, -0.010637443512678146, 0.008781621232628822, 0.009430659003555775, 0.006633313372731209, -0.01938670501112938, -0.009156657382845879, -0.013630087487399578, -0.01671629771590233, 0.005091139581054449, -0.014882510527968407, -0.032356854528188705, -0.0006464653415605426, 0.0028188289143145084, -0.009605388157069683, -0.04727855697274208, 0.001128178322687745, 0.01822308823466301, 0.012584597803652287, -0.005415671970695257, -0.009076671674847603, 0.0038535012863576412, 0.0013038599863648415, -0.029578473418951035, -0.007358741480857134, -0.001769570866599679, 0.0033225584775209427, 0.009532464668154716, -0.011001821607351303, -0.0039907824248075485, 0.019204089418053627, 0.009809534065425396, 0.0446723997592926, 0.01598505675792694, 0.004843467380851507, -0.009554415009915829, -0.022663487121462822]","['d508c0f4f10396afd8f3819c7680a7562da6989a016f21657da6c02381a9eb3b', 'd508c0f4f10396afd8f3819c7680a7562da6989a016f21657da6c02381a9eb3b']","['88c8b3a0a026109ddb1b37d8524f81c63f36aa74635767cf46e809604e35ddb7', '20d8834cc3c98316656b82384ea411530bd34fb5dc96a48eb9a707d1b3326aca', '49f4119328666b9637a49a48eb8bd832fa86ad0587d50e237b13334f57da1084', '98f2c54e843d6bdccd95a27a5be282ad1a83e3baae659e88b2a49643b28f7d70', '5934f3b75e02aaf55f2f66af20d1f6b6b5bc14f631605bd9d7b557ed33206868', 'be4e17237ffbc3f1c676b7f5b3d73ce12c77802e01429db49389440b4b455739', '1b4b35f955a67c0d6a680308f80a0d485f0db9f00e2e6161cd4e464f91b3e01f', '113e645c5637c867394ba6d9adb8c5ea064a78cadef371f524aebd7cf44f7aa8', '24d4a9f6acaa07a74059f95d3cf6147cac8c383d76691225c075b01a2494403c', '0cc131ce7151491c9f99cf25dc9e6a6a88f7d9d56dc07cf573d64c55bf8155c2', 'a51e919b052a22ed4720ae89cb8aa1c4fdcd51dca6e1f6b65dfc8b4057c237f6', 'c5dddb8eaca10525327816caf573bc4fa9f0579deed4318bcebe1253545a89ff', 'ac21060600469c97d9aea9f119cde8a9845375eb7c588f9f3ee2af7d7a49e48f', 'c62a36bf4a0095d42af10e9a1662732896b6911ea1263f5a3b323842dfdd652d', '6bcb7d2223a2007194fd8dd7f52d25dad029a700ce406b7e7db3ea9541c9b811', 'd508c0f4f10396afd8f3819c7680a7562da6989a016f21657da6c02381a9eb3b', '3851ac23a8bbbb9ff3e8f05d43f168b7eceb2631c16b53af0dca68a3c7fe632f', 'f2973617df6c996f8189101c2ea5c06246d9e39c86d711ee93ee462accc6a276', 'dde85c30bf9f0792425ac494c67df46cf169b0cf12bcf684ac942814cb7c80b0', '4baa62c38119593f977b799ebfabe967d35679d78eb8339ddc5ab09c9ada43e2', '770e7dd5af979b818149f9ec197c4b26f58cdef6188c42b27addd17ece6c6b11', 'a1f27d59cdcdbf24a67b0c0682935835d641d9177438756e6fce05391d994f48', '9277f7b6f74a241d4208363a80a432c35c8be16ad9b783e1f40cbd498c2f9528', 'ef794ded235cd83e902014fba1b974bb8693237e52ab41ac1bad48052d07dfdd', '383206f42c0fd46397b8db698d6a583831923202dddcbd3ac43ce54e80687246']",1548694445675
423,81687d3a36ed05bab006a14d1162976e91dd34e8392d73929142b69de2764110,"[-0.07642431557178497, -0.08916325867176056, 0.006466318853199482, -0.027678120881319046, 0.04278518259525299, -0.016317356377840042, -0.009662045165896416, -0.06112649291753769, -0.03105287253856659, -0.023400627076625824, 0.024574069306254387, -0.041531335562467575, -0.009352369233965874, -0.018025808036327362, -0.010637443512678146, 0.008781621232628822, 0.009430659003555775, 0.006633313372731209, -0.01938670501112938, -0.009156657382845879, -0.013630087487399578, -0.01671629771590233, 0.005091139581054449, -0.014882510527968407, -0.032356854528188705, -0.0006464653415605426, 0.0028188289143145084, -0.009605388157069683, -0.04727855697274208, 0.001128178322687745, 0.01822308823466301, 0.012584597803652287, -0.005415671970695257, -0.009076671674847603, 0.0038535012863576412, 0.0013038599863648415, -0.029578473418951035, -0.007358741480857134, -0.001769570866599679, 0.0033225584775209427, 0.009532464668154716, -0.011001821607351303, -0.0039907824248075485, 0.019204089418053627, 0.009809534065425396, 0.0446723997592926, 0.01598505675792694, 0.004843467380851507, -0.009554415009915829, -0.022663487121462822]","['d508c0f4f10396afd8f3819c7680a7562da6989a016f21657da6c02381a9eb3b', 'd508c0f4f10396afd8f3819c7680a7562da6989a016f21657da6c02381a9eb3b']","['88c8b3a0a026109ddb1b37d8524f81c63f36aa74635767cf46e809604e35ddb7', '20d8834cc3c98316656b82384ea411530bd34fb5dc96a48eb9a707d1b3326aca', '49f4119328666b9637a49a48eb8bd832fa86ad0587d50e237b13334f57da1084', '98f2c54e843d6bdccd95a27a5be282ad1a83e3baae659e88b2a49643b28f7d70', '5934f3b75e02aaf55f2f66af20d1f6b6b5bc14f631605bd9d7b557ed33206868', 'be4e17237ffbc3f1c676b7f5b3d73ce12c77802e01429db49389440b4b455739', '1b4b35f955a67c0d6a680308f80a0d485f0db9f00e2e6161cd4e464f91b3e01f', '113e645c5637c867394ba6d9adb8c5ea064a78cadef371f524aebd7cf44f7aa8', '24d4a9f6acaa07a74059f95d3cf6147cac8c383d76691225c075b01a2494403c', '0cc131ce7151491c9f99cf25dc9e6a6a88f7d9d56dc07cf573d64c55bf8155c2', 'a51e919b052a22ed4720ae89cb8aa1c4fdcd51dca6e1f6b65dfc8b4057c237f6', 'c5dddb8eaca10525327816caf573bc4fa9f0579deed4318bcebe1253545a89ff', 'ac21060600469c97d9aea9f119cde8a9845375eb7c588f9f3ee2af7d7a49e48f', 'c62a36bf4a0095d42af10e9a1662732896b6911ea1263f5a3b323842dfdd652d', '6bcb7d2223a2007194fd8dd7f52d25dad029a700ce406b7e7db3ea9541c9b811', 'd508c0f4f10396afd8f3819c7680a7562da6989a016f21657da6c02381a9eb3b', '3851ac23a8bbbb9ff3e8f05d43f168b7eceb2631c16b53af0dca68a3c7fe632f', 'f2973617df6c996f8189101c2ea5c06246d9e39c86d711ee93ee462accc6a276', 'dde85c30bf9f0792425ac494c67df46cf169b0cf12bcf684ac942814cb7c80b0', '4baa62c38119593f977b799ebfabe967d35679d78eb8339ddc5ab09c9ada43e2', '770e7dd5af979b818149f9ec197c4b26f58cdef6188c42b27addd17ece6c6b11', 'a1f27d59cdcdbf24a67b0c0682935835d641d9177438756e6fce05391d994f48', '9277f7b6f74a241d4208363a80a432c35c8be16ad9b783e1f40cbd498c2f9528', 'ef794ded235cd83e902014fba1b974bb8693237e52ab41ac1bad48052d07dfdd', '383206f42c0fd46397b8db698d6a583831923202dddcbd3ac43ce54e80687246']",1548694445675
424,81687d3a36ed05bab006a14d1162976e91dd34e8392d73929142b69de2764110,"[-0.07642431557178497, -0.08916325867176056, 0.006466318853199482, -0.027678120881319046, 0.04278518259525299, -0.016317356377840042, -0.009662045165896416, -0.06112649291753769, -0.03105287253856659, -0.023400627076625824, 0.024574069306254387, -0.041531335562467575, -0.009352369233965874, -0.018025808036327362, -0.010637443512678146, 0.008781621232628822, 0.009430659003555775, 0.006633313372731209, -0.01938670501112938, -0.009156657382845879, -0.013630087487399578, -0.01671629771590233, 0.005091139581054449, -0.014882510527968407, -0.032356854528188705, -0.0006464653415605426, 0.0028188289143145084, -0.009605388157069683, -0.04727855697274208, 0.001128178322687745, 0.01822308823466301, 0.012584597803652287, -0.005415671970695257, -0.009076671674847603, 0.0038535012863576412, 0.0013038599863648415, -0.029578473418951035, -0.007358741480857134, -0.001769570866599679, 0.0033225584775209427, 0.009532464668154716, -0.011001821607351303, -0.0039907824248075485, 0.019204089418053627, 0.009809534065425396, 0.0446723997592926, 0.01598505675792694, 0.004843467380851507, -0.009554415009915829, -0.022663487121462822]","['d508c0f4f10396afd8f3819c7680a7562da6989a016f21657da6c02381a9eb3b', 'd508c0f4f10396afd8f3819c7680a7562da6989a016f21657da6c02381a9eb3b']","['88c8b3a0a026109ddb1b37d8524f81c63f36aa74635767cf46e809604e35ddb7', '20d8834cc3c98316656b82384ea411530bd34fb5dc96a48eb9a707d1b3326aca', '49f4119328666b9637a49a48eb8bd832fa86ad0587d50e237b13334f57da1084', '98f2c54e843d6bdccd95a27a5be282ad1a83e3baae659e88b2a49643b28f7d70', '5934f3b75e02aaf55f2f66af20d1f6b6b5bc14f631605bd9d7b557ed33206868', 'be4e17237ffbc3f1c676b7f5b3d73ce12c77802e01429db49389440b4b455739', '1b4b35f955a67c0d6a680308f80a0d485f0db9f00e2e6161cd4e464f91b3e01f', '113e645c5637c867394ba6d9adb8c5ea064a78cadef371f524aebd7cf44f7aa8', '24d4a9f6acaa07a74059f95d3cf6147cac8c383d76691225c075b01a2494403c', '0cc131ce7151491c9f99cf25dc9e6a6a88f7d9d56dc07cf573d64c55bf8155c2', 'a51e919b052a22ed4720ae89cb8aa1c4fdcd51dca6e1f6b65dfc8b4057c237f6', 'c5dddb8eaca10525327816caf573bc4fa9f0579deed4318bcebe1253545a89ff', 'ac21060600469c97d9aea9f119cde8a9845375eb7c588f9f3ee2af7d7a49e48f', 'c62a36bf4a0095d42af10e9a1662732896b6911ea1263f5a3b323842dfdd652d', '6bcb7d2223a2007194fd8dd7f52d25dad029a700ce406b7e7db3ea9541c9b811', 'd508c0f4f10396afd8f3819c7680a7562da6989a016f21657da6c02381a9eb3b', '3851ac23a8bbbb9ff3e8f05d43f168b7eceb2631c16b53af0dca68a3c7fe632f', 'f2973617df6c996f8189101c2ea5c06246d9e39c86d711ee93ee462accc6a276', 'dde85c30bf9f0792425ac494c67df46cf169b0cf12bcf684ac942814cb7c80b0', '4baa62c38119593f977b799ebfabe967d35679d78eb8339ddc5ab09c9ada43e2', '770e7dd5af979b818149f9ec197c4b26f58cdef6188c42b27addd17ece6c6b11', 'a1f27d59cdcdbf24a67b0c0682935835d641d9177438756e6fce05391d994f48', '9277f7b6f74a241d4208363a80a432c35c8be16ad9b783e1f40cbd498c2f9528', 'ef794ded235cd83e902014fba1b974bb8693237e52ab41ac1bad48052d07dfdd', '383206f42c0fd46397b8db698d6a583831923202dddcbd3ac43ce54e80687246']",1548694445675
425,81687d3a36ed05bab006a14d1162976e91dd34e8392d73929142b69de2764110,"[-0.07642431557178497, -0.08916325867176056, 0.006466318853199482, -0.027678120881319046, 0.04278518259525299, -0.016317356377840042, -0.009662045165896416, -0.06112649291753769, -0.03105287253856659, -0.023400627076625824, 0.024574069306254387, -0.041531335562467575, -0.009352369233965874, -0.018025808036327362, -0.010637443512678146, 0.008781621232628822, 0.009430659003555775, 0.006633313372731209, -0.01938670501112938, -0.009156657382845879, -0.013630087487399578, -0.01671629771590233, 0.005091139581054449, -0.014882510527968407, -0.032356854528188705, -0.0006464653415605426, 0.0028188289143145084, -0.009605388157069683, -0.04727855697274208, 0.001128178322687745, 0.01822308823466301, 0.012584597803652287, -0.005415671970695257, -0.009076671674847603, 0.0038535012863576412, 0.0013038599863648415, -0.029578473418951035, -0.007358741480857134, -0.001769570866599679, 0.0033225584775209427, 0.009532464668154716, -0.011001821607351303, -0.0039907824248075485, 0.019204089418053627, 0.009809534065425396, 0.0446723997592926, 0.01598505675792694, 0.004843467380851507, -0.009554415009915829, -0.022663487121462822]","['d508c0f4f10396afd8f3819c7680a7562da6989a016f21657da6c02381a9eb3b', 'd508c0f4f10396afd8f3819c7680a7562da6989a016f21657da6c02381a9eb3b']","['88c8b3a0a026109ddb1b37d8524f81c63f36aa74635767cf46e809604e35ddb7', '20d8834cc3c98316656b82384ea411530bd34fb5dc96a48eb9a707d1b3326aca', '49f4119328666b9637a49a48eb8bd832fa86ad0587d50e237b13334f57da1084', '98f2c54e843d6bdccd95a27a5be282ad1a83e3baae659e88b2a49643b28f7d70', '5934f3b75e02aaf55f2f66af20d1f6b6b5bc14f631605bd9d7b557ed33206868', 'be4e17237ffbc3f1c676b7f5b3d73ce12c77802e01429db49389440b4b455739', '1b4b35f955a67c0d6a680308f80a0d485f0db9f00e2e6161cd4e464f91b3e01f', '113e645c5637c867394ba6d9adb8c5ea064a78cadef371f524aebd7cf44f7aa8', '24d4a9f6acaa07a74059f95d3cf6147cac8c383d76691225c075b01a2494403c', '0cc131ce7151491c9f99cf25dc9e6a6a88f7d9d56dc07cf573d64c55bf8155c2', 'a51e919b052a22ed4720ae89cb8aa1c4fdcd51dca6e1f6b65dfc8b4057c237f6', 'c5dddb8eaca10525327816caf573bc4fa9f0579deed4318bcebe1253545a89ff', 'ac21060600469c97d9aea9f119cde8a9845375eb7c588f9f3ee2af7d7a49e48f', 'c62a36bf4a0095d42af10e9a1662732896b6911ea1263f5a3b323842dfdd652d', '6bcb7d2223a2007194fd8dd7f52d25dad029a700ce406b7e7db3ea9541c9b811', 'd508c0f4f10396afd8f3819c7680a7562da6989a016f21657da6c02381a9eb3b', '3851ac23a8bbbb9ff3e8f05d43f168b7eceb2631c16b53af0dca68a3c7fe632f', 'f2973617df6c996f8189101c2ea5c06246d9e39c86d711ee93ee462accc6a276', 'dde85c30bf9f0792425ac494c67df46cf169b0cf12bcf684ac942814cb7c80b0', '4baa62c38119593f977b799ebfabe967d35679d78eb8339ddc5ab09c9ada43e2', '770e7dd5af979b818149f9ec197c4b26f58cdef6188c42b27addd17ece6c6b11', 'a1f27d59cdcdbf24a67b0c0682935835d641d9177438756e6fce05391d994f48', '9277f7b6f74a241d4208363a80a432c35c8be16ad9b783e1f40cbd498c2f9528', 'ef794ded235cd83e902014fba1b974bb8693237e52ab41ac1bad48052d07dfdd', '383206f42c0fd46397b8db698d6a583831923202dddcbd3ac43ce54e80687246']",1548694445675
426,81687d3a36ed05bab006a14d1162976e91dd34e8392d73929142b69de2764110,"[-0.07642431557178497, -0.08916325867176056, 0.006466318853199482, -0.027678120881319046, 0.04278518259525299, -0.016317356377840042, -0.009662045165896416, -0.06112649291753769, -0.03105287253856659, -0.023400627076625824, 0.024574069306254387, -0.041531335562467575, -0.009352369233965874, -0.018025808036327362, -0.010637443512678146, 0.008781621232628822, 0.009430659003555775, 0.006633313372731209, -0.01938670501112938, -0.009156657382845879, -0.013630087487399578, -0.01671629771590233, 0.005091139581054449, -0.014882510527968407, -0.032356854528188705, -0.0006464653415605426, 0.0028188289143145084, -0.009605388157069683, -0.04727855697274208, 0.001128178322687745, 0.01822308823466301, 0.012584597803652287, -0.005415671970695257, -0.009076671674847603, 0.0038535012863576412, 0.0013038599863648415, -0.029578473418951035, -0.007358741480857134, -0.001769570866599679, 0.0033225584775209427, 0.009532464668154716, -0.011001821607351303, -0.0039907824248075485, 0.019204089418053627, 0.009809534065425396, 0.0446723997592926, 0.01598505675792694, 0.004843467380851507, -0.009554415009915829, -0.022663487121462822]","['d508c0f4f10396afd8f3819c7680a7562da6989a016f21657da6c02381a9eb3b', 'd508c0f4f10396afd8f3819c7680a7562da6989a016f21657da6c02381a9eb3b']","['88c8b3a0a026109ddb1b37d8524f81c63f36aa74635767cf46e809604e35ddb7', '20d8834cc3c98316656b82384ea411530bd34fb5dc96a48eb9a707d1b3326aca', '49f4119328666b9637a49a48eb8bd832fa86ad0587d50e237b13334f57da1084', '98f2c54e843d6bdccd95a27a5be282ad1a83e3baae659e88b2a49643b28f7d70', '5934f3b75e02aaf55f2f66af20d1f6b6b5bc14f631605bd9d7b557ed33206868', 'be4e17237ffbc3f1c676b7f5b3d73ce12c77802e01429db49389440b4b455739', '1b4b35f955a67c0d6a680308f80a0d485f0db9f00e2e6161cd4e464f91b3e01f', '113e645c5637c867394ba6d9adb8c5ea064a78cadef371f524aebd7cf44f7aa8', '24d4a9f6acaa07a74059f95d3cf6147cac8c383d76691225c075b01a2494403c', '0cc131ce7151491c9f99cf25dc9e6a6a88f7d9d56dc07cf573d64c55bf8155c2', 'a51e919b052a22ed4720ae89cb8aa1c4fdcd51dca6e1f6b65dfc8b4057c237f6', 'c5dddb8eaca10525327816caf573bc4fa9f0579deed4318bcebe1253545a89ff', 'ac21060600469c97d9aea9f119cde8a9845375eb7c588f9f3ee2af7d7a49e48f', 'c62a36bf4a0095d42af10e9a1662732896b6911ea1263f5a3b323842dfdd652d', '6bcb7d2223a2007194fd8dd7f52d25dad029a700ce406b7e7db3ea9541c9b811', 'd508c0f4f10396afd8f3819c7680a7562da6989a016f21657da6c02381a9eb3b', '3851ac23a8bbbb9ff3e8f05d43f168b7eceb2631c16b53af0dca68a3c7fe632f', 'f2973617df6c996f8189101c2ea5c06246d9e39c86d711ee93ee462accc6a276', 'dde85c30bf9f0792425ac494c67df46cf169b0cf12bcf684ac942814cb7c80b0', '4baa62c38119593f977b799ebfabe967d35679d78eb8339ddc5ab09c9ada43e2', '770e7dd5af979b818149f9ec197c4b26f58cdef6188c42b27addd17ece6c6b11', 'a1f27d59cdcdbf24a67b0c0682935835d641d9177438756e6fce05391d994f48', '9277f7b6f74a241d4208363a80a432c35c8be16ad9b783e1f40cbd498c2f9528', 'ef794ded235cd83e902014fba1b974bb8693237e52ab41ac1bad48052d07dfdd', '383206f42c0fd46397b8db698d6a583831923202dddcbd3ac43ce54e80687246']",1548694445675
427,81687d3a36ed05bab006a14d1162976e91dd34e8392d73929142b69de2764110,"[-0.07642431557178497, -0.08916325867176056, 0.006466318853199482, -0.027678120881319046, 0.04278518259525299, -0.016317356377840042, -0.009662045165896416, -0.06112649291753769, -0.03105287253856659, -0.023400627076625824, 0.024574069306254387, -0.041531335562467575, -0.009352369233965874, -0.018025808036327362, -0.010637443512678146, 0.008781621232628822, 0.009430659003555775, 0.006633313372731209, -0.01938670501112938, -0.009156657382845879, -0.013630087487399578, -0.01671629771590233, 0.005091139581054449, -0.014882510527968407, -0.032356854528188705, -0.0006464653415605426, 0.0028188289143145084, -0.009605388157069683, -0.04727855697274208, 0.001128178322687745, 0.01822308823466301, 0.012584597803652287, -0.005415671970695257, -0.009076671674847603, 0.0038535012863576412, 0.0013038599863648415, -0.029578473418951035, -0.007358741480857134, -0.001769570866599679, 0.0033225584775209427, 0.009532464668154716, -0.011001821607351303, -0.0039907824248075485, 0.019204089418053627, 0.009809534065425396, 0.0446723997592926, 0.01598505675792694, 0.004843467380851507, -0.009554415009915829, -0.022663487121462822]","['d508c0f4f10396afd8f3819c7680a7562da6989a016f21657da6c02381a9eb3b', 'd508c0f4f10396afd8f3819c7680a7562da6989a016f21657da6c02381a9eb3b']","['88c8b3a0a026109ddb1b37d8524f81c63f36aa74635767cf46e809604e35ddb7', '20d8834cc3c98316656b82384ea411530bd34fb5dc96a48eb9a707d1b3326aca', '49f4119328666b9637a49a48eb8bd832fa86ad0587d50e237b13334f57da1084', '98f2c54e843d6bdccd95a27a5be282ad1a83e3baae659e88b2a49643b28f7d70', '5934f3b75e02aaf55f2f66af20d1f6b6b5bc14f631605bd9d7b557ed33206868', 'be4e17237ffbc3f1c676b7f5b3d73ce12c77802e01429db49389440b4b455739', '1b4b35f955a67c0d6a680308f80a0d485f0db9f00e2e6161cd4e464f91b3e01f', '113e645c5637c867394ba6d9adb8c5ea064a78cadef371f524aebd7cf44f7aa8', '24d4a9f6acaa07a74059f95d3cf6147cac8c383d76691225c075b01a2494403c', '0cc131ce7151491c9f99cf25dc9e6a6a88f7d9d56dc07cf573d64c55bf8155c2', 'a51e919b052a22ed4720ae89cb8aa1c4fdcd51dca6e1f6b65dfc8b4057c237f6', 'c5dddb8eaca10525327816caf573bc4fa9f0579deed4318bcebe1253545a89ff', 'ac21060600469c97d9aea9f119cde8a9845375eb7c588f9f3ee2af7d7a49e48f', 'c62a36bf4a0095d42af10e9a1662732896b6911ea1263f5a3b323842dfdd652d', '6bcb7d2223a2007194fd8dd7f52d25dad029a700ce406b7e7db3ea9541c9b811', 'd508c0f4f10396afd8f3819c7680a7562da6989a016f21657da6c02381a9eb3b', '3851ac23a8bbbb9ff3e8f05d43f168b7eceb2631c16b53af0dca68a3c7fe632f', 'f2973617df6c996f8189101c2ea5c06246d9e39c86d711ee93ee462accc6a276', 'dde85c30bf9f0792425ac494c67df46cf169b0cf12bcf684ac942814cb7c80b0', '4baa62c38119593f977b799ebfabe967d35679d78eb8339ddc5ab09c9ada43e2', '770e7dd5af979b818149f9ec197c4b26f58cdef6188c42b27addd17ece6c6b11', 'a1f27d59cdcdbf24a67b0c0682935835d641d9177438756e6fce05391d994f48', '9277f7b6f74a241d4208363a80a432c35c8be16ad9b783e1f40cbd498c2f9528', 'ef794ded235cd83e902014fba1b974bb8693237e52ab41ac1bad48052d07dfdd', '383206f42c0fd46397b8db698d6a583831923202dddcbd3ac43ce54e80687246']",1548694445675
428,81687d3a36ed05bab006a14d1162976e91dd34e8392d73929142b69de2764110,"[-0.07642431557178497, -0.08916325867176056, 0.006466318853199482, -0.027678120881319046, 0.04278518259525299, -0.016317356377840042, -0.009662045165896416, -0.06112649291753769, -0.03105287253856659, -0.023400627076625824, 0.024574069306254387, -0.041531335562467575, -0.009352369233965874, -0.018025808036327362, -0.010637443512678146, 0.008781621232628822, 0.009430659003555775, 0.006633313372731209, -0.01938670501112938, -0.009156657382845879, -0.013630087487399578, -0.01671629771590233, 0.005091139581054449, -0.014882510527968407, -0.032356854528188705, -0.0006464653415605426, 0.0028188289143145084, -0.009605388157069683, -0.04727855697274208, 0.001128178322687745, 0.01822308823466301, 0.012584597803652287, -0.005415671970695257, -0.009076671674847603, 0.0038535012863576412, 0.0013038599863648415, -0.029578473418951035, -0.007358741480857134, -0.001769570866599679, 0.0033225584775209427, 0.009532464668154716, -0.011001821607351303, -0.0039907824248075485, 0.019204089418053627, 0.009809534065425396, 0.0446723997592926, 0.01598505675792694, 0.004843467380851507, -0.009554415009915829, -0.022663487121462822]","['d508c0f4f10396afd8f3819c7680a7562da6989a016f21657da6c02381a9eb3b', 'd508c0f4f10396afd8f3819c7680a7562da6989a016f21657da6c02381a9eb3b']","['88c8b3a0a026109ddb1b37d8524f81c63f36aa74635767cf46e809604e35ddb7', '20d8834cc3c98316656b82384ea411530bd34fb5dc96a48eb9a707d1b3326aca', '49f4119328666b9637a49a48eb8bd832fa86ad0587d50e237b13334f57da1084', '98f2c54e843d6bdccd95a27a5be282ad1a83e3baae659e88b2a49643b28f7d70', '5934f3b75e02aaf55f2f66af20d1f6b6b5bc14f631605bd9d7b557ed33206868', 'be4e17237ffbc3f1c676b7f5b3d73ce12c77802e01429db49389440b4b455739', '1b4b35f955a67c0d6a680308f80a0d485f0db9f00e2e6161cd4e464f91b3e01f', '113e645c5637c867394ba6d9adb8c5ea064a78cadef371f524aebd7cf44f7aa8', '24d4a9f6acaa07a74059f95d3cf6147cac8c383d76691225c075b01a2494403c', '0cc131ce7151491c9f99cf25dc9e6a6a88f7d9d56dc07cf573d64c55bf8155c2', 'a51e919b052a22ed4720ae89cb8aa1c4fdcd51dca6e1f6b65dfc8b4057c237f6', 'c5dddb8eaca10525327816caf573bc4fa9f0579deed4318bcebe1253545a89ff', 'ac21060600469c97d9aea9f119cde8a9845375eb7c588f9f3ee2af7d7a49e48f', 'c62a36bf4a0095d42af10e9a1662732896b6911ea1263f5a3b323842dfdd652d', '6bcb7d2223a2007194fd8dd7f52d25dad029a700ce406b7e7db3ea9541c9b811', 'd508c0f4f10396afd8f3819c7680a7562da6989a016f21657da6c02381a9eb3b', '3851ac23a8bbbb9ff3e8f05d43f168b7eceb2631c16b53af0dca68a3c7fe632f', 'f2973617df6c996f8189101c2ea5c06246d9e39c86d711ee93ee462accc6a276', 'dde85c30bf9f0792425ac494c67df46cf169b0cf12bcf684ac942814cb7c80b0', '4baa62c38119593f977b799ebfabe967d35679d78eb8339ddc5ab09c9ada43e2', '770e7dd5af979b818149f9ec197c4b26f58cdef6188c42b27addd17ece6c6b11', 'a1f27d59cdcdbf24a67b0c0682935835d641d9177438756e6fce05391d994f48', '9277f7b6f74a241d4208363a80a432c35c8be16ad9b783e1f40cbd498c2f9528', 'ef794ded235cd83e902014fba1b974bb8693237e52ab41ac1bad48052d07dfdd', '383206f42c0fd46397b8db698d6a583831923202dddcbd3ac43ce54e80687246']",1548694445675
429,81687d3a36ed05bab006a14d1162976e91dd34e8392d73929142b69de2764110,"[-0.07642431557178497, -0.08916325867176056, 0.006466318853199482, -0.027678120881319046, 0.04278518259525299, -0.016317356377840042, -0.009662045165896416, -0.06112649291753769, -0.03105287253856659, -0.023400627076625824, 0.024574069306254387, -0.041531335562467575, -0.009352369233965874, -0.018025808036327362, -0.010637443512678146, 0.008781621232628822, 0.009430659003555775, 0.006633313372731209, -0.01938670501112938, -0.009156657382845879, -0.013630087487399578, -0.01671629771590233, 0.005091139581054449, -0.014882510527968407, -0.032356854528188705, -0.0006464653415605426, 0.0028188289143145084, -0.009605388157069683, -0.04727855697274208, 0.001128178322687745, 0.01822308823466301, 0.012584597803652287, -0.005415671970695257, -0.009076671674847603, 0.0038535012863576412, 0.0013038599863648415, -0.029578473418951035, -0.007358741480857134, -0.001769570866599679, 0.0033225584775209427, 0.009532464668154716, -0.011001821607351303, -0.0039907824248075485, 0.019204089418053627, 0.009809534065425396, 0.0446723997592926, 0.01598505675792694, 0.004843467380851507, -0.009554415009915829, -0.022663487121462822]","['d508c0f4f10396afd8f3819c7680a7562da6989a016f21657da6c02381a9eb3b', 'd508c0f4f10396afd8f3819c7680a7562da6989a016f21657da6c02381a9eb3b']","['88c8b3a0a026109ddb1b37d8524f81c63f36aa74635767cf46e809604e35ddb7', '20d8834cc3c98316656b82384ea411530bd34fb5dc96a48eb9a707d1b3326aca', '49f4119328666b9637a49a48eb8bd832fa86ad0587d50e237b13334f57da1084', '98f2c54e843d6bdccd95a27a5be282ad1a83e3baae659e88b2a49643b28f7d70', '5934f3b75e02aaf55f2f66af20d1f6b6b5bc14f631605bd9d7b557ed33206868', 'be4e17237ffbc3f1c676b7f5b3d73ce12c77802e01429db49389440b4b455739', '1b4b35f955a67c0d6a680308f80a0d485f0db9f00e2e6161cd4e464f91b3e01f', '113e645c5637c867394ba6d9adb8c5ea064a78cadef371f524aebd7cf44f7aa8', '24d4a9f6acaa07a74059f95d3cf6147cac8c383d76691225c075b01a2494403c', '0cc131ce7151491c9f99cf25dc9e6a6a88f7d9d56dc07cf573d64c55bf8155c2', 'a51e919b052a22ed4720ae89cb8aa1c4fdcd51dca6e1f6b65dfc8b4057c237f6', 'c5dddb8eaca10525327816caf573bc4fa9f0579deed4318bcebe1253545a89ff', 'ac21060600469c97d9aea9f119cde8a9845375eb7c588f9f3ee2af7d7a49e48f', 'c62a36bf4a0095d42af10e9a1662732896b6911ea1263f5a3b323842dfdd652d', '6bcb7d2223a2007194fd8dd7f52d25dad029a700ce406b7e7db3ea9541c9b811', 'd508c0f4f10396afd8f3819c7680a7562da6989a016f21657da6c02381a9eb3b', '3851ac23a8bbbb9ff3e8f05d43f168b7eceb2631c16b53af0dca68a3c7fe632f', 'f2973617df6c996f8189101c2ea5c06246d9e39c86d711ee93ee462accc6a276', 'dde85c30bf9f0792425ac494c67df46cf169b0cf12bcf684ac942814cb7c80b0', '4baa62c38119593f977b799ebfabe967d35679d78eb8339ddc5ab09c9ada43e2', '770e7dd5af979b818149f9ec197c4b26f58cdef6188c42b27addd17ece6c6b11', 'a1f27d59cdcdbf24a67b0c0682935835d641d9177438756e6fce05391d994f48', '9277f7b6f74a241d4208363a80a432c35c8be16ad9b783e1f40cbd498c2f9528', 'ef794ded235cd83e902014fba1b974bb8693237e52ab41ac1bad48052d07dfdd', '383206f42c0fd46397b8db698d6a583831923202dddcbd3ac43ce54e80687246']",1548694445675
430,81687d3a36ed05bab006a14d1162976e91dd34e8392d73929142b69de2764110,"[-0.07642431557178497, -0.08916325867176056, 0.006466318853199482, -0.027678120881319046, 0.04278518259525299, -0.016317356377840042, -0.009662045165896416, -0.06112649291753769, -0.03105287253856659, -0.023400627076625824, 0.024574069306254387, -0.041531335562467575, -0.009352369233965874, -0.018025808036327362, -0.010637443512678146, 0.008781621232628822, 0.009430659003555775, 0.006633313372731209, -0.01938670501112938, -0.009156657382845879, -0.013630087487399578, -0.01671629771590233, 0.005091139581054449, -0.014882510527968407, -0.032356854528188705, -0.0006464653415605426, 0.0028188289143145084, -0.009605388157069683, -0.04727855697274208, 0.001128178322687745, 0.01822308823466301, 0.012584597803652287, -0.005415671970695257, -0.009076671674847603, 0.0038535012863576412, 0.0013038599863648415, -0.029578473418951035, -0.007358741480857134, -0.001769570866599679, 0.0033225584775209427, 0.009532464668154716, -0.011001821607351303, -0.0039907824248075485, 0.019204089418053627, 0.009809534065425396, 0.0446723997592926, 0.01598505675792694, 0.004843467380851507, -0.009554415009915829, -0.022663487121462822]","['d508c0f4f10396afd8f3819c7680a7562da6989a016f21657da6c02381a9eb3b', 'd508c0f4f10396afd8f3819c7680a7562da6989a016f21657da6c02381a9eb3b']","['88c8b3a0a026109ddb1b37d8524f81c63f36aa74635767cf46e809604e35ddb7', '20d8834cc3c98316656b82384ea411530bd34fb5dc96a48eb9a707d1b3326aca', '49f4119328666b9637a49a48eb8bd832fa86ad0587d50e237b13334f57da1084', '98f2c54e843d6bdccd95a27a5be282ad1a83e3baae659e88b2a49643b28f7d70', '5934f3b75e02aaf55f2f66af20d1f6b6b5bc14f631605bd9d7b557ed33206868', 'be4e17237ffbc3f1c676b7f5b3d73ce12c77802e01429db49389440b4b455739', '1b4b35f955a67c0d6a680308f80a0d485f0db9f00e2e6161cd4e464f91b3e01f', '113e645c5637c867394ba6d9adb8c5ea064a78cadef371f524aebd7cf44f7aa8', '24d4a9f6acaa07a74059f95d3cf6147cac8c383d76691225c075b01a2494403c', '0cc131ce7151491c9f99cf25dc9e6a6a88f7d9d56dc07cf573d64c55bf8155c2', 'a51e919b052a22ed4720ae89cb8aa1c4fdcd51dca6e1f6b65dfc8b4057c237f6', 'c5dddb8eaca10525327816caf573bc4fa9f0579deed4318bcebe1253545a89ff', 'ac21060600469c97d9aea9f119cde8a9845375eb7c588f9f3ee2af7d7a49e48f', 'c62a36bf4a0095d42af10e9a1662732896b6911ea1263f5a3b323842dfdd652d', '6bcb7d2223a2007194fd8dd7f52d25dad029a700ce406b7e7db3ea9541c9b811', 'd508c0f4f10396afd8f3819c7680a7562da6989a016f21657da6c02381a9eb3b', '3851ac23a8bbbb9ff3e8f05d43f168b7eceb2631c16b53af0dca68a3c7fe632f', 'f2973617df6c996f8189101c2ea5c06246d9e39c86d711ee93ee462accc6a276', 'dde85c30bf9f0792425ac494c67df46cf169b0cf12bcf684ac942814cb7c80b0', '4baa62c38119593f977b799ebfabe967d35679d78eb8339ddc5ab09c9ada43e2', '770e7dd5af979b818149f9ec197c4b26f58cdef6188c42b27addd17ece6c6b11', 'a1f27d59cdcdbf24a67b0c0682935835d641d9177438756e6fce05391d994f48', '9277f7b6f74a241d4208363a80a432c35c8be16ad9b783e1f40cbd498c2f9528', 'ef794ded235cd83e902014fba1b974bb8693237e52ab41ac1bad48052d07dfdd', '383206f42c0fd46397b8db698d6a583831923202dddcbd3ac43ce54e80687246']",1548694445675
431,81687d3a36ed05bab006a14d1162976e91dd34e8392d73929142b69de2764110,"[-0.07642431557178497, -0.08916325867176056, 0.006466318853199482, -0.027678120881319046, 0.04278518259525299, -0.016317356377840042, -0.009662045165896416, -0.06112649291753769, -0.03105287253856659, -0.023400627076625824, 0.024574069306254387, -0.041531335562467575, -0.009352369233965874, -0.018025808036327362, -0.010637443512678146, 0.008781621232628822, 0.009430659003555775, 0.006633313372731209, -0.01938670501112938, -0.009156657382845879, -0.013630087487399578, -0.01671629771590233, 0.005091139581054449, -0.014882510527968407, -0.032356854528188705, -0.0006464653415605426, 0.0028188289143145084, -0.009605388157069683, -0.04727855697274208, 0.001128178322687745, 0.01822308823466301, 0.012584597803652287, -0.005415671970695257, -0.009076671674847603, 0.0038535012863576412, 0.0013038599863648415, -0.029578473418951035, -0.007358741480857134, -0.001769570866599679, 0.0033225584775209427, 0.009532464668154716, -0.011001821607351303, -0.0039907824248075485, 0.019204089418053627, 0.009809534065425396, 0.0446723997592926, 0.01598505675792694, 0.004843467380851507, -0.009554415009915829, -0.022663487121462822]","['d508c0f4f10396afd8f3819c7680a7562da6989a016f21657da6c02381a9eb3b', 'd508c0f4f10396afd8f3819c7680a7562da6989a016f21657da6c02381a9eb3b']","['88c8b3a0a026109ddb1b37d8524f81c63f36aa74635767cf46e809604e35ddb7', '20d8834cc3c98316656b82384ea411530bd34fb5dc96a48eb9a707d1b3326aca', '49f4119328666b9637a49a48eb8bd832fa86ad0587d50e237b13334f57da1084', '98f2c54e843d6bdccd95a27a5be282ad1a83e3baae659e88b2a49643b28f7d70', '5934f3b75e02aaf55f2f66af20d1f6b6b5bc14f631605bd9d7b557ed33206868', 'be4e17237ffbc3f1c676b7f5b3d73ce12c77802e01429db49389440b4b455739', '1b4b35f955a67c0d6a680308f80a0d485f0db9f00e2e6161cd4e464f91b3e01f', '113e645c5637c867394ba6d9adb8c5ea064a78cadef371f524aebd7cf44f7aa8', '24d4a9f6acaa07a74059f95d3cf6147cac8c383d76691225c075b01a2494403c', '0cc131ce7151491c9f99cf25dc9e6a6a88f7d9d56dc07cf573d64c55bf8155c2', 'a51e919b052a22ed4720ae89cb8aa1c4fdcd51dca6e1f6b65dfc8b4057c237f6', 'c5dddb8eaca10525327816caf573bc4fa9f0579deed4318bcebe1253545a89ff', 'ac21060600469c97d9aea9f119cde8a9845375eb7c588f9f3ee2af7d7a49e48f', 'c62a36bf4a0095d42af10e9a1662732896b6911ea1263f5a3b323842dfdd652d', '6bcb7d2223a2007194fd8dd7f52d25dad029a700ce406b7e7db3ea9541c9b811', 'd508c0f4f10396afd8f3819c7680a7562da6989a016f21657da6c02381a9eb3b', '3851ac23a8bbbb9ff3e8f05d43f168b7eceb2631c16b53af0dca68a3c7fe632f', 'f2973617df6c996f8189101c2ea5c06246d9e39c86d711ee93ee462accc6a276', 'dde85c30bf9f0792425ac494c67df46cf169b0cf12bcf684ac942814cb7c80b0', '4baa62c38119593f977b799ebfabe967d35679d78eb8339ddc5ab09c9ada43e2', '770e7dd5af979b818149f9ec197c4b26f58cdef6188c42b27addd17ece6c6b11', 'a1f27d59cdcdbf24a67b0c0682935835d641d9177438756e6fce05391d994f48', '9277f7b6f74a241d4208363a80a432c35c8be16ad9b783e1f40cbd498c2f9528', 'ef794ded235cd83e902014fba1b974bb8693237e52ab41ac1bad48052d07dfdd', '383206f42c0fd46397b8db698d6a583831923202dddcbd3ac43ce54e80687246']",1548694445675
432,81687d3a36ed05bab006a14d1162976e91dd34e8392d73929142b69de2764110,"[-0.09712553024291992, -0.06904006749391556, 0.005467626266181469, -0.038006559014320374, 0.013632898218929768, -0.005391040816903114, -0.027331560850143433, -0.043526142835617065, -0.03148915618658066, -0.06301991641521454, 0.0347052663564682, -0.05489961802959442, -0.01704063080251217, -0.018797006458044052, -0.00688779354095459, 0.019249945878982544, 0.01491821650415659, 0.029065705835819244, -0.03424735367298126, -0.003354217391461134, -0.02050022780895233, -0.015386894345283508, 0.01370834931731224, -0.016716772690415382, -0.033255480229854584, 0.0077405767515301704, -0.02765587531030178, -0.005048924125730991, -0.04708200693130493, -0.0039099957793951035, 0.021581292152404785, 0.007620449177920818, -0.006995758507400751, -0.017900630831718445, -0.0019867592491209507, 0.002937125042080879, -0.03131631761789322, 0.0012100317981094122, -0.003432248719036579, 0.011037597432732582, 0.017550714313983917, -0.02283928543329239, 0.004705140367150307, 0.03595840930938721, 0.021131157875061035, 0.05564310401678085, 0.013526517897844315, 0.009871060959994793, -0.009698702953755856, -0.032107532024383545]",,"['88c8b3a0a026109ddb1b37d8524f81c63f36aa74635767cf46e809604e35ddb7', '20d8834cc3c98316656b82384ea411530bd34fb5dc96a48eb9a707d1b3326aca', '49f4119328666b9637a49a48eb8bd832fa86ad0587d50e237b13334f57da1084', '98f2c54e843d6bdccd95a27a5be282ad1a83e3baae659e88b2a49643b28f7d70', '5934f3b75e02aaf55f2f66af20d1f6b6b5bc14f631605bd9d7b557ed33206868', 'be4e17237ffbc3f1c676b7f5b3d73ce12c77802e01429db49389440b4b455739', '1b4b35f955a67c0d6a680308f80a0d485f0db9f00e2e6161cd4e464f91b3e01f', '113e645c5637c867394ba6d9adb8c5ea064a78cadef371f524aebd7cf44f7aa8', '24d4a9f6acaa07a74059f95d3cf6147cac8c383d76691225c075b01a2494403c', '0cc131ce7151491c9f99cf25dc9e6a6a88f7d9d56dc07cf573d64c55bf8155c2', 'a51e919b052a22ed4720ae89cb8aa1c4fdcd51dca6e1f6b65dfc8b4057c237f6', 'c5dddb8eaca10525327816caf573bc4fa9f0579deed4318bcebe1253545a89ff', 'ac21060600469c97d9aea9f119cde8a9845375eb7c588f9f3ee2af7d7a49e48f', 'c62a36bf4a0095d42af10e9a1662732896b6911ea1263f5a3b323842dfdd652d', '6bcb7d2223a2007194fd8dd7f52d25dad029a700ce406b7e7db3ea9541c9b811', 'd508c0f4f10396afd8f3819c7680a7562da6989a016f21657da6c02381a9eb3b', '3851ac23a8bbbb9ff3e8f05d43f168b7eceb2631c16b53af0dca68a3c7fe632f', 'f2973617df6c996f8189101c2ea5c06246d9e39c86d711ee93ee462accc6a276', 'dde85c30bf9f0792425ac494c67df46cf169b0cf12bcf684ac942814cb7c80b0', '4baa62c38119593f977b799ebfabe967d35679d78eb8339ddc5ab09c9ada43e2', '770e7dd5af979b818149f9ec197c4b26f58cdef6188c42b27addd17ece6c6b11', 'a1f27d59cdcdbf24a67b0c0682935835d641d9177438756e6fce05391d994f48', '9277f7b6f74a241d4208363a80a432c35c8be16ad9b783e1f40cbd498c2f9528', 'ef794ded235cd83e902014fba1b974bb8693237e52ab41ac1bad48052d07dfdd', '383206f42c0fd46397b8db698d6a583831923202dddcbd3ac43ce54e80687246']",1548694505528
433,81687d3a36ed05bab006a14d1162976e91dd34e8392d73929142b69de2764110,"[-0.09712553024291992, -0.06904006749391556, 0.005467626266181469, -0.038006559014320374, 0.013632898218929768, -0.005391040816903114, -0.027331560850143433, -0.043526142835617065, -0.03148915618658066, -0.06301991641521454, 0.0347052663564682, -0.05489961802959442, -0.01704063080251217, -0.018797006458044052, -0.00688779354095459, 0.019249945878982544, 0.01491821650415659, 0.029065705835819244, -0.03424735367298126, -0.003354217391461134, -0.02050022780895233, -0.015386894345283508, 0.01370834931731224, -0.016716772690415382, -0.033255480229854584, 0.0077405767515301704, -0.02765587531030178, -0.005048924125730991, -0.04708200693130493, -0.0039099957793951035, 0.021581292152404785, 0.007620449177920818, -0.006995758507400751, -0.017900630831718445, -0.0019867592491209507, 0.002937125042080879, -0.03131631761789322, 0.0012100317981094122, -0.003432248719036579, 0.011037597432732582, 0.017550714313983917, -0.02283928543329239, 0.004705140367150307, 0.03595840930938721, 0.021131157875061035, 0.05564310401678085, 0.013526517897844315, 0.009871060959994793, -0.009698702953755856, -0.032107532024383545]",,"['88c8b3a0a026109ddb1b37d8524f81c63f36aa74635767cf46e809604e35ddb7', '20d8834cc3c98316656b82384ea411530bd34fb5dc96a48eb9a707d1b3326aca', '49f4119328666b9637a49a48eb8bd832fa86ad0587d50e237b13334f57da1084', '98f2c54e843d6bdccd95a27a5be282ad1a83e3baae659e88b2a49643b28f7d70', '5934f3b75e02aaf55f2f66af20d1f6b6b5bc14f631605bd9d7b557ed33206868', 'be4e17237ffbc3f1c676b7f5b3d73ce12c77802e01429db49389440b4b455739', '1b4b35f955a67c0d6a680308f80a0d485f0db9f00e2e6161cd4e464f91b3e01f', '113e645c5637c867394ba6d9adb8c5ea064a78cadef371f524aebd7cf44f7aa8', '24d4a9f6acaa07a74059f95d3cf6147cac8c383d76691225c075b01a2494403c', '0cc131ce7151491c9f99cf25dc9e6a6a88f7d9d56dc07cf573d64c55bf8155c2', 'a51e919b052a22ed4720ae89cb8aa1c4fdcd51dca6e1f6b65dfc8b4057c237f6', 'c5dddb8eaca10525327816caf573bc4fa9f0579deed4318bcebe1253545a89ff', 'ac21060600469c97d9aea9f119cde8a9845375eb7c588f9f3ee2af7d7a49e48f', 'c62a36bf4a0095d42af10e9a1662732896b6911ea1263f5a3b323842dfdd652d', '6bcb7d2223a2007194fd8dd7f52d25dad029a700ce406b7e7db3ea9541c9b811', 'd508c0f4f10396afd8f3819c7680a7562da6989a016f21657da6c02381a9eb3b', '3851ac23a8bbbb9ff3e8f05d43f168b7eceb2631c16b53af0dca68a3c7fe632f', 'f2973617df6c996f8189101c2ea5c06246d9e39c86d711ee93ee462accc6a276', 'dde85c30bf9f0792425ac494c67df46cf169b0cf12bcf684ac942814cb7c80b0', '4baa62c38119593f977b799ebfabe967d35679d78eb8339ddc5ab09c9ada43e2', '770e7dd5af979b818149f9ec197c4b26f58cdef6188c42b27addd17ece6c6b11', 'a1f27d59cdcdbf24a67b0c0682935835d641d9177438756e6fce05391d994f48', '9277f7b6f74a241d4208363a80a432c35c8be16ad9b783e1f40cbd498c2f9528', 'ef794ded235cd83e902014fba1b974bb8693237e52ab41ac1bad48052d07dfdd', '383206f42c0fd46397b8db698d6a583831923202dddcbd3ac43ce54e80687246']",1548694505528
434,81687d3a36ed05bab006a14d1162976e91dd34e8392d73929142b69de2764110,"[-0.09712553024291992, -0.06904006749391556, 0.005467626266181469, -0.038006559014320374, 0.013632898218929768, -0.005391040816903114, -0.027331560850143433, -0.043526142835617065, -0.03148915618658066, -0.06301991641521454, 0.0347052663564682, -0.05489961802959442, -0.01704063080251217, -0.018797006458044052, -0.00688779354095459, 0.019249945878982544, 0.01491821650415659, 0.029065705835819244, -0.03424735367298126, -0.003354217391461134, -0.02050022780895233, -0.015386894345283508, 0.01370834931731224, -0.016716772690415382, -0.033255480229854584, 0.0077405767515301704, -0.02765587531030178, -0.005048924125730991, -0.04708200693130493, -0.0039099957793951035, 0.021581292152404785, 0.007620449177920818, -0.006995758507400751, -0.017900630831718445, -0.0019867592491209507, 0.002937125042080879, -0.03131631761789322, 0.0012100317981094122, -0.003432248719036579, 0.011037597432732582, 0.017550714313983917, -0.02283928543329239, 0.004705140367150307, 0.03595840930938721, 0.021131157875061035, 0.05564310401678085, 0.013526517897844315, 0.009871060959994793, -0.009698702953755856, -0.032107532024383545]",,"['88c8b3a0a026109ddb1b37d8524f81c63f36aa74635767cf46e809604e35ddb7', '20d8834cc3c98316656b82384ea411530bd34fb5dc96a48eb9a707d1b3326aca', '49f4119328666b9637a49a48eb8bd832fa86ad0587d50e237b13334f57da1084', '98f2c54e843d6bdccd95a27a5be282ad1a83e3baae659e88b2a49643b28f7d70', '5934f3b75e02aaf55f2f66af20d1f6b6b5bc14f631605bd9d7b557ed33206868', 'be4e17237ffbc3f1c676b7f5b3d73ce12c77802e01429db49389440b4b455739', '1b4b35f955a67c0d6a680308f80a0d485f0db9f00e2e6161cd4e464f91b3e01f', '113e645c5637c867394ba6d9adb8c5ea064a78cadef371f524aebd7cf44f7aa8', '24d4a9f6acaa07a74059f95d3cf6147cac8c383d76691225c075b01a2494403c', '0cc131ce7151491c9f99cf25dc9e6a6a88f7d9d56dc07cf573d64c55bf8155c2', 'a51e919b052a22ed4720ae89cb8aa1c4fdcd51dca6e1f6b65dfc8b4057c237f6', 'c5dddb8eaca10525327816caf573bc4fa9f0579deed4318bcebe1253545a89ff', 'ac21060600469c97d9aea9f119cde8a9845375eb7c588f9f3ee2af7d7a49e48f', 'c62a36bf4a0095d42af10e9a1662732896b6911ea1263f5a3b323842dfdd652d', '6bcb7d2223a2007194fd8dd7f52d25dad029a700ce406b7e7db3ea9541c9b811', 'd508c0f4f10396afd8f3819c7680a7562da6989a016f21657da6c02381a9eb3b', '3851ac23a8bbbb9ff3e8f05d43f168b7eceb2631c16b53af0dca68a3c7fe632f', 'f2973617df6c996f8189101c2ea5c06246d9e39c86d711ee93ee462accc6a276', 'dde85c30bf9f0792425ac494c67df46cf169b0cf12bcf684ac942814cb7c80b0', '4baa62c38119593f977b799ebfabe967d35679d78eb8339ddc5ab09c9ada43e2', '770e7dd5af979b818149f9ec197c4b26f58cdef6188c42b27addd17ece6c6b11', 'a1f27d59cdcdbf24a67b0c0682935835d641d9177438756e6fce05391d994f48', '9277f7b6f74a241d4208363a80a432c35c8be16ad9b783e1f40cbd498c2f9528', 'ef794ded235cd83e902014fba1b974bb8693237e52ab41ac1bad48052d07dfdd', '383206f42c0fd46397b8db698d6a583831923202dddcbd3ac43ce54e80687246']",1548694505528
435,81687d3a36ed05bab006a14d1162976e91dd34e8392d73929142b69de2764110,"[-0.09712553024291992, -0.06904006749391556, 0.005467626266181469, -0.038006559014320374, 0.013632898218929768, -0.005391040816903114, -0.027331560850143433, -0.043526142835617065, -0.03148915618658066, -0.06301991641521454, 0.0347052663564682, -0.05489961802959442, -0.01704063080251217, -0.018797006458044052, -0.00688779354095459, 0.019249945878982544, 0.01491821650415659, 0.029065705835819244, -0.03424735367298126, -0.003354217391461134, -0.02050022780895233, -0.015386894345283508, 0.01370834931731224, -0.016716772690415382, -0.033255480229854584, 0.0077405767515301704, -0.02765587531030178, -0.005048924125730991, -0.04708200693130493, -0.0039099957793951035, 0.021581292152404785, 0.007620449177920818, -0.006995758507400751, -0.017900630831718445, -0.0019867592491209507, 0.002937125042080879, -0.03131631761789322, 0.0012100317981094122, -0.003432248719036579, 0.011037597432732582, 0.017550714313983917, -0.02283928543329239, 0.004705140367150307, 0.03595840930938721, 0.021131157875061035, 0.05564310401678085, 0.013526517897844315, 0.009871060959994793, -0.009698702953755856, -0.032107532024383545]",,"['88c8b3a0a026109ddb1b37d8524f81c63f36aa74635767cf46e809604e35ddb7', '20d8834cc3c98316656b82384ea411530bd34fb5dc96a48eb9a707d1b3326aca', '49f4119328666b9637a49a48eb8bd832fa86ad0587d50e237b13334f57da1084', '98f2c54e843d6bdccd95a27a5be282ad1a83e3baae659e88b2a49643b28f7d70', '5934f3b75e02aaf55f2f66af20d1f6b6b5bc14f631605bd9d7b557ed33206868', 'be4e17237ffbc3f1c676b7f5b3d73ce12c77802e01429db49389440b4b455739', '1b4b35f955a67c0d6a680308f80a0d485f0db9f00e2e6161cd4e464f91b3e01f', '113e645c5637c867394ba6d9adb8c5ea064a78cadef371f524aebd7cf44f7aa8', '24d4a9f6acaa07a74059f95d3cf6147cac8c383d76691225c075b01a2494403c', '0cc131ce7151491c9f99cf25dc9e6a6a88f7d9d56dc07cf573d64c55bf8155c2', 'a51e919b052a22ed4720ae89cb8aa1c4fdcd51dca6e1f6b65dfc8b4057c237f6', 'c5dddb8eaca10525327816caf573bc4fa9f0579deed4318bcebe1253545a89ff', 'ac21060600469c97d9aea9f119cde8a9845375eb7c588f9f3ee2af7d7a49e48f', 'c62a36bf4a0095d42af10e9a1662732896b6911ea1263f5a3b323842dfdd652d', '6bcb7d2223a2007194fd8dd7f52d25dad029a700ce406b7e7db3ea9541c9b811', 'd508c0f4f10396afd8f3819c7680a7562da6989a016f21657da6c02381a9eb3b', '3851ac23a8bbbb9ff3e8f05d43f168b7eceb2631c16b53af0dca68a3c7fe632f', 'f2973617df6c996f8189101c2ea5c06246d9e39c86d711ee93ee462accc6a276', 'dde85c30bf9f0792425ac494c67df46cf169b0cf12bcf684ac942814cb7c80b0', '4baa62c38119593f977b799ebfabe967d35679d78eb8339ddc5ab09c9ada43e2', '770e7dd5af979b818149f9ec197c4b26f58cdef6188c42b27addd17ece6c6b11', 'a1f27d59cdcdbf24a67b0c0682935835d641d9177438756e6fce05391d994f48', '9277f7b6f74a241d4208363a80a432c35c8be16ad9b783e1f40cbd498c2f9528', 'ef794ded235cd83e902014fba1b974bb8693237e52ab41ac1bad48052d07dfdd', '383206f42c0fd46397b8db698d6a583831923202dddcbd3ac43ce54e80687246']",1548694505528
436,81687d3a36ed05bab006a14d1162976e91dd34e8392d73929142b69de2764110,"[-0.09712553024291992, -0.06904006749391556, 0.005467626266181469, -0.038006559014320374, 0.013632898218929768, -0.005391040816903114, -0.027331560850143433, -0.043526142835617065, -0.03148915618658066, -0.06301991641521454, 0.0347052663564682, -0.05489961802959442, -0.01704063080251217, -0.018797006458044052, -0.00688779354095459, 0.019249945878982544, 0.01491821650415659, 0.029065705835819244, -0.03424735367298126, -0.003354217391461134, -0.02050022780895233, -0.015386894345283508, 0.01370834931731224, -0.016716772690415382, -0.033255480229854584, 0.0077405767515301704, -0.02765587531030178, -0.005048924125730991, -0.04708200693130493, -0.0039099957793951035, 0.021581292152404785, 0.007620449177920818, -0.006995758507400751, -0.017900630831718445, -0.0019867592491209507, 0.002937125042080879, -0.03131631761789322, 0.0012100317981094122, -0.003432248719036579, 0.011037597432732582, 0.017550714313983917, -0.02283928543329239, 0.004705140367150307, 0.03595840930938721, 0.021131157875061035, 0.05564310401678085, 0.013526517897844315, 0.009871060959994793, -0.009698702953755856, -0.032107532024383545]",,"['88c8b3a0a026109ddb1b37d8524f81c63f36aa74635767cf46e809604e35ddb7', '20d8834cc3c98316656b82384ea411530bd34fb5dc96a48eb9a707d1b3326aca', '49f4119328666b9637a49a48eb8bd832fa86ad0587d50e237b13334f57da1084', '98f2c54e843d6bdccd95a27a5be282ad1a83e3baae659e88b2a49643b28f7d70', '5934f3b75e02aaf55f2f66af20d1f6b6b5bc14f631605bd9d7b557ed33206868', 'be4e17237ffbc3f1c676b7f5b3d73ce12c77802e01429db49389440b4b455739', '1b4b35f955a67c0d6a680308f80a0d485f0db9f00e2e6161cd4e464f91b3e01f', '113e645c5637c867394ba6d9adb8c5ea064a78cadef371f524aebd7cf44f7aa8', '24d4a9f6acaa07a74059f95d3cf6147cac8c383d76691225c075b01a2494403c', '0cc131ce7151491c9f99cf25dc9e6a6a88f7d9d56dc07cf573d64c55bf8155c2', 'a51e919b052a22ed4720ae89cb8aa1c4fdcd51dca6e1f6b65dfc8b4057c237f6', 'c5dddb8eaca10525327816caf573bc4fa9f0579deed4318bcebe1253545a89ff', 'ac21060600469c97d9aea9f119cde8a9845375eb7c588f9f3ee2af7d7a49e48f', 'c62a36bf4a0095d42af10e9a1662732896b6911ea1263f5a3b323842dfdd652d', '6bcb7d2223a2007194fd8dd7f52d25dad029a700ce406b7e7db3ea9541c9b811', 'd508c0f4f10396afd8f3819c7680a7562da6989a016f21657da6c02381a9eb3b', '3851ac23a8bbbb9ff3e8f05d43f168b7eceb2631c16b53af0dca68a3c7fe632f', 'f2973617df6c996f8189101c2ea5c06246d9e39c86d711ee93ee462accc6a276', 'dde85c30bf9f0792425ac494c67df46cf169b0cf12bcf684ac942814cb7c80b0', '4baa62c38119593f977b799ebfabe967d35679d78eb8339ddc5ab09c9ada43e2', '770e7dd5af979b818149f9ec197c4b26f58cdef6188c42b27addd17ece6c6b11', 'a1f27d59cdcdbf24a67b0c0682935835d641d9177438756e6fce05391d994f48', '9277f7b6f74a241d4208363a80a432c35c8be16ad9b783e1f40cbd498c2f9528', 'ef794ded235cd83e902014fba1b974bb8693237e52ab41ac1bad48052d07dfdd', '383206f42c0fd46397b8db698d6a583831923202dddcbd3ac43ce54e80687246']",1548694505528
437,81687d3a36ed05bab006a14d1162976e91dd34e8392d73929142b69de2764110,"[-0.09712553024291992, -0.06904006749391556, 0.005467626266181469, -0.038006559014320374, 0.013632898218929768, -0.005391040816903114, -0.027331560850143433, -0.043526142835617065, -0.03148915618658066, -0.06301991641521454, 0.0347052663564682, -0.05489961802959442, -0.01704063080251217, -0.018797006458044052, -0.00688779354095459, 0.019249945878982544, 0.01491821650415659, 0.029065705835819244, -0.03424735367298126, -0.003354217391461134, -0.02050022780895233, -0.015386894345283508, 0.01370834931731224, -0.016716772690415382, -0.033255480229854584, 0.0077405767515301704, -0.02765587531030178, -0.005048924125730991, -0.04708200693130493, -0.0039099957793951035, 0.021581292152404785, 0.007620449177920818, -0.006995758507400751, -0.017900630831718445, -0.0019867592491209507, 0.002937125042080879, -0.03131631761789322, 0.0012100317981094122, -0.003432248719036579, 0.011037597432732582, 0.017550714313983917, -0.02283928543329239, 0.004705140367150307, 0.03595840930938721, 0.021131157875061035, 0.05564310401678085, 0.013526517897844315, 0.009871060959994793, -0.009698702953755856, -0.032107532024383545]",,"['88c8b3a0a026109ddb1b37d8524f81c63f36aa74635767cf46e809604e35ddb7', '20d8834cc3c98316656b82384ea411530bd34fb5dc96a48eb9a707d1b3326aca', '49f4119328666b9637a49a48eb8bd832fa86ad0587d50e237b13334f57da1084', '98f2c54e843d6bdccd95a27a5be282ad1a83e3baae659e88b2a49643b28f7d70', '5934f3b75e02aaf55f2f66af20d1f6b6b5bc14f631605bd9d7b557ed33206868', 'be4e17237ffbc3f1c676b7f5b3d73ce12c77802e01429db49389440b4b455739', '1b4b35f955a67c0d6a680308f80a0d485f0db9f00e2e6161cd4e464f91b3e01f', '113e645c5637c867394ba6d9adb8c5ea064a78cadef371f524aebd7cf44f7aa8', '24d4a9f6acaa07a74059f95d3cf6147cac8c383d76691225c075b01a2494403c', '0cc131ce7151491c9f99cf25dc9e6a6a88f7d9d56dc07cf573d64c55bf8155c2', 'a51e919b052a22ed4720ae89cb8aa1c4fdcd51dca6e1f6b65dfc8b4057c237f6', 'c5dddb8eaca10525327816caf573bc4fa9f0579deed4318bcebe1253545a89ff', 'ac21060600469c97d9aea9f119cde8a9845375eb7c588f9f3ee2af7d7a49e48f', 'c62a36bf4a0095d42af10e9a1662732896b6911ea1263f5a3b323842dfdd652d', '6bcb7d2223a2007194fd8dd7f52d25dad029a700ce406b7e7db3ea9541c9b811', 'd508c0f4f10396afd8f3819c7680a7562da6989a016f21657da6c02381a9eb3b', '3851ac23a8bbbb9ff3e8f05d43f168b7eceb2631c16b53af0dca68a3c7fe632f', 'f2973617df6c996f8189101c2ea5c06246d9e39c86d711ee93ee462accc6a276', 'dde85c30bf9f0792425ac494c67df46cf169b0cf12bcf684ac942814cb7c80b0', '4baa62c38119593f977b799ebfabe967d35679d78eb8339ddc5ab09c9ada43e2', '770e7dd5af979b818149f9ec197c4b26f58cdef6188c42b27addd17ece6c6b11', 'a1f27d59cdcdbf24a67b0c0682935835d641d9177438756e6fce05391d994f48', '9277f7b6f74a241d4208363a80a432c35c8be16ad9b783e1f40cbd498c2f9528', 'ef794ded235cd83e902014fba1b974bb8693237e52ab41ac1bad48052d07dfdd', '383206f42c0fd46397b8db698d6a583831923202dddcbd3ac43ce54e80687246']",1548694505528
438,81687d3a36ed05bab006a14d1162976e91dd34e8392d73929142b69de2764110,"[-0.09712553024291992, -0.06904006749391556, 0.005467626266181469, -0.038006559014320374, 0.013632898218929768, -0.005391040816903114, -0.027331560850143433, -0.043526142835617065, -0.03148915618658066, -0.06301991641521454, 0.0347052663564682, -0.05489961802959442, -0.01704063080251217, -0.018797006458044052, -0.00688779354095459, 0.019249945878982544, 0.01491821650415659, 0.029065705835819244, -0.03424735367298126, -0.003354217391461134, -0.02050022780895233, -0.015386894345283508, 0.01370834931731224, -0.016716772690415382, -0.033255480229854584, 0.0077405767515301704, -0.02765587531030178, -0.005048924125730991, -0.04708200693130493, -0.0039099957793951035, 0.021581292152404785, 0.007620449177920818, -0.006995758507400751, -0.017900630831718445, -0.0019867592491209507, 0.002937125042080879, -0.03131631761789322, 0.0012100317981094122, -0.003432248719036579, 0.011037597432732582, 0.017550714313983917, -0.02283928543329239, 0.004705140367150307, 0.03595840930938721, 0.021131157875061035, 0.05564310401678085, 0.013526517897844315, 0.009871060959994793, -0.009698702953755856, -0.032107532024383545]",,"['88c8b3a0a026109ddb1b37d8524f81c63f36aa74635767cf46e809604e35ddb7', '20d8834cc3c98316656b82384ea411530bd34fb5dc96a48eb9a707d1b3326aca', '49f4119328666b9637a49a48eb8bd832fa86ad0587d50e237b13334f57da1084', '98f2c54e843d6bdccd95a27a5be282ad1a83e3baae659e88b2a49643b28f7d70', '5934f3b75e02aaf55f2f66af20d1f6b6b5bc14f631605bd9d7b557ed33206868', 'be4e17237ffbc3f1c676b7f5b3d73ce12c77802e01429db49389440b4b455739', '1b4b35f955a67c0d6a680308f80a0d485f0db9f00e2e6161cd4e464f91b3e01f', '113e645c5637c867394ba6d9adb8c5ea064a78cadef371f524aebd7cf44f7aa8', '24d4a9f6acaa07a74059f95d3cf6147cac8c383d76691225c075b01a2494403c', '0cc131ce7151491c9f99cf25dc9e6a6a88f7d9d56dc07cf573d64c55bf8155c2', 'a51e919b052a22ed4720ae89cb8aa1c4fdcd51dca6e1f6b65dfc8b4057c237f6', 'c5dddb8eaca10525327816caf573bc4fa9f0579deed4318bcebe1253545a89ff', 'ac21060600469c97d9aea9f119cde8a9845375eb7c588f9f3ee2af7d7a49e48f', 'c62a36bf4a0095d42af10e9a1662732896b6911ea1263f5a3b323842dfdd652d', '6bcb7d2223a2007194fd8dd7f52d25dad029a700ce406b7e7db3ea9541c9b811', 'd508c0f4f10396afd8f3819c7680a7562da6989a016f21657da6c02381a9eb3b', '3851ac23a8bbbb9ff3e8f05d43f168b7eceb2631c16b53af0dca68a3c7fe632f', 'f2973617df6c996f8189101c2ea5c06246d9e39c86d711ee93ee462accc6a276', 'dde85c30bf9f0792425ac494c67df46cf169b0cf12bcf684ac942814cb7c80b0', '4baa62c38119593f977b799ebfabe967d35679d78eb8339ddc5ab09c9ada43e2', '770e7dd5af979b818149f9ec197c4b26f58cdef6188c42b27addd17ece6c6b11', 'a1f27d59cdcdbf24a67b0c0682935835d641d9177438756e6fce05391d994f48', '9277f7b6f74a241d4208363a80a432c35c8be16ad9b783e1f40cbd498c2f9528', 'ef794ded235cd83e902014fba1b974bb8693237e52ab41ac1bad48052d07dfdd', '383206f42c0fd46397b8db698d6a583831923202dddcbd3ac43ce54e80687246']",1548694505528
439,81687d3a36ed05bab006a14d1162976e91dd34e8392d73929142b69de2764110,"[-0.09712553024291992, -0.06904006749391556, 0.005467626266181469, -0.038006559014320374, 0.013632898218929768, -0.005391040816903114, -0.027331560850143433, -0.043526142835617065, -0.03148915618658066, -0.06301991641521454, 0.0347052663564682, -0.05489961802959442, -0.01704063080251217, -0.018797006458044052, -0.00688779354095459, 0.019249945878982544, 0.01491821650415659, 0.029065705835819244, -0.03424735367298126, -0.003354217391461134, -0.02050022780895233, -0.015386894345283508, 0.01370834931731224, -0.016716772690415382, -0.033255480229854584, 0.0077405767515301704, -0.02765587531030178, -0.005048924125730991, -0.04708200693130493, -0.0039099957793951035, 0.021581292152404785, 0.007620449177920818, -0.006995758507400751, -0.017900630831718445, -0.0019867592491209507, 0.002937125042080879, -0.03131631761789322, 0.0012100317981094122, -0.003432248719036579, 0.011037597432732582, 0.017550714313983917, -0.02283928543329239, 0.004705140367150307, 0.03595840930938721, 0.021131157875061035, 0.05564310401678085, 0.013526517897844315, 0.009871060959994793, -0.009698702953755856, -0.032107532024383545]",,"['88c8b3a0a026109ddb1b37d8524f81c63f36aa74635767cf46e809604e35ddb7', '20d8834cc3c98316656b82384ea411530bd34fb5dc96a48eb9a707d1b3326aca', '49f4119328666b9637a49a48eb8bd832fa86ad0587d50e237b13334f57da1084', '98f2c54e843d6bdccd95a27a5be282ad1a83e3baae659e88b2a49643b28f7d70', '5934f3b75e02aaf55f2f66af20d1f6b6b5bc14f631605bd9d7b557ed33206868', 'be4e17237ffbc3f1c676b7f5b3d73ce12c77802e01429db49389440b4b455739', '1b4b35f955a67c0d6a680308f80a0d485f0db9f00e2e6161cd4e464f91b3e01f', '113e645c5637c867394ba6d9adb8c5ea064a78cadef371f524aebd7cf44f7aa8', '24d4a9f6acaa07a74059f95d3cf6147cac8c383d76691225c075b01a2494403c', '0cc131ce7151491c9f99cf25dc9e6a6a88f7d9d56dc07cf573d64c55bf8155c2', 'a51e919b052a22ed4720ae89cb8aa1c4fdcd51dca6e1f6b65dfc8b4057c237f6', 'c5dddb8eaca10525327816caf573bc4fa9f0579deed4318bcebe1253545a89ff', 'ac21060600469c97d9aea9f119cde8a9845375eb7c588f9f3ee2af7d7a49e48f', 'c62a36bf4a0095d42af10e9a1662732896b6911ea1263f5a3b323842dfdd652d', '6bcb7d2223a2007194fd8dd7f52d25dad029a700ce406b7e7db3ea9541c9b811', 'd508c0f4f10396afd8f3819c7680a7562da6989a016f21657da6c02381a9eb3b', '3851ac23a8bbbb9ff3e8f05d43f168b7eceb2631c16b53af0dca68a3c7fe632f', 'f2973617df6c996f8189101c2ea5c06246d9e39c86d711ee93ee462accc6a276', 'dde85c30bf9f0792425ac494c67df46cf169b0cf12bcf684ac942814cb7c80b0', '4baa62c38119593f977b799ebfabe967d35679d78eb8339ddc5ab09c9ada43e2', '770e7dd5af979b818149f9ec197c4b26f58cdef6188c42b27addd17ece6c6b11', 'a1f27d59cdcdbf24a67b0c0682935835d641d9177438756e6fce05391d994f48', '9277f7b6f74a241d4208363a80a432c35c8be16ad9b783e1f40cbd498c2f9528', 'ef794ded235cd83e902014fba1b974bb8693237e52ab41ac1bad48052d07dfdd', '383206f42c0fd46397b8db698d6a583831923202dddcbd3ac43ce54e80687246']",1548694505528
440,81687d3a36ed05bab006a14d1162976e91dd34e8392d73929142b69de2764110,"[-0.09712553024291992, -0.06904006749391556, 0.005467626266181469, -0.038006559014320374, 0.013632898218929768, -0.005391040816903114, -0.027331560850143433, -0.043526142835617065, -0.03148915618658066, -0.06301991641521454, 0.0347052663564682, -0.05489961802959442, -0.01704063080251217, -0.018797006458044052, -0.00688779354095459, 0.019249945878982544, 0.01491821650415659, 0.029065705835819244, -0.03424735367298126, -0.003354217391461134, -0.02050022780895233, -0.015386894345283508, 0.01370834931731224, -0.016716772690415382, -0.033255480229854584, 0.0077405767515301704, -0.02765587531030178, -0.005048924125730991, -0.04708200693130493, -0.0039099957793951035, 0.021581292152404785, 0.007620449177920818, -0.006995758507400751, -0.017900630831718445, -0.0019867592491209507, 0.002937125042080879, -0.03131631761789322, 0.0012100317981094122, -0.003432248719036579, 0.011037597432732582, 0.017550714313983917, -0.02283928543329239, 0.004705140367150307, 0.03595840930938721, 0.021131157875061035, 0.05564310401678085, 0.013526517897844315, 0.009871060959994793, -0.009698702953755856, -0.032107532024383545]",,"['88c8b3a0a026109ddb1b37d8524f81c63f36aa74635767cf46e809604e35ddb7', '20d8834cc3c98316656b82384ea411530bd34fb5dc96a48eb9a707d1b3326aca', '49f4119328666b9637a49a48eb8bd832fa86ad0587d50e237b13334f57da1084', '98f2c54e843d6bdccd95a27a5be282ad1a83e3baae659e88b2a49643b28f7d70', '5934f3b75e02aaf55f2f66af20d1f6b6b5bc14f631605bd9d7b557ed33206868', 'be4e17237ffbc3f1c676b7f5b3d73ce12c77802e01429db49389440b4b455739', '1b4b35f955a67c0d6a680308f80a0d485f0db9f00e2e6161cd4e464f91b3e01f', '113e645c5637c867394ba6d9adb8c5ea064a78cadef371f524aebd7cf44f7aa8', '24d4a9f6acaa07a74059f95d3cf6147cac8c383d76691225c075b01a2494403c', '0cc131ce7151491c9f99cf25dc9e6a6a88f7d9d56dc07cf573d64c55bf8155c2', 'a51e919b052a22ed4720ae89cb8aa1c4fdcd51dca6e1f6b65dfc8b4057c237f6', 'c5dddb8eaca10525327816caf573bc4fa9f0579deed4318bcebe1253545a89ff', 'ac21060600469c97d9aea9f119cde8a9845375eb7c588f9f3ee2af7d7a49e48f', 'c62a36bf4a0095d42af10e9a1662732896b6911ea1263f5a3b323842dfdd652d', '6bcb7d2223a2007194fd8dd7f52d25dad029a700ce406b7e7db3ea9541c9b811', 'd508c0f4f10396afd8f3819c7680a7562da6989a016f21657da6c02381a9eb3b', '3851ac23a8bbbb9ff3e8f05d43f168b7eceb2631c16b53af0dca68a3c7fe632f', 'f2973617df6c996f8189101c2ea5c06246d9e39c86d711ee93ee462accc6a276', 'dde85c30bf9f0792425ac494c67df46cf169b0cf12bcf684ac942814cb7c80b0', '4baa62c38119593f977b799ebfabe967d35679d78eb8339ddc5ab09c9ada43e2', '770e7dd5af979b818149f9ec197c4b26f58cdef6188c42b27addd17ece6c6b11', 'a1f27d59cdcdbf24a67b0c0682935835d641d9177438756e6fce05391d994f48', '9277f7b6f74a241d4208363a80a432c35c8be16ad9b783e1f40cbd498c2f9528', 'ef794ded235cd83e902014fba1b974bb8693237e52ab41ac1bad48052d07dfdd', '383206f42c0fd46397b8db698d6a583831923202dddcbd3ac43ce54e80687246']",1548694505528
441,81687d3a36ed05bab006a14d1162976e91dd34e8392d73929142b69de2764110,"[-0.09712553024291992, -0.06904006749391556, 0.005467626266181469, -0.038006559014320374, 0.013632898218929768, -0.005391040816903114, -0.027331560850143433, -0.043526142835617065, -0.03148915618658066, -0.06301991641521454, 0.0347052663564682, -0.05489961802959442, -0.01704063080251217, -0.018797006458044052, -0.00688779354095459, 0.019249945878982544, 0.01491821650415659, 0.029065705835819244, -0.03424735367298126, -0.003354217391461134, -0.02050022780895233, -0.015386894345283508, 0.01370834931731224, -0.016716772690415382, -0.033255480229854584, 0.0077405767515301704, -0.02765587531030178, -0.005048924125730991, -0.04708200693130493, -0.0039099957793951035, 0.021581292152404785, 0.007620449177920818, -0.006995758507400751, -0.017900630831718445, -0.0019867592491209507, 0.002937125042080879, -0.03131631761789322, 0.0012100317981094122, -0.003432248719036579, 0.011037597432732582, 0.017550714313983917, -0.02283928543329239, 0.004705140367150307, 0.03595840930938721, 0.021131157875061035, 0.05564310401678085, 0.013526517897844315, 0.009871060959994793, -0.009698702953755856, -0.032107532024383545]",,"['88c8b3a0a026109ddb1b37d8524f81c63f36aa74635767cf46e809604e35ddb7', '20d8834cc3c98316656b82384ea411530bd34fb5dc96a48eb9a707d1b3326aca', '49f4119328666b9637a49a48eb8bd832fa86ad0587d50e237b13334f57da1084', '98f2c54e843d6bdccd95a27a5be282ad1a83e3baae659e88b2a49643b28f7d70', '5934f3b75e02aaf55f2f66af20d1f6b6b5bc14f631605bd9d7b557ed33206868', 'be4e17237ffbc3f1c676b7f5b3d73ce12c77802e01429db49389440b4b455739', '1b4b35f955a67c0d6a680308f80a0d485f0db9f00e2e6161cd4e464f91b3e01f', '113e645c5637c867394ba6d9adb8c5ea064a78cadef371f524aebd7cf44f7aa8', '24d4a9f6acaa07a74059f95d3cf6147cac8c383d76691225c075b01a2494403c', '0cc131ce7151491c9f99cf25dc9e6a6a88f7d9d56dc07cf573d64c55bf8155c2', 'a51e919b052a22ed4720ae89cb8aa1c4fdcd51dca6e1f6b65dfc8b4057c237f6', 'c5dddb8eaca10525327816caf573bc4fa9f0579deed4318bcebe1253545a89ff', 'ac21060600469c97d9aea9f119cde8a9845375eb7c588f9f3ee2af7d7a49e48f', 'c62a36bf4a0095d42af10e9a1662732896b6911ea1263f5a3b323842dfdd652d', '6bcb7d2223a2007194fd8dd7f52d25dad029a700ce406b7e7db3ea9541c9b811', 'd508c0f4f10396afd8f3819c7680a7562da6989a016f21657da6c02381a9eb3b', '3851ac23a8bbbb9ff3e8f05d43f168b7eceb2631c16b53af0dca68a3c7fe632f', 'f2973617df6c996f8189101c2ea5c06246d9e39c86d711ee93ee462accc6a276', 'dde85c30bf9f0792425ac494c67df46cf169b0cf12bcf684ac942814cb7c80b0', '4baa62c38119593f977b799ebfabe967d35679d78eb8339ddc5ab09c9ada43e2', '770e7dd5af979b818149f9ec197c4b26f58cdef6188c42b27addd17ece6c6b11', 'a1f27d59cdcdbf24a67b0c0682935835d641d9177438756e6fce05391d994f48', '9277f7b6f74a241d4208363a80a432c35c8be16ad9b783e1f40cbd498c2f9528', 'ef794ded235cd83e902014fba1b974bb8693237e52ab41ac1bad48052d07dfdd', '383206f42c0fd46397b8db698d6a583831923202dddcbd3ac43ce54e80687246']",1548694505528
442,81687d3a36ed05bab006a14d1162976e91dd34e8392d73929142b69de2764110,"[-0.09712553024291992, -0.06904006749391556, 0.005467626266181469, -0.038006559014320374, 0.013632898218929768, -0.005391040816903114, -0.027331560850143433, -0.043526142835617065, -0.03148915618658066, -0.06301991641521454, 0.0347052663564682, -0.05489961802959442, -0.01704063080251217, -0.018797006458044052, -0.00688779354095459, 0.019249945878982544, 0.01491821650415659, 0.029065705835819244, -0.03424735367298126, -0.003354217391461134, -0.02050022780895233, -0.015386894345283508, 0.01370834931731224, -0.016716772690415382, -0.033255480229854584, 0.0077405767515301704, -0.02765587531030178, -0.005048924125730991, -0.04708200693130493, -0.0039099957793951035, 0.021581292152404785, 0.007620449177920818, -0.006995758507400751, -0.017900630831718445, -0.0019867592491209507, 0.002937125042080879, -0.03131631761789322, 0.0012100317981094122, -0.003432248719036579, 0.011037597432732582, 0.017550714313983917, -0.02283928543329239, 0.004705140367150307, 0.03595840930938721, 0.021131157875061035, 0.05564310401678085, 0.013526517897844315, 0.009871060959994793, -0.009698702953755856, -0.032107532024383545]",,"['88c8b3a0a026109ddb1b37d8524f81c63f36aa74635767cf46e809604e35ddb7', '20d8834cc3c98316656b82384ea411530bd34fb5dc96a48eb9a707d1b3326aca', '49f4119328666b9637a49a48eb8bd832fa86ad0587d50e237b13334f57da1084', '98f2c54e843d6bdccd95a27a5be282ad1a83e3baae659e88b2a49643b28f7d70', '5934f3b75e02aaf55f2f66af20d1f6b6b5bc14f631605bd9d7b557ed33206868', 'be4e17237ffbc3f1c676b7f5b3d73ce12c77802e01429db49389440b4b455739', '1b4b35f955a67c0d6a680308f80a0d485f0db9f00e2e6161cd4e464f91b3e01f', '113e645c5637c867394ba6d9adb8c5ea064a78cadef371f524aebd7cf44f7aa8', '24d4a9f6acaa07a74059f95d3cf6147cac8c383d76691225c075b01a2494403c', '0cc131ce7151491c9f99cf25dc9e6a6a88f7d9d56dc07cf573d64c55bf8155c2', 'a51e919b052a22ed4720ae89cb8aa1c4fdcd51dca6e1f6b65dfc8b4057c237f6', 'c5dddb8eaca10525327816caf573bc4fa9f0579deed4318bcebe1253545a89ff', 'ac21060600469c97d9aea9f119cde8a9845375eb7c588f9f3ee2af7d7a49e48f', 'c62a36bf4a0095d42af10e9a1662732896b6911ea1263f5a3b323842dfdd652d', '6bcb7d2223a2007194fd8dd7f52d25dad029a700ce406b7e7db3ea9541c9b811', 'd508c0f4f10396afd8f3819c7680a7562da6989a016f21657da6c02381a9eb3b', '3851ac23a8bbbb9ff3e8f05d43f168b7eceb2631c16b53af0dca68a3c7fe632f', 'f2973617df6c996f8189101c2ea5c06246d9e39c86d711ee93ee462accc6a276', 'dde85c30bf9f0792425ac494c67df46cf169b0cf12bcf684ac942814cb7c80b0', '4baa62c38119593f977b799ebfabe967d35679d78eb8339ddc5ab09c9ada43e2', '770e7dd5af979b818149f9ec197c4b26f58cdef6188c42b27addd17ece6c6b11', 'a1f27d59cdcdbf24a67b0c0682935835d641d9177438756e6fce05391d994f48', '9277f7b6f74a241d4208363a80a432c35c8be16ad9b783e1f40cbd498c2f9528', 'ef794ded235cd83e902014fba1b974bb8693237e52ab41ac1bad48052d07dfdd', '383206f42c0fd46397b8db698d6a583831923202dddcbd3ac43ce54e80687246']",1548694505528
443,81687d3a36ed05bab006a14d1162976e91dd34e8392d73929142b69de2764110,"[-0.09712553024291992, -0.06904006749391556, 0.005467626266181469, -0.038006559014320374, 0.013632898218929768, -0.005391040816903114, -0.027331560850143433, -0.043526142835617065, -0.03148915618658066, -0.06301991641521454, 0.0347052663564682, -0.05489961802959442, -0.01704063080251217, -0.018797006458044052, -0.00688779354095459, 0.019249945878982544, 0.01491821650415659, 0.029065705835819244, -0.03424735367298126, -0.003354217391461134, -0.02050022780895233, -0.015386894345283508, 0.01370834931731224, -0.016716772690415382, -0.033255480229854584, 0.0077405767515301704, -0.02765587531030178, -0.005048924125730991, -0.04708200693130493, -0.0039099957793951035, 0.021581292152404785, 0.007620449177920818, -0.006995758507400751, -0.017900630831718445, -0.0019867592491209507, 0.002937125042080879, -0.03131631761789322, 0.0012100317981094122, -0.003432248719036579, 0.011037597432732582, 0.017550714313983917, -0.02283928543329239, 0.004705140367150307, 0.03595840930938721, 0.021131157875061035, 0.05564310401678085, 0.013526517897844315, 0.009871060959994793, -0.009698702953755856, -0.032107532024383545]",,"['88c8b3a0a026109ddb1b37d8524f81c63f36aa74635767cf46e809604e35ddb7', '20d8834cc3c98316656b82384ea411530bd34fb5dc96a48eb9a707d1b3326aca', '49f4119328666b9637a49a48eb8bd832fa86ad0587d50e237b13334f57da1084', '98f2c54e843d6bdccd95a27a5be282ad1a83e3baae659e88b2a49643b28f7d70', '5934f3b75e02aaf55f2f66af20d1f6b6b5bc14f631605bd9d7b557ed33206868', 'be4e17237ffbc3f1c676b7f5b3d73ce12c77802e01429db49389440b4b455739', '1b4b35f955a67c0d6a680308f80a0d485f0db9f00e2e6161cd4e464f91b3e01f', '113e645c5637c867394ba6d9adb8c5ea064a78cadef371f524aebd7cf44f7aa8', '24d4a9f6acaa07a74059f95d3cf6147cac8c383d76691225c075b01a2494403c', '0cc131ce7151491c9f99cf25dc9e6a6a88f7d9d56dc07cf573d64c55bf8155c2', 'a51e919b052a22ed4720ae89cb8aa1c4fdcd51dca6e1f6b65dfc8b4057c237f6', 'c5dddb8eaca10525327816caf573bc4fa9f0579deed4318bcebe1253545a89ff', 'ac21060600469c97d9aea9f119cde8a9845375eb7c588f9f3ee2af7d7a49e48f', 'c62a36bf4a0095d42af10e9a1662732896b6911ea1263f5a3b323842dfdd652d', '6bcb7d2223a2007194fd8dd7f52d25dad029a700ce406b7e7db3ea9541c9b811', 'd508c0f4f10396afd8f3819c7680a7562da6989a016f21657da6c02381a9eb3b', '3851ac23a8bbbb9ff3e8f05d43f168b7eceb2631c16b53af0dca68a3c7fe632f', 'f2973617df6c996f8189101c2ea5c06246d9e39c86d711ee93ee462accc6a276', 'dde85c30bf9f0792425ac494c67df46cf169b0cf12bcf684ac942814cb7c80b0', '4baa62c38119593f977b799ebfabe967d35679d78eb8339ddc5ab09c9ada43e2', '770e7dd5af979b818149f9ec197c4b26f58cdef6188c42b27addd17ece6c6b11', 'a1f27d59cdcdbf24a67b0c0682935835d641d9177438756e6fce05391d994f48', '9277f7b6f74a241d4208363a80a432c35c8be16ad9b783e1f40cbd498c2f9528', 'ef794ded235cd83e902014fba1b974bb8693237e52ab41ac1bad48052d07dfdd', '383206f42c0fd46397b8db698d6a583831923202dddcbd3ac43ce54e80687246']",1548694505528
444,81687d3a36ed05bab006a14d1162976e91dd34e8392d73929142b69de2764110,"[-0.09712553024291992, -0.06904006749391556, 0.005467626266181469, -0.038006559014320374, 0.013632898218929768, -0.005391040816903114, -0.027331560850143433, -0.043526142835617065, -0.03148915618658066, -0.06301991641521454, 0.0347052663564682, -0.05489961802959442, -0.01704063080251217, -0.018797006458044052, -0.00688779354095459, 0.019249945878982544, 0.01491821650415659, 0.029065705835819244, -0.03424735367298126, -0.003354217391461134, -0.02050022780895233, -0.015386894345283508, 0.01370834931731224, -0.016716772690415382, -0.033255480229854584, 0.0077405767515301704, -0.02765587531030178, -0.005048924125730991, -0.04708200693130493, -0.0039099957793951035, 0.021581292152404785, 0.007620449177920818, -0.006995758507400751, -0.017900630831718445, -0.0019867592491209507, 0.002937125042080879, -0.03131631761789322, 0.0012100317981094122, -0.003432248719036579, 0.011037597432732582, 0.017550714313983917, -0.02283928543329239, 0.004705140367150307, 0.03595840930938721, 0.021131157875061035, 0.05564310401678085, 0.013526517897844315, 0.009871060959994793, -0.009698702953755856, -0.032107532024383545]",,"['88c8b3a0a026109ddb1b37d8524f81c63f36aa74635767cf46e809604e35ddb7', '20d8834cc3c98316656b82384ea411530bd34fb5dc96a48eb9a707d1b3326aca', '49f4119328666b9637a49a48eb8bd832fa86ad0587d50e237b13334f57da1084', '98f2c54e843d6bdccd95a27a5be282ad1a83e3baae659e88b2a49643b28f7d70', '5934f3b75e02aaf55f2f66af20d1f6b6b5bc14f631605bd9d7b557ed33206868', 'be4e17237ffbc3f1c676b7f5b3d73ce12c77802e01429db49389440b4b455739', '1b4b35f955a67c0d6a680308f80a0d485f0db9f00e2e6161cd4e464f91b3e01f', '113e645c5637c867394ba6d9adb8c5ea064a78cadef371f524aebd7cf44f7aa8', '24d4a9f6acaa07a74059f95d3cf6147cac8c383d76691225c075b01a2494403c', '0cc131ce7151491c9f99cf25dc9e6a6a88f7d9d56dc07cf573d64c55bf8155c2', 'a51e919b052a22ed4720ae89cb8aa1c4fdcd51dca6e1f6b65dfc8b4057c237f6', 'c5dddb8eaca10525327816caf573bc4fa9f0579deed4318bcebe1253545a89ff', 'ac21060600469c97d9aea9f119cde8a9845375eb7c588f9f3ee2af7d7a49e48f', 'c62a36bf4a0095d42af10e9a1662732896b6911ea1263f5a3b323842dfdd652d', '6bcb7d2223a2007194fd8dd7f52d25dad029a700ce406b7e7db3ea9541c9b811', 'd508c0f4f10396afd8f3819c7680a7562da6989a016f21657da6c02381a9eb3b', '3851ac23a8bbbb9ff3e8f05d43f168b7eceb2631c16b53af0dca68a3c7fe632f', 'f2973617df6c996f8189101c2ea5c06246d9e39c86d711ee93ee462accc6a276', 'dde85c30bf9f0792425ac494c67df46cf169b0cf12bcf684ac942814cb7c80b0', '4baa62c38119593f977b799ebfabe967d35679d78eb8339ddc5ab09c9ada43e2', '770e7dd5af979b818149f9ec197c4b26f58cdef6188c42b27addd17ece6c6b11', 'a1f27d59cdcdbf24a67b0c0682935835d641d9177438756e6fce05391d994f48', '9277f7b6f74a241d4208363a80a432c35c8be16ad9b783e1f40cbd498c2f9528', 'ef794ded235cd83e902014fba1b974bb8693237e52ab41ac1bad48052d07dfdd', '383206f42c0fd46397b8db698d6a583831923202dddcbd3ac43ce54e80687246']",1548694505528
445,81687d3a36ed05bab006a14d1162976e91dd34e8392d73929142b69de2764110,"[-0.09712553024291992, -0.06904006749391556, 0.005467626266181469, -0.038006559014320374, 0.013632898218929768, -0.005391040816903114, -0.027331560850143433, -0.043526142835617065, -0.03148915618658066, -0.06301991641521454, 0.0347052663564682, -0.05489961802959442, -0.01704063080251217, -0.018797006458044052, -0.00688779354095459, 0.019249945878982544, 0.01491821650415659, 0.029065705835819244, -0.03424735367298126, -0.003354217391461134, -0.02050022780895233, -0.015386894345283508, 0.01370834931731224, -0.016716772690415382, -0.033255480229854584, 0.0077405767515301704, -0.02765587531030178, -0.005048924125730991, -0.04708200693130493, -0.0039099957793951035, 0.021581292152404785, 0.007620449177920818, -0.006995758507400751, -0.017900630831718445, -0.0019867592491209507, 0.002937125042080879, -0.03131631761789322, 0.0012100317981094122, -0.003432248719036579, 0.011037597432732582, 0.017550714313983917, -0.02283928543329239, 0.004705140367150307, 0.03595840930938721, 0.021131157875061035, 0.05564310401678085, 0.013526517897844315, 0.009871060959994793, -0.009698702953755856, -0.032107532024383545]",,"['88c8b3a0a026109ddb1b37d8524f81c63f36aa74635767cf46e809604e35ddb7', '20d8834cc3c98316656b82384ea411530bd34fb5dc96a48eb9a707d1b3326aca', '49f4119328666b9637a49a48eb8bd832fa86ad0587d50e237b13334f57da1084', '98f2c54e843d6bdccd95a27a5be282ad1a83e3baae659e88b2a49643b28f7d70', '5934f3b75e02aaf55f2f66af20d1f6b6b5bc14f631605bd9d7b557ed33206868', 'be4e17237ffbc3f1c676b7f5b3d73ce12c77802e01429db49389440b4b455739', '1b4b35f955a67c0d6a680308f80a0d485f0db9f00e2e6161cd4e464f91b3e01f', '113e645c5637c867394ba6d9adb8c5ea064a78cadef371f524aebd7cf44f7aa8', '24d4a9f6acaa07a74059f95d3cf6147cac8c383d76691225c075b01a2494403c', '0cc131ce7151491c9f99cf25dc9e6a6a88f7d9d56dc07cf573d64c55bf8155c2', 'a51e919b052a22ed4720ae89cb8aa1c4fdcd51dca6e1f6b65dfc8b4057c237f6', 'c5dddb8eaca10525327816caf573bc4fa9f0579deed4318bcebe1253545a89ff', 'ac21060600469c97d9aea9f119cde8a9845375eb7c588f9f3ee2af7d7a49e48f', 'c62a36bf4a0095d42af10e9a1662732896b6911ea1263f5a3b323842dfdd652d', '6bcb7d2223a2007194fd8dd7f52d25dad029a700ce406b7e7db3ea9541c9b811', 'd508c0f4f10396afd8f3819c7680a7562da6989a016f21657da6c02381a9eb3b', '3851ac23a8bbbb9ff3e8f05d43f168b7eceb2631c16b53af0dca68a3c7fe632f', 'f2973617df6c996f8189101c2ea5c06246d9e39c86d711ee93ee462accc6a276', 'dde85c30bf9f0792425ac494c67df46cf169b0cf12bcf684ac942814cb7c80b0', '4baa62c38119593f977b799ebfabe967d35679d78eb8339ddc5ab09c9ada43e2', '770e7dd5af979b818149f9ec197c4b26f58cdef6188c42b27addd17ece6c6b11', 'a1f27d59cdcdbf24a67b0c0682935835d641d9177438756e6fce05391d994f48', '9277f7b6f74a241d4208363a80a432c35c8be16ad9b783e1f40cbd498c2f9528', 'ef794ded235cd83e902014fba1b974bb8693237e52ab41ac1bad48052d07dfdd', '383206f42c0fd46397b8db698d6a583831923202dddcbd3ac43ce54e80687246']",1548694505528
446,e70a0e3b02329f43dfab836cb451b0a9040f3302883441cea96f852cc99befa9,"[-0.012292783707380295, -0.2840688228607178, 0.09232955425977707, 0.09746795892715454, 0.026120483875274658, 0.07179626822471619, -0.038676366209983826, 0.027646278962492943, 0.06251291930675507, -0.01797056943178177, -0.040534574538469315, -0.1335887610912323, -0.0451977401971817, -0.08607115596532822, 0.04858291149139404, 0.004923438187688589, -0.07820674031972885, 0.06555242091417313, 0.03879233077168465, 0.011127486824989319, -0.02564520761370659, -0.007413820363581181, 0.007732890546321869, 0.041831474751234055, 0.05709431692957878, 0.054645806550979614, -0.0040188562124967575, 0.026018686592578888, 0.01808089390397072, -0.030884012579917908, 0.052708521485328674, 0.0750405341386795, 0.0008462537080049515, 0.022776184603571892, -0.018705163151025772, -0.012248819693922997, -0.0016294330125674605, 0.03195411339402199, 0.0373247005045414, 0.016402140259742737, 0.018598409369587898, 0.016339212656021118, -0.03903597593307495, -0.10572069883346558, -0.01914629340171814, 0.055543530732393265, -0.0060876780189573765, 0.020957745611667633, 0.0072252266108989716, 0.10138636827468872]",,,1548301122758
447,e70a0e3b02329f43dfab836cb451b0a9040f3302883441cea96f852cc99befa9,"[-0.2536001205444336, 0.192690908908844, 0.3827393352985382, 0.15813817083835602, -0.05362787842750549, 0.012799316085875034, -0.017797186970710754, -0.00762349646538496, -0.08274496346712112, 0.07063687592744827, -0.06981413066387177, -0.10616936534643173, -0.0066100177355110645, -0.06709093600511551, 0.08277171850204468, 0.01017768308520317, -0.047632746398448944, 0.06838279962539673, -0.04581483453512192, 0.018702471628785133, 0.026914941146969795, 0.011626821011304855, -0.041203998029232025, -0.033563561737537384, -0.0010176235809922218, 0.03711448609828949, -0.03990543261170387, 0.03595678135752678, -0.05254194885492325, -0.023964233696460724, 0.019778817892074585, 0.06763242185115814, -0.0022726720198988914, -0.014049001038074493, -0.004445516504347324, -0.06127285212278366, -0.00136227672919631, 0.05223158001899719, 0.015736188739538193, 0.0041314829140901566, 0.038196027278900146, 0.021703416481614113, -0.03749389201402664, -0.0905066728591919, -0.02472338080406189, 0.010548373684287071, 3.9604026824235916e-05, 0.012085683643817902, -0.017455171793699265, 0.09745459258556366]",,"['213d0649e79b8ec747ed79618f0e39c11cdd2b037f32d248cac8b0b639714028', '667479857189eee1338e962ca01e66f1e0de83f9a6ea9471f9b79a7731d86f81', '03baa6b732d5b7c218a9514b0653179bb68af59b92ed0d397a1040fae6ed738b', 'f1273bb71517f439876ad59b3df4edcb897d4e50ceafc04a877ce023d1862ef9', '13ea37db8e96dd2d66438994de363ecf4fd21360947e31cff394e89e43424a5c', 'f29fbc934f4c2340801052adc981a3ad2703d02b59a5c34b51372623025bb9d4', '5ee3e8d884395badeba01285deedb294ccf16556a578387985e59589ef373cc4', '74be7ff0eb0ef1e6b7ac5de2186d221219f32089ad7d5cf65142da6703292c59', '1551ca5c3425aaf060119ced9543fae09b3a4ed8cfedfb80d926272e6884a22b', '59b2c0292b47455092d07c27e80da9130faca4e79f0189c79b021c84fd45cb58', '0da3cb934cfc60aae36b9db1bc78146b943d4344f21b9ef0edb5ba10f8734d16', '01e30360185c0f6a65470b849a2d2dfd75ee1e1932851eb174d68b11f4190d50', '3d3da7d30b01cc85245b5039186eae3caf457f863844fc201fc2f71c85f8c963', 'a1fdb6b69ffa1caf01e52f08fa1b35366a8c2550961a58fa583383f9a8958b46', '7f5626cf0780cb6be28edd5b99cdaed4e65badb2166e729e80457f5d4b22a6fb', 'c9940015b6811b19032ac4b9582d6e01d62e23698de5223cde5275a304fe7826', '07df330328e81afe6bcc6a85b1c9e11c327969c7d75dc137fe5283d778a5e150', 'ef7b2e3df4421f60cf0cc41f785175a329469f01c3b17e9830748271a43e8cf7', '8bc37d85703e6a9f605444b3f1cb2a20a0f974e8981b85744dae2d36e86e25e7', 'bdeb0f6ccb8c752558d19773ac18bee037608c868b593b6a718eb535f7fe514f', '77336f30e84ef6ce66ec3f410570ac1120ca0493261bfb141985b827d4850bab', 'b098003c61ff1ec40811190bb451aa359d36a708f3c795473a942e4af5add261', 'ab3701acffc0ea9bda7b66bb2355481923fe569c117eba7b14bbbaee86d13dd3', '2e535e05e4e3701e365d359e74628f86a1dbcbd4fa03bb7cfa70db70c095404a', 'cebc58cf4e01a32aa61ba7f9063dd8ba4c9a55ac1c081be04d57956dee16cea2']",1548301206893
448,e70a0e3b02329f43dfab836cb451b0a9040f3302883441cea96f852cc99befa9,"[-0.10664926469326019, -0.00638137012720108, 0.05950643867254257, 0.1013919860124588, -0.016020437702536583, 0.224103182554245, 0.007143309339880943, 0.17077384889125824, 0.09645909070968628, -0.2163335680961609, 0.13301467895507812, -0.032770346850156784, -0.0874633640050888, -0.04627048969268799, -0.026681698858737946, 0.2048456370830536, 0.017420044168829918, -0.06915681809186935, 0.12132707983255386, -0.11653512716293335, -0.02446836605668068, -0.030343150720000267, 0.08149901777505875, -0.04601430520415306, 0.05663541331887245, 0.021444711834192276, -0.03718079626560211, -0.1477760672569275, 0.037571195513010025, 0.0530182309448719, -0.030420029535889626, 0.10803109407424927, 0.12884919345378876, -0.0528823621571064, 0.004712447989732027, 0.01543102040886879, -0.04826835170388222, -0.016133688390254974, -0.09036767482757568, -0.0009405124001204967, -0.01949588768184185, 0.0637863352894783, -0.0010785935446619987, -0.07835046947002411, 0.020356131717562675, -0.020477820187807083, -0.02447936311364174, -0.01877238228917122, -0.05259983241558075, 0.08341779559850693]",,"['3d1c077ec4df406d6f6875f0aaa9298deefdd03ee7a68e6a4fcb6ac31755b7cd', '90ec4e89a2c8de4e1dbc22e272360d75cf4dcd72e6cd770110e241454cdde21f', 'cd3b5e4dd4ab3dfbccf239b4eab80b7c4b9de0b446bc6c1fc8b0b4ac605e97e7', '9ff34a6846e837c1ae78cda597588cfaf0af05bdb210debfae489538723bae6a', '0f2811e000b56f2ba63526ec55da916f6c72b484f7afe89a15732d0954e72b85', 'ed3505a24d8f25fff94f40a56f42e15f95732324e94e5f70d90c5b1ccd4d638d', '901e3c71fad0d1a88b09e35dfda2a8fc8d411f8c4845f1aa626a76c9206b9f7a', '22a8fcff0c1f7acd11cf79572381d9289898ebfedae1aad5d0f99216a197a128', '2c561b510e7585553509c1a02f4fca8b6d0071cfadfddce312b66de140d208ca', '6646e1a5dba93377ffc60656b44c596660c3793b5765c488adfe96e2cd2ef9c7', 'e436c3ee4e3da0f583505dce5f7cc28bb3f441d4f79164f133f96f12c3ca0596', '237c5cec8b764326a2c515eb312c833664eae2860035948330bf6ef1b8cebab8', '52dae515fe8060bbf8f22a0ed2ce3fb76d2656cc56c9f24b864bf6103bacf325', 'c328c3db46baafbfcca833a637444d75bd1a924429dc5fc816deeca8cc91af56', '2933fe304ee032b04cb404bb35320943b0ef11115d50a16bd0aac5dca4733d98', '275feab64d016cca421157bcd9702b81e0070d7bf9ba58dc90b014a12c008aa7', '1797c40cf91d2e0938a1701f8f62ddc7b23476e3ed4f8a9dae62108f3b8b1278', 'fce0d398f5fa7ae1c0be74e21a8531f408768bdfe3816b825c6ba7a73495d7ea', 'a8dd371118516bef14b5ef5f3bb88799ed8bf4845a003767c6d2c0344e315916', '1551ca5c3425aaf060119ced9543fae09b3a4ed8cfedfb80d926272e6884a22b', '07df330328e81afe6bcc6a85b1c9e11c327969c7d75dc137fe5283d778a5e150', '548f07f2f01383c6d4616b180d10f79c3e89a183c8e9146ebfaf06b98f856189', '7f6472eb1219dd82270c1b24e4a42d433440e59bd3a2fc93ca54a217b9c912fc', '6ecdd3d3b0f0ff01c3c0f9b2dc511a4ca464c518cbe827cd8c13f0d23b9a914c', 'a1fdb6b69ffa1caf01e52f08fa1b35366a8c2550961a58fa583383f9a8958b46']",1548301289126
449,274ee83e06e9bf4765702a62332bf1c75851b300c79578f98a5820c9d8c77b34,"[-0.2639525830745697, 0.07558335363864899, 0.021987309679389, -0.3069242238998413, -0.042960550636053085, -0.08475928008556366, 0.33005180954933167, 0.38403722643852234, 0.06076929345726967, 0.09814555943012238, -0.0698939636349678, 0.1349794566631317, -0.16682475805282593, -0.12227624654769897, 0.08387244492769241, 0.0513090156018734, -0.004237715620547533, 0.07895016670227051, -0.05505497381091118, -0.007654592394828796, 0.0015872567892074585, -0.001669029239565134, 0.004580187611281872, -0.08522368967533112, -0.00980711355805397, 0.020293522626161575, 0.06372224539518356, -0.06569121032953262, 0.05018144100904465, -0.09311738610267639, 0.016956578940153122, 0.033146195113658905, -0.019562028348445892, 0.032953448593616486, 0.018355268985033035, -0.03283563256263733, 0.028405562043190002, 0.019128914922475815, 0.004603462293744087, -0.01714199222624302, 0.0378539077937603, 0.055716030299663544, -0.021561557427048683, -0.06365618109703064, -0.04979737102985382, 0.027775157243013382, 0.019662613049149513, 0.0019046487286686897, 0.011126000434160233, 0.0592174269258976]",,"['5a120a3abe891610d5d1f3cb8a7374eedfc8a329902c925b71c3da32d5e34439', 'eebe8dcf4f4ef7e3224c3b041d534f4f5a5c6058a66e56147e12edabab209193', 'e457a87c8e7f53c23ccafa4d2d4a1946534caa30f4584aa17783a0aa1bc1949b', '39b3946217a75af05b41e50b6c1f0644f3fd470b2378328794acf139f8fb1e8f', '82348a0ab277b91f56cf57dcbe8ecb8c480abc563cb01f7c0abf0b91b51adfae', '02232fb5a01c7158ec52466c94083f3242eb7fe5703c11542ba8c1b17202b66e', '71d248f7eac8e764afbf5be720c42e4e94f696f4baf919ec9f3b35470b9e44aa', '9109572585def6527d4a5a8fa45bf241fd9b079eb54baff0fbdcc8090d9515fb', '853623493f703062711df53881db350298a7899494dd88c0fc540e4135e7930a', '736f75a22d205969d1ba679a84674e16c20dddad506dabeb50ece71108ee704b', '10d3468978b7ea01272ac07548b7237d7eb1e57199435573a29001d1e1295f7d', 'c263cdfb78498cf1b6414667a70b42e413bfcc7aae1ade108df127e537224b96', 'fc923e651d152902de218cec2cfdc95f18fa176e71853c9b8f1565a5b3e8b476', 'a6939bc7fcb2a130908ab1ceefdb539ae5fc005d0337b17f58c5e13ef2ab720b', '3b0c9951bd92c4d818e620b76304e46784540b043ab315bad23296c643c7a172', 'f82e3babf15ac1ffc72b8e8fc192dfde47cf06b08fce39d1d5bf256e93a9248c', '64b74fcd5a785ab00fee68af4f52d6131f1cb88076e221640b29ba7b7ba8691d', '42fcd780ebecde7638dbe6d2f107e12cf2181461d043b067728fbbc4cb9925aa', '409d49eaad1c35885da1d5313195db608251f42b074e1fd15ec30961b31d91e9', '77f023145a6f4d3b8c769fd25a300f0205d525b609ecb46ef639a002ebf495e4', '6ef952be6e3154691c18b2617566e7a2b1606dc017289096c709f67f13898d4e', '8566f824e89eba0d3b1c6b6197bf4aa1b3ee2e780cb352ae2d2e729683b9cd15', 'd4f814736510c589340026deef1beaea0964f811142110455ce60c96a22992a0', '8f1dd439de44d2c8691ac240488129566c75eddceeda8379a3b4fdc027afdd23', 'd5cb90dc6d085801d722a7a7be2b8720604154b7db11b22e7d10ca272ec0cefa']",1547786595937
450,83e42c26fd012e57550add4a958f77246e45345ba08c650c01c00253132250ee,"[-0.051309723407030106, -0.22544020414352417, -0.12739475071430206, -0.03263234719634056, -0.09770406037569046, 0.038813911378383636, 0.057128868997097015, 0.0022524576634168625, 0.0322699099779129, 0.12719935178756714, 0.060459256172180176, 0.07060467451810837, -0.02781081572175026, 0.3163578510284424, 0.386688232421875, -0.2391052544116974, -0.054249346256256104, -0.03317078948020935, -0.05409165471792221, -0.253426730632782, 0.13258539140224457, 0.02914729341864586, -0.03501168638467789, -0.13675463199615479, 0.18341630697250366, -0.10371248424053192, 0.007033418398350477, 0.20607195794582367, 0.06248653680086136, 0.12715943157672882, -0.07441109418869019, 0.10497727245092392, 0.033216655254364014, -0.05674704909324646, -0.05301902815699577, -0.026815984398126602, -0.09088540822267532, -0.05000058561563492, -0.1382918357849121, 0.05913786590099335, 0.015686120837926865, -0.005346543155610561, -0.06401596963405609, -0.05146196484565735, -0.05009286105632782, 0.09288296103477478, 0.10482876002788544, 0.06658491492271423, -0.013009430840611458, 0.09225957095623016]",['54ee46d718339bf6d8831c3133c7c1ab68d48e42ff87cfa8b2cf9ac58a60d214'],"['1474045e3508b9b1b4986630cc462acf540aef4f057aecf4c034c8913680bd1b', '318992847326362ac62a1d8b15fa2a613b83bd1af0b56199152813fa632f48c1', 'f9732b8c6cba11002a15d3cdf8fed838ccd2ed0dd0f6daace066a6a92ca2b72a', 'b9ca86631c42fc662b12123290ea3b52c8bd0411643a4985bfdeb3f125511d49', '50b3449436727a7e82a46bbae4f3bb4f576c2f86c8c69196b94b47199acae79b', '54ee46d718339bf6d8831c3133c7c1ab68d48e42ff87cfa8b2cf9ac58a60d214', '7a9dfaa237cb1aedfc0fe009b20fe4bfe4d4e7d3188a6b268e18a784dee1003c', 'a1cf87556c337da38d25ed772ace8414fbb449a4135bcdb72b30490c8f0f3d1e', 'cae755380b0d89424a2b10d9fafc7eeb13ab990073ec76679528054090f55495', 'b8e1e8f7ebb525ef936b3e3aaec3ffccc01f9efda56a04427e36c9ce046db1b1', '1e29c7b407ffb687a53b6c09de0b0c1055107fe79c549f90fcdc106b36ee9b83', '2dc49d93a7dee32851999a4e9fde012b7f3132024a8deba96fac3e6d01838e3f', '2bef9fca84d3109202debbeef568e96cfea5ff89c2379f4e7eb3e7bd1c8f6060', '3312e1488e5bb1bf77e3fc7ca70279758147cb70252fe188558ae2e870ebb4b3', 'e30a9a5ea6132448b34e725328b775c6fabac38870810200c3b11b6288764083', 'c23576e26842e1d9223333029e7cfa22ecc56d6d47c7d444fda0cca4bdebee13', '0c51ac495f156edd6139573b920c787600f457e91118c9f5c11eecee1e62efe2', '65a33c07b4e922b7fd19b9128af224dd6d8ac16eb9c83579a4be7f98033ba91d', '913e7fe72c6cde67cd52b645fb76edbfea7c3d91f08fa20fa1403dd9debadc4f', 'c3a04ac1af4d24fd4fd64a85f28d753ff750c4f39086452ec7b855c9fa239485', 'ec6688af54e241bc5ce9b2b93fb0c34b7499ab47623a995dba0fb3665789436c', '3d056170135b74d06b1f459099182f61de07570cbae1e00c8d77b1b14a02e705', '9c0a1f7cabf3529517fc78b3d5fa2606428901d9abbb25c83dd5bdb334706cce', '2ca9f90b91151af0fc494f4797affe99c944eb3876244a2c425eb9f9cbd5f623', 'ad40f86425d19fe507f50ebe53a4565b4890ba2c9e2373f4c80d30b632e1a5ae']",1547735088550
451,83e42c26fd012e57550add4a958f77246e45345ba08c650c01c00253132250ee,"[-0.16159012913703918, 0.024848697707057, -0.27667945623397827, -0.051842741668224335, -0.05307924002408981, 0.037672001868486404, -0.007149634882807732, -0.04091956838965416, -0.08550465852022171, 0.0760851502418518, 0.0635603740811348, 0.11353521794080734, -0.016620704904198647, 0.1671750843524933, 0.23909622430801392, -0.1509254425764084, -0.06387749314308167, -0.08353257924318314, -0.033497415482997894, -0.20847105979919434, 0.11120597273111343, -0.057511843740940094, -0.059618305414915085, 0.032053593546152115, 0.0418320894241333, 0.007622704841196537, 0.027825331315398216, 0.16734030842781067, 0.131019726395607, 0.05819644033908844, -0.04622654616832733, 0.04641741141676903, -0.035472314804792404, -0.00902903825044632, -0.015572870150208473, -0.04130298271775246, -0.18719829618930817, -0.03333432599902153, -0.07572782784700394, -0.10753495991230011, 0.010056417435407639, -0.10646248608827591, 0.03549901023507118, -0.08517119288444519, 0.009635424241423607, 0.12103183567523956, 0.08988404273986816, 0.05456526577472687, -0.030424289405345917, 0.03875230625271797]",,"['65a33c07b4e922b7fd19b9128af224dd6d8ac16eb9c83579a4be7f98033ba91d', '913e7fe72c6cde67cd52b645fb76edbfea7c3d91f08fa20fa1403dd9debadc4f', 'c3a04ac1af4d24fd4fd64a85f28d753ff750c4f39086452ec7b855c9fa239485', '7a9dfaa237cb1aedfc0fe009b20fe4bfe4d4e7d3188a6b268e18a784dee1003c', '1e29c7b407ffb687a53b6c09de0b0c1055107fe79c549f90fcdc106b36ee9b83', 'ff716e78a37fc1664f49ecaeea0ebb19e298efc446dc7c30ca70329cc62f433b', '4c82be4ff381feb12c04f27de206705ef0e18b4dd8ab0c7062bb4b739db4e4a6', '318992847326362ac62a1d8b15fa2a613b83bd1af0b56199152813fa632f48c1', 'f7439a143b1cce8fd3e99f9e0e02ee3f5c47f9fc242c40091e5cbbe6d86890dc', '009b9328024e15bc05021571496857f70e55796115885d533e10da3cdedd5655', '51c31a42de821c02988c5d28b777e4072be60e0af77354cb26c0c180ff220cf8', 'de0517b006a06823515867b383403307c8464baea639f42001e90f5d514c0851', 'f20588ac92b49a4053bfad6fe8692938ece95241b761146ef5c3f5ba65698e18', 'ec6688af54e241bc5ce9b2b93fb0c34b7499ab47623a995dba0fb3665789436c', '3d056170135b74d06b1f459099182f61de07570cbae1e00c8d77b1b14a02e705', '9c0a1f7cabf3529517fc78b3d5fa2606428901d9abbb25c83dd5bdb334706cce', '2ca9f90b91151af0fc494f4797affe99c944eb3876244a2c425eb9f9cbd5f623', 'cae755380b0d89424a2b10d9fafc7eeb13ab990073ec76679528054090f55495', 'b8e1e8f7ebb525ef936b3e3aaec3ffccc01f9efda56a04427e36c9ce046db1b1', 'ce6edeb6c0ac6065721c19b3342e50734efe5453969e183b18b3293b7bcb6700', 'ee76af3a730530f9feb227d28aa0e5437fa751081282e1b34db76316ced80177', 'e0ccd39b7e6ad8e211283a9bdb9194786c64ef388698f4e7467ae53be1837869', '56b17f5a834baa73088eec5b8cbcdfa2565791279177c6c9eb27b95580b0e8c6', '2dc49d93a7dee32851999a4e9fde012b7f3132024a8deba96fac3e6d01838e3f', '85e910a027ef3bdb83c8af04db164fa73e7a2484f0dbe10b022b3f580e8c61d2']",1547736242700
452,ab2b9f7c2c310b91a8d88478da2182173d815f3436bd31fb1a387c112fb34127,"[0.050141628831624985, 0.09889722615480423, -0.2565062344074249, 0.2281692922115326, 0.009575286880135536, -0.012730197980999947, 0.12552481889724731, -0.03578632324934006, 0.0892149806022644, 0.1066460907459259, -0.12651091814041138, -0.21114599704742432, -0.024914424866437912, 0.07831301540136337, 0.06292767077684402, 0.0013272976502776146, 0.025867149233818054, -0.07658668607473373, -0.0008477969095110893, -0.05159211903810501, -0.043925851583480835, -0.03632088750600815, 0.045517340302467346, -0.004382714629173279, 0.1288880705833435, -0.004656881093978882, -0.10920782387256622, -0.09606225043535233, -0.14393281936645508, -0.1572696566581726, 0.03188600018620491, -0.013190479017794132, 0.15913613140583038, -0.02737482078373432, 0.014645500108599663, 0.00709451362490654, 0.06914155930280685, 0.08727662265300751, 0.08273840695619583, -0.06231105700135231, -0.033747486770153046, -0.0008158138953149319, 0.10578182339668274, -0.09319145977497101, 0.03264086693525314, -0.1065894216299057, 0.015157394111156464, 0.07752546668052673, 0.058963581919670105, -0.06792885810136795]",['bbc889578011a7d1d60522e10e17be45bd378d1e98c932db5e380042f0d4aa45'],"['aa8fe17953db2fd4b91cc468e43002fc6bab184165438e7ef371e020140334d8', '4ba5d3688e88b36f10f5609155b9a7608cb6a0a0aa79452317d0be8a295dbcea', 'bbc889578011a7d1d60522e10e17be45bd378d1e98c932db5e380042f0d4aa45', '883bb7b22734c1aa7a8aac87076c765e9326e4b7c873c4b1c54655945a9c5596', 'ad3e11b11865f20a9bcc672698e01b3e961d4776229503db982a8620eada2324', '9d4a3baa383102f7abf6f2431f515693ca77dfa3e01c788d6bbe894494e09591', '69400f8504996e747e76e530f198197e2e724dabc0296d7b8774bd4cdec44a31', 'ee9b6912433c1b186248b937977108b01d4cc37cee4f68799f80f47503c0f175', '5523d524d6e1f50445cdc022e600e1575cb0c499b0a982da0309f5702ee7307b', 'a0c6a90ea28acbbaffff5055e7dc6433a717e8e92b98c70fd7c9a21ea33eeb24', '2b43d9566583d19dfa30413f1e87b96076e81ce80e4fcc5aacfe262f510527f6', '88bfec0ae5e475d88d7ae6b554665211b93294721552c206bbb56937e8877cbd', '239d0ae74e62202861b1bc1dc006ec1fde8d8e18793fa453713eb447ede2740e', '59c2aaa15f27645427dd241a763d6a1c250437b3276594c371d63f8302a93e94', '4b5d783d4147cdbe045ef63e8f532f3a8553b09b63c3f990b05adc3513012a9c', '1057794c454bcaf2bd6f3dea5c948bdfbe6785abce880984bf79296a7fbdfaba', '83af3dae2361252db97f6c0a466a51eba3e688d0ff52e14dd4a8ecfb9ece9b25', '4718717536f96fa8e7f37b1e62d645a42cbd95536ea7f7e961320051da9a538f']",1550106901537
453,ec98c36156940abe6ecbf7b84be5e33885aa7f3ed73310b4633f88b192c3a094,"[-0.15193337202072144, -0.027543095871806145, -0.03835295885801315, -0.11448442190885544, -0.06706810742616653, -0.0011312426067888737, -0.019599996507167816, -0.009131171740591526, -0.014434555545449257, 0.00897944811731577, 0.056826040148735046, -0.043210793286561966, -0.07510856539011002, -0.02097097411751747, -0.04535354673862457, 0.0565326064825058, 0.04827908053994179, 0.035494521260261536, 0.05473208427429199, -0.01940438151359558, 0.0756395161151886, -0.0027576563879847527, -0.05918947607278824, -0.0544671006500721, 0.03133610635995865, 0.01918582245707512, -0.04682578891515732, 0.002351582981646061, 0.019243909046053886, 0.004549861885607243, 0.0006924956105649471, -0.009825882501900196, 0.020812705159187317, 0.011060094460844994, -0.003514316398650408, -0.01643110252916813, -0.007613786496222019, -0.03871773183345795, 0.03997014835476875, 0.02037036046385765, -0.04413103684782982, 0.008770241402089596, 0.0031359372660517693, -0.018249165266752243, -0.003919720649719238, -0.025483224540948868, -0.017221180722117424, -0.026105890050530434, 0.023382518440485, 0.0006234142929315567]",,"['c4e914a5d83fe3dfa69f62461404521d8972ff60d7663d0994ccd13998417157', '41445caa61fdaeb2823834807e4663e5efdf09f492bd0c1724d6a464a40a7697', '5223acf7e7569489e895ca24a2926208c8a19c6297ca09f2f551897865439572']",1547957635077
454,ec98c36156940abe6ecbf7b84be5e33885aa7f3ed73310b4633f88b192c3a094,"[-0.15193337202072144, -0.027543095871806145, -0.03835295885801315, -0.11448442190885544, -0.06706810742616653, -0.0011312426067888737, -0.019599996507167816, -0.009131171740591526, -0.014434555545449257, 0.00897944811731577, 0.056826040148735046, -0.043210793286561966, -0.07510856539011002, -0.02097097411751747, -0.04535354673862457, 0.0565326064825058, 0.04827908053994179, 0.035494521260261536, 0.05473208427429199, -0.01940438151359558, 0.0756395161151886, -0.0027576563879847527, -0.05918947607278824, -0.0544671006500721, 0.03133610635995865, 0.01918582245707512, -0.04682578891515732, 0.002351582981646061, 0.019243909046053886, 0.004549861885607243, 0.0006924956105649471, -0.009825882501900196, 0.020812705159187317, 0.011060094460844994, -0.003514316398650408, -0.01643110252916813, -0.007613786496222019, -0.03871773183345795, 0.03997014835476875, 0.02037036046385765, -0.04413103684782982, 0.008770241402089596, 0.0031359372660517693, -0.018249165266752243, -0.003919720649719238, -0.025483224540948868, -0.017221180722117424, -0.026105890050530434, 0.023382518440485, 0.0006234142929315567]",,"['c4e914a5d83fe3dfa69f62461404521d8972ff60d7663d0994ccd13998417157', '41445caa61fdaeb2823834807e4663e5efdf09f492bd0c1724d6a464a40a7697', '5223acf7e7569489e895ca24a2926208c8a19c6297ca09f2f551897865439572']",1547957635077
455,b7ec1c7b6a821acdc85357a06a4d130285ebd4bc15a1c0bfecb6fc15c6c7299c,"[-0.1598815619945526, -0.0725388377904892, 0.1174188107252121, -0.05550825595855713, 0.03009004332125187, -0.07915867865085602, 0.07920657098293304, -0.0867331475019455, 0.1461639702320099, 0.007128285244107246, -0.020098019391298294, -0.005151557736098766, 0.053384728729724884, -0.01744185946881771, 0.045453574508428574, -0.022475428879261017, -0.05147849768400192, 0.008413407951593399, 0.005578238051384687, 0.06056723743677139, -0.05698879063129425, -0.03391958773136139, -0.04491552710533142, -0.004156948998570442, -0.041778285056352615, 0.020788483321666718, -0.028782842680811882, 0.010856966488063335, 0.008284620009362698, 0.020363789051771164, -0.001306629739701748, -0.036981504410505295, 0.01765880547463894, -0.023724015802145004, -8.3219725638628e-05, -0.017815085127949715, -0.002741706557571888, 0.04744389280676842, -0.01003912091255188, 0.01606563664972782, 0.002892583142966032, -0.003796469420194626, 0.02867535874247551, 0.014370947144925594, -0.009857404977083206, -0.06567353755235672, 0.014591144397854805, 0.0003278115182183683, 0.014387676492333412, 0.025466298684477806]",,"['9f5b63570cf4d6b9e4dc05073ea0ac408ef895d685c9dde95f923b542be3ecec', '3ede6027ad07496509e355037eaa9aabb6e59b2e2b08b20e3d9b08c65693b013']",1548727839030
456,4f8b920adff83ce6fd15962efcfa85d5701047e9c94282a0cfa9f6feea66795b,"[0.019466940313577652, -0.25110968947410583, 0.07115229964256287, 0.08386534452438354, 0.11822650581598282, 0.027013927698135376, 0.03270123526453972, -0.035488612949848175, 0.001302666962146759, -0.011576689779758453, 0.03847789764404297, 0.024189693853259087, -0.006537409499287605, -0.019645193591713905, -0.01552905235439539, -0.02645791694521904, 0.0006683268584311008, 0.014703554101288319, -0.0005125306779518723, -0.014210152439773083, 0.0014007193967700005, -0.009412494488060474, 0.007689134683459997, -0.02266918681561947, 0.025883663445711136, -0.03588798642158508, 0.006759472191333771, -0.0010103918612003326, 0.034537333995103836, 0.011642970144748688, -0.015956824645400047, 0.002298029139637947, -0.007877854630351067, 0.047513894736766815, -0.010012389160692692, -0.04095287621021271, -0.005516986362636089, -0.006602633744478226, 0.00621319655328989, 0.0012611637357622385, 0.024880345910787582, -0.006366053596138954, 0.025300946086645126, 0.0048933858051896095, -0.01862007938325405, 0.009237173944711685, 0.02101735956966877, 0.016786783933639526, 0.0007226748857647181, 0.015053774230182171]",,"['32f488e1dd9a4cc5cd784af32040696bd210621730531c52fdd6d72200659da6', 'd2623cec91540e81cd8dfa1fa4bd50f9c9ff7a10ecf58269ce0d0afd9a2bc856', 'e79b241eb9dbcda10770a3445deca2cb88534e2d2bdce3daa4d619953a108c52', '6ccd9747a223c041251bfbb2738ee6961b003b726cb3f1edd81fc36742b91d50', 'b380dacb0bd36d9c1da493951c3543ad1ea94b08c8474f7e96f356ce84f87c1a', 'd4b7720702ba1ed9caff014f1c774232a1bd89df1ae4805c7a2c42ac55f23b0e', 'd6f296b7da666211dea086322bbe4b037f54680076578d44428733efb610d96b', '553e549b76f8cdfdd01d8d07ebe0bafa905346773e75a96d90c3d52ba3a4d7e2', '6dcbc4975d5cf222786080687aa6401f1cf9b337b58d372b9d86e1e4b9fb689a', '1a05d30cb3b327f70522faf54607b966ae526960fe45a5d75a6f78303adb6a0f', '985790bdad7a770088b0e69fa5ae608dd82e64762d9efa274b1535f050cd5489', '5bd16f4f3a4c23c2ba0a862274743e2a30cbf14472ef8fc5fbe80314e2aa66fa', 'e2baf3b6d1f4bbd0cc33ddd334ba038021f82e11717363f4ae2e55cb5c20be79', '6fa4c52d63130eed2566a0b6458fc01fb252315742ade82a3126bf53290bbd64', '1c19afe3ec3520d793d0e7e0da6636661f1d36b4a0b85e1eec91ce1a80a23183', '8f65225d46217b5698411acb775f7ea33c10a303a2390167255608cdfaad48df', 'b6555798cb5bd62414d207dae4f2d6eb7dc3022bbe23c69c064d0a05dac9b3fb', 'ad3e617c126374c9348a7519b15c44ee9e7894b47679083a77b8359cc752e7df', '60a3d988a598d0bbe14795686852da0182118a4351212975b6429d1a0f12c944', 'a66741cb0d66d1027fdfac97fd1d973719dabe4acc90be49b554445b9718bc6c', 'a33b29a21570549f3e9e273c54045389ccd7ac3334aa1c6c7fb1c066bfc81719', 'cc62c957699eb3a359705d507635f8fa795a2471219721ef244dd8c160a4eb8c', '5090b3607d8a40881daf11c9445a24462c21939ce461ca7f04791ca10590c8cb', '0c0472808da08ba4f3ac8881898bfb10fb33bcff13414a5f4267afad4fedfcdf', 'f14a30007fbb6d814fd4f5f8ec86f1aa881ca183d14a75a1c59728a02e3352d4']",1547591719894
457,4f8b920adff83ce6fd15962efcfa85d5701047e9c94282a0cfa9f6feea66795b,"[0.019466940313577652, -0.25110968947410583, 0.07115229964256287, 0.08386534452438354, 0.11822650581598282, 0.027013927698135376, 0.03270123526453972, -0.035488612949848175, 0.001302666962146759, -0.011576689779758453, 0.03847789764404297, 0.024189693853259087, -0.006537409499287605, -0.019645193591713905, -0.01552905235439539, -0.02645791694521904, 0.0006683268584311008, 0.014703554101288319, -0.0005125306779518723, -0.014210152439773083, 0.0014007193967700005, -0.009412494488060474, 0.007689134683459997, -0.02266918681561947, 0.025883663445711136, -0.03588798642158508, 0.006759472191333771, -0.0010103918612003326, 0.034537333995103836, 0.011642970144748688, -0.015956824645400047, 0.002298029139637947, -0.007877854630351067, 0.047513894736766815, -0.010012389160692692, -0.04095287621021271, -0.005516986362636089, -0.006602633744478226, 0.00621319655328989, 0.0012611637357622385, 0.024880345910787582, -0.006366053596138954, 0.025300946086645126, 0.0048933858051896095, -0.01862007938325405, 0.009237173944711685, 0.02101735956966877, 0.016786783933639526, 0.0007226748857647181, 0.015053774230182171]",,"['32f488e1dd9a4cc5cd784af32040696bd210621730531c52fdd6d72200659da6', 'd2623cec91540e81cd8dfa1fa4bd50f9c9ff7a10ecf58269ce0d0afd9a2bc856', 'e79b241eb9dbcda10770a3445deca2cb88534e2d2bdce3daa4d619953a108c52', '6ccd9747a223c041251bfbb2738ee6961b003b726cb3f1edd81fc36742b91d50', 'b380dacb0bd36d9c1da493951c3543ad1ea94b08c8474f7e96f356ce84f87c1a', 'd4b7720702ba1ed9caff014f1c774232a1bd89df1ae4805c7a2c42ac55f23b0e', 'd6f296b7da666211dea086322bbe4b037f54680076578d44428733efb610d96b', '553e549b76f8cdfdd01d8d07ebe0bafa905346773e75a96d90c3d52ba3a4d7e2', '6dcbc4975d5cf222786080687aa6401f1cf9b337b58d372b9d86e1e4b9fb689a', '1a05d30cb3b327f70522faf54607b966ae526960fe45a5d75a6f78303adb6a0f', '985790bdad7a770088b0e69fa5ae608dd82e64762d9efa274b1535f050cd5489', '5bd16f4f3a4c23c2ba0a862274743e2a30cbf14472ef8fc5fbe80314e2aa66fa', 'e2baf3b6d1f4bbd0cc33ddd334ba038021f82e11717363f4ae2e55cb5c20be79', '6fa4c52d63130eed2566a0b6458fc01fb252315742ade82a3126bf53290bbd64', '1c19afe3ec3520d793d0e7e0da6636661f1d36b4a0b85e1eec91ce1a80a23183', '8f65225d46217b5698411acb775f7ea33c10a303a2390167255608cdfaad48df', 'b6555798cb5bd62414d207dae4f2d6eb7dc3022bbe23c69c064d0a05dac9b3fb', 'ad3e617c126374c9348a7519b15c44ee9e7894b47679083a77b8359cc752e7df', '60a3d988a598d0bbe14795686852da0182118a4351212975b6429d1a0f12c944', 'a66741cb0d66d1027fdfac97fd1d973719dabe4acc90be49b554445b9718bc6c', 'a33b29a21570549f3e9e273c54045389ccd7ac3334aa1c6c7fb1c066bfc81719', 'cc62c957699eb3a359705d507635f8fa795a2471219721ef244dd8c160a4eb8c', '5090b3607d8a40881daf11c9445a24462c21939ce461ca7f04791ca10590c8cb', '0c0472808da08ba4f3ac8881898bfb10fb33bcff13414a5f4267afad4fedfcdf', 'f14a30007fbb6d814fd4f5f8ec86f1aa881ca183d14a75a1c59728a02e3352d4']",1547591719894
458,0289792a9816dcc75a5340a7d4906455c45798c18a8def4aca4e8e5ec84739a2,"[0.08977213501930237, -0.20695450901985168, 0.008943771943449974, 0.13971786201000214, -0.045242924243211746, -0.04321107640862465, -0.06059225648641586, 0.05941411852836609, -0.0375928096473217, 0.021296588703989983, -0.052340008318424225, 0.10773353278636932, 0.010960252024233341, -0.06702501326799393, 0.02478274703025818, -0.04911327362060547, 0.02369230054318905, 0.027189917862415314, 0.06732736527919769, -0.14990617334842682, 0.007457131519913673, 0.03549006208777428, -0.08219892531633377, 0.0696825236082077, -0.0462508425116539, 0.07823795080184937, 0.07682110369205475, -0.028901193290948868, -0.0005276459269225597, 0.06088598072528839, -0.006117943674325943, -0.06164519488811493, 0.03523529693484306, -0.0021932339295744896, 0.027527621015906334, -0.04158204421401024, -0.01891539990901947, -0.034567706286907196, 0.018867872655391693, -0.07427623122930527, -0.02988741546869278, -0.06773754209280014, 0.010429013520479202, 0.027980059385299683, -0.019246403127908707, 0.019024012610316277, 0.015078811906278133, 0.015415308065712452, 0.044846899807453156, 0.016504403203725815]",,['d30bdedc74f0450504a9eb4c8d86644cccd2a5fdfab0692e2ecb0553e7cc0ec5'],1547757718884
459,0289792a9816dcc75a5340a7d4906455c45798c18a8def4aca4e8e5ec84739a2,"[0.08977213501930237, -0.20695450901985168, 0.008943771943449974, 0.13971786201000214, -0.045242924243211746, -0.04321107640862465, -0.06059225648641586, 0.05941411852836609, -0.0375928096473217, 0.021296588703989983, -0.052340008318424225, 0.10773353278636932, 0.010960252024233341, -0.06702501326799393, 0.02478274703025818, -0.04911327362060547, 0.02369230054318905, 0.027189917862415314, 0.06732736527919769, -0.14990617334842682, 0.007457131519913673, 0.03549006208777428, -0.08219892531633377, 0.0696825236082077, -0.0462508425116539, 0.07823795080184937, 0.07682110369205475, -0.028901193290948868, -0.0005276459269225597, 0.06088598072528839, -0.006117943674325943, -0.06164519488811493, 0.03523529693484306, -0.0021932339295744896, 0.027527621015906334, -0.04158204421401024, -0.01891539990901947, -0.034567706286907196, 0.018867872655391693, -0.07427623122930527, -0.02988741546869278, -0.06773754209280014, 0.010429013520479202, 0.027980059385299683, -0.019246403127908707, 0.019024012610316277, 0.015078811906278133, 0.015415308065712452, 0.044846899807453156, 0.016504403203725815]",,['d30bdedc74f0450504a9eb4c8d86644cccd2a5fdfab0692e2ecb0553e7cc0ec5'],1547757718884
460,5766facfafd0837603737defe428c7b9d33ba604f09ced0f9e99d24d38b5f63a,"[-0.23069609701633453, 0.23751962184906006, 0.23368039727210999, 0.16854725778102875, -4.882831126451492e-05, 0.039903268218040466, -0.09733323752880096, -0.018181387335062027, 0.15442001819610596, -0.037134941667318344, 0.20108690857887268, -0.0002273903228342533, -0.030143089592456818, 0.013107530772686005, -0.04890510067343712, -0.020370516926050186, -0.013638724572956562, -0.040732014924287796, -0.07738141715526581, 0.022438306361436844, -0.0036736400797963142, -0.08586832880973816, -0.08777906000614166, -1.12876296043396e-06, 0.044988200068473816, 0.01297006942331791, 0.01760277897119522, -0.03323167935013771, 0.02028089389204979, -0.05490468069911003, -0.04936477541923523, 0.013742521405220032, -0.06722575426101685, 0.003812282346189022, -0.0782657116651535, 0.06864091753959656, -0.06845080852508545, -0.08103403449058533, 0.09417760372161865, -0.06767262518405914, -0.08249332755804062, -0.004259789362549782, -0.032544855028390884, -0.022664738819003105, 0.020142609253525734, 0.06036447733640671, 0.019962487742304802, 0.04188653081655502, -0.02764057368040085, 0.019098861142992973]",,"['a1160c6988a31ad3851cdfa401ba3a73bfb415ef18611cbe5c648192d8e83f81', 'fa4f6ed1a464c9898b9dc69d494574c508201c333d2ec16806616bd7a60a631f', 'e3c30b1ca9efaf74fb64a74f2416121d3efe169936d8a7a35fa9a5a656ba0158', '350d733609b18601b249aefe707f0ed0c17168b9df2e57e9f32339f5e3606beb', 'c8c633ead7535ba8e8424b1591ff238a9261f9500a9cbd1a4cc5d5a76e7b8221', 'cae95cd6a324aff9daef131b0829728addf0558816f3c43e9d97f27968aab25d', '4e0e969ae7cdf453b31a6ba555f65ff1b84104431878ec726e3a6b176bd5322c', '0221eb41620ed9eaa6ab33092f6e4e365648924d07edd6957b15b7d6a384a069', 'aedb1d651625114565fb41a856828783e4226a454f83bff46d3acf08096fb94a', '5fe4037c4b6f61bdd344bd7fb3df4d8f9f182f76b0ffd6924d37e5b8eedff86e', '87926e9aa2d59b357be75679f7137c334f50b9079e7b6324229ec14b9126c863', '1a970818d44c346e4e8eb9327ae558b82524f2444d7838529ad5da107ab8b60f', '7840ded8ef6da91749c303fbdd10d9920f60d8aa135ef5c057bc72b3a00c53e4', '9903a42d264fd89f4498fb9ead6ee25f1bd77f2e523efe4733995838b9fd1398', '26ce666181e06a5c1894c39e85f134c2479f7b1e5b30ca4f74bda53df1ecc41a', '73d843739e3df060bfd39c3f92e3eefd6023e74592c598849ebd5ee7a5ad554c', 'a092f075a26ce6623dc9f45aa5e6b35dd209a4b32980a7506e31bc0ab800bd67', 'e43c13dbe6ce5c7bdfcbf51d8e004141cb18bc3c2b3a9925532b87e71fab0885', '825b664e7324770b56f70b911ea03b0eac807a7721c04f621c014e9154775253', '986aaa6bcfc47377006dfdddf972e44adb2af0d65b986d3e8d005967e458b47f', '2f685075ddead091f4d285a3f376d5808d765cff0512a4ee023069214a4d1e32', '4ef2e3a42113c6bcb5c9541f039a4e1f31171af9994c9b898b590b19c89c0ddd', '9d069d6bed36cd959fef28215b60ba95e0c6b85ab5f492ea7bf8ec3081e85525', 'dd64404fd6da45a80657f436215d990d9893f50766ce7df33a2bf5c53dbad98b', '9cff085d7884dd9b5eb7f68a90c50b140ba05c78fdd7099f56fec20b38203e9a']",1550082680922
461,5766facfafd0837603737defe428c7b9d33ba604f09ced0f9e99d24d38b5f63a,"[-0.1266201287508011, -0.0004321453161537647, -0.2090110182762146, 0.18186932802200317, 0.01647154800593853, 0.31532225012779236, 0.08621568977832794, -0.12370230257511139, 0.1282302290201187, 0.16514915227890015, -0.22648528218269348, -0.08084649592638016, -0.03610391169786453, -0.039590273052453995, -0.0009305905550718307, -0.0037736501544713974, 0.0021422943100333214, -0.09466301649808884, -0.0700640007853508, -0.08642584085464478, -0.0037449044175446033, -0.032880671322345734, 0.051006022840738297, -0.013151336461305618, -0.02125244401395321, 0.13534468412399292, -0.1297447383403778, -0.020514430478215218, -0.014966057613492012, 0.03710893914103508, 0.04060504585504532, 0.05364102125167847, 0.05515880137681961, 0.004565872251987457, 0.04431638866662979, 0.06162963807582855, 0.03152003139257431, 0.055300984531641006, 0.052436694502830505, -0.02375992015004158, -0.00019514374434947968, 0.042446572333574295, 0.041822437196969986, -0.00905443076044321, -0.05378076806664467, -0.03699192777276039, -0.03186535835266113, 0.021741896867752075, -0.010721223428845406, 0.013614624738693237]",,,1550084433202
462,097cc976c348fe18e4c6d7bf405aca233d963bc6d6ccb3886b0f3bd8bc8c1e4d,"[-0.18428349494934082, 0.025450879707932472, -0.07663967460393906, -0.18267031013965607, 0.10749341547489166, -0.08103594928979874, -0.13587737083435059, 0.1842576563358307, 0.03455900773406029, 0.1603114902973175, -0.026945529505610466, -0.0781601071357727, -0.10722082853317261, -0.10627998411655426, 0.002697522519156337, 0.04468042030930519, -0.008991467766463757, -0.027733970433473587, 0.021285545080900192, 0.14064502716064453, 0.15140748023986816, 0.11603951454162598, 0.007355214562267065, -0.012948358431458473, -0.008684162050485611, -0.059235721826553345, 0.0047835069708526134, -0.020220836624503136, 0.0398193821310997, 0.08013550937175751, -0.009086856618523598, 0.06958843767642975, 0.02951717935502529, -0.11512405425310135, -0.03473643958568573, 0.010380636900663376, -0.026762008666992188, 0.06368840485811234, 0.013533972203731537, 0.03162012994289398, 0.046327490359544754, -0.038165051490068436, 0.13637405633926392, 0.003283638972789049, -0.026163717731833458, 0.0020979084074497223, 0.01849416270852089, -0.07883818447589874, -0.059784457087516785, -0.03790348023176193]",,"['838526399cb453e08dab77c0ebeab1d4f51801555dbf1f199a8a93f625b5e359', '2b173d4890f66f75ad459addb724051c1be62556e2af7746153dc32b4cdec374', 'a4d90375b5fad52daa7cdb376b5ac190130f4d81f38b6c86097f07c5c63ec9a2', '710dc33ed61ae82db5ac89e11dfae101f168a35bc9f963aa887553c79e74f8b6', '55a3a145aa1c7541736794ece457cb6c52ddc71857fa78c3f841d48485481ff6', '093f87a220846c0c454de3ccb752bfe4ba00f94dfad925f0f1c5b56ca6033891']",1548030125084
463,70c6d310b21069496818f00f29563c7d68e2f1a34a5f44669d6d936d3b31489e,"[-0.2577407956123352, 0.15918731689453125, 0.3501339554786682, 0.15871985256671906, -0.09910733997821808, 0.04953847452998161, -0.0059098489582538605, -0.042950913310050964, -0.10381465405225754, 0.07987570762634277, -0.13835272192955017, -0.07286345958709717, 0.04634587839245796, -0.029883496463298798, 0.050576984882354736, -0.015522217378020287, 0.02027517557144165, 0.04673228785395622, -0.07475060969591141, -0.0007754932157695293, 0.023515254259109497, -0.055367037653923035, 0.02860809862613678, 0.02738892287015915, -0.011197175830602646, 0.0026689916849136353, -0.06677629053592682, -0.012078631669282913, -0.02835838682949543, -0.018910955637693405, -0.034084808081388474, 0.020090149715542793, -0.013377280905842781, -0.055459000170230865, -0.03177452087402344, -0.038793567568063736, 0.0375538244843483, -0.042545996606349945, -0.0036290460266172886, 0.0025950856506824493, 0.01198145654052496, 0.01605454459786415, -0.021214310079813004, 0.00889675971120596, -0.02083069272339344, 0.008613534271717072, -0.003846118226647377, -0.0072044567205011845, -0.013429379090666771, 0.019876014441251755]","['4c1a87955a64d7f08beb830478e282c88cf8214379c2adab56db2fc22e017f5e', '6cdf768daa61a54439351c517bc1f37f72e47b95c5de66994f94070d53006716', '4a75aff0a704b11c4ff71d847094a133cb015a8b656756cf7b5cdb6ca7d8def8']","['2e2d5310660d9b6a0baaedbc7d99364e39d4e920ce9ca0143aba1f862a931924', '568d3a547d83b0bc1673435d27ea0a15d94f49b08f748058bc02e4830890caee', 'fd9975a86c09aa6d2474e1ebbad0008f11cb396af24f4ce692dfbc04ce269c13', 'b1f29dd93493017468addf9cb2f8f9abdb41fe6ccbde1bb77b6ae57e2e5041da', '372098ec4581bb487c3a2eedc148b9defa1dc5c8769659c5b152754a7ceae19a', '32f894133fe52fb5d9955ed8910678678733c5bb12d8e8ce51e93be0d11efb63', '4080bc5ab3366a0b150609fb97e4c8af8a2c4878010c03684e1e0f0aa20bd351', 'd8eeacf63106b72ac83298265c6a1ce0b98937a62f9d7315a2ab454609cc2caa', '48bc94f336a743560e8e3f1942827b2a82e04fa30d61ef74405aa0c9f995c7a9', '5bb8f3e291d6e51af16b286514217dd537b121c8ff27bffa483aa354d81c825b', '639d71b5058b1e4d7ff0d5f6a481eba3e5633d0f25535ac9022affb754dd2ff5', '6f1ea435e3c0158f68a9e172174cc91f99d08aaa36d0141689536424f8f5162d', 'cd24559685ad5d1a5d0fde89fcd3cbcf8fecf7f7e105db8c0e8a746bd4f6d39b', 'c4ddb996f9bc99f2bc4417422b7c1e9c9b0fb24fc9e8e3992c59e09d72e2b89b', 'b6f6ff4612659bb831f73925ab4d7d9368fd28de31b5f03d19340d58a6206625', 'c96bd5c4e5cc502f2096acc4edb0f324b48ed59ae0115b8419df9714d24b874a', 'a5fa9b16714cd89ddcdfeee2d832ce660539759b9f32af0535214ad8230d5b28', '543ddf8a0c6baf0641b788917310bf62469c0b1f9135cd680b1ade59839d5640', '2ab740e340af22b1a98a3203a72b2b9821aa8b7b66121e29f39f077964150c5f', '3ecb390a52651ea534d3ef04378c69907e58323fb591a595f7062fdbe4533736', 'fc6801d4dbbe972e9e58c5ec65234df35279172d4947016de33ff8ebb814c40a', 'e222ee48b40c1a77af49dbe394123e675086f41be8702f6b360b4ec8709528a0', 'de088bdadc774a36b7bc757d16ca09a8e8e633c82a36503ea20de514fe8c3186', 'a31db493571ec4283b7b1687497c87e151544e699fbadeeedfca492117751937', 'fad6b71a88056d6e6d08a40621b4c893a159fd4d3da9cd0edceb8ad350e9716c']",1547737857605
464,be8eaaa894389daf47a29eef6bffc56eec32b922a281cd36db36ae9a749cde46,"[-0.13799038529396057, -0.045060403645038605, 0.07625381648540497, -0.028177902102470398, -0.015767309814691544, -0.01556403562426567, -0.01844118721783161, -0.06030735373497009, -0.06852386891841888, -0.011156360618770123, -0.017507651820778847, -0.023779697716236115, -0.008157571777701378, 0.005342545919120312, -0.0023175515234470367, 0.010514404624700546, 0.007837002165615559, -0.003418975044041872, 0.010713853873312473, 0.032884858548641205, -0.00957239605486393, -0.0011314544826745987, 0.0021472247317433357, -0.009116378612816334, 0.01232180930674076, 0.00207009119912982, -0.03165775537490845, -0.0008522470016032457, -0.019255517050623894, -0.00015230849385261536, -0.008267359808087349, 0.025827962905168533, 0.006644435226917267, 0.020511332899332047, 0.021748729050159454, -0.047701217234134674, -0.011133216321468353, -0.022457271814346313, 0.01674358919262886, -0.02001749351620674, -0.001846039667725563, -0.04418039321899414, 0.022866325452923775, -0.041009023785591125, -0.025774385780096054, -0.019356105476617813, -0.0038774190470576286, -0.027544770389795303, -0.012966119684278965, -0.027158746495842934]","['70d1700b66a95fd800d3236a336b119110049a05c2f06cbe9664a57ce620e4bf', '71c63da1535eae198b47e7ef0bffa3663265ebad345dbe5f19208136f53fc9ff']","['70d1700b66a95fd800d3236a336b119110049a05c2f06cbe9664a57ce620e4bf', '5e848cf9bc48e75c4c101579f7710845eb667a9c650c8a63573afa0fd5cce981', '71c63da1535eae198b47e7ef0bffa3663265ebad345dbe5f19208136f53fc9ff']",1549164367672
465,be8eaaa894389daf47a29eef6bffc56eec32b922a281cd36db36ae9a749cde46,"[-0.13799038529396057, -0.045060403645038605, 0.07625381648540497, -0.028177902102470398, -0.015767309814691544, -0.01556403562426567, -0.01844118721783161, -0.06030735373497009, -0.06852386891841888, -0.011156360618770123, -0.017507651820778847, -0.023779697716236115, -0.008157571777701378, 0.005342545919120312, -0.0023175515234470367, 0.010514404624700546, 0.007837002165615559, -0.003418975044041872, 0.010713853873312473, 0.032884858548641205, -0.00957239605486393, -0.0011314544826745987, 0.0021472247317433357, -0.009116378612816334, 0.01232180930674076, 0.00207009119912982, -0.03165775537490845, -0.0008522470016032457, -0.019255517050623894, -0.00015230849385261536, -0.008267359808087349, 0.025827962905168533, 0.006644435226917267, 0.020511332899332047, 0.021748729050159454, -0.047701217234134674, -0.011133216321468353, -0.022457271814346313, 0.01674358919262886, -0.02001749351620674, -0.001846039667725563, -0.04418039321899414, 0.022866325452923775, -0.041009023785591125, -0.025774385780096054, -0.019356105476617813, -0.0038774190470576286, -0.027544770389795303, -0.012966119684278965, -0.027158746495842934]","['70d1700b66a95fd800d3236a336b119110049a05c2f06cbe9664a57ce620e4bf', '71c63da1535eae198b47e7ef0bffa3663265ebad345dbe5f19208136f53fc9ff']","['70d1700b66a95fd800d3236a336b119110049a05c2f06cbe9664a57ce620e4bf', '5e848cf9bc48e75c4c101579f7710845eb667a9c650c8a63573afa0fd5cce981', '71c63da1535eae198b47e7ef0bffa3663265ebad345dbe5f19208136f53fc9ff']",1549164367672
466,be8eaaa894389daf47a29eef6bffc56eec32b922a281cd36db36ae9a749cde46,"[-0.1930900365114212, -0.011128916405141354, 0.09752526879310608, -0.017857013270258904, -0.1618283987045288, -0.0030311006121337414, -0.06475843489170074, 0.03266110643744469, -0.10961342602968216, -0.15371808409690857, -0.041697561740875244, 0.04358380287885666, -0.0037474799901247025, 0.032237738370895386, 0.056433916091918945, 0.02503843605518341, -0.06923971325159073, 0.02108028531074524, 0.01159006915986538, -0.01975169964134693, -0.027590524405241013, 0.06937213242053986, 0.05288499966263771, 0.015126552432775497, -0.02325798198580742, -0.05957186222076416, -0.057145725935697556, 0.0009467910858802497, -0.04189560189843178, -0.0019709039479494095, -0.05793369561433792, -0.009465059265494347, -0.009854074567556381, 0.05984451249241829, 0.03590591251850128, -0.0644591748714447, -0.047177691012620926, -0.06446442008018494, 0.002016788348555565, -0.05478233844041824, 0.03432062640786171, 0.0065366169437766075, -0.013349638320505619, -0.012021713890135288, -0.0032050739973783493, -0.06681177020072937, 0.03395768627524376, -0.0042279865592718124, -0.06691260635852814, -0.00971678365021944]",,"['3d68d08abf65101c25b520f9021f2c083c67dd06f8cd7b80dac51bedafd788f3', '87358c4d5c3f7ced9ea90c33ac2ef6682a26916e1bad07baa525cd3ed2b96560', 'bfb1706223559ab34bb9c6591d5fd37635e04741e6da06cbec83d577bf30533b', '7bd552c302b888e7206b0c6f5f3adca6aaa346b40d3f0116b862be07642fd641', '0e10c7c8d3f5ab1a10ecd305098d08baf92f0ca5a369e5af7cfcb3c5f5d1a774', '52953afc43ccf41dc58323ec34b32a16bc9ec58378dfddcc4ed35c812a638bef', 'e2ebbc9f0d3f726e5a1350217ef5d0c02c326f694b285c952457a71903eaba7a', 'b44a54cc73b37a2be28dee870e93a0490d9de5d4d861d62865b40255af92c0b6', 'f29307461f9a383753c3b92628634d8876fcfcdd467cbc5a65585be2d2349a6a', 'b6415ea91e20707a509c4fb4229303019be9ad6e97f5cb34ce29c5a69330d566', 'b41f4ca7957a0baa97fe0b950e220e2524106a0fbc628bf17279d89b317d29fb', '77e039e3170cac64e821650a26cc96f6272f831e2ee16de9afd70c09d9905790', 'c872adf1236a5d721fa757fdbc431b7ae6330984cca25a7cb78bfef3540933e4', '9f847586c2fc8f4cdd18692976f0525bc4afeb8e2a25270cde3754b9237d7b15', '9285cc15740ba9ab22422dd73f60819adf234bb6120c1a112813db4a72b21423', 'c36c4a85d13247ed49b1c16d121beb7dff47692f1c85217e4f5fc449d47fd8aa', '1a20ac4556e0580591354425a85125bd09e8d1cf54be9b0f14d58a6dc18b4e2c', '45ae8dec6a32bf0f2083b78f8834cea619f068f3070caeb3d9b066d5da99df5c', 'df4668d0439c1d8c382f84c834a87dcc1c33ec368ddab85b320734c2866ff899', '86666b4a51ef967ca020ebb4adead99796b9284098213ee2e208bb81f3c4bd6c', '592cf41d65c7f210492fd0d4d9811159af90c4cf179d6bcdda23be0944881f60', '85df1b3fe4fd4063aae62dc3d98787959cca98e05f27ddabbd4da79dc1dadf03', 'd45d34d0b1e61d22bf55945ae5529aab384fbe9ad5448174ec4dc297848a3930', 'ba7286aad61e173701754e7f329b89fa11431ace542e0c6964a76b32d27efc17', 'b2feee5599f2fd93489885a0cde463826a6e10bbf8f44c87fbaded906a2df52b']",1549164450418
467,be8eaaa894389daf47a29eef6bffc56eec32b922a281cd36db36ae9a749cde46,"[-0.1930900365114212, -0.011128916405141354, 0.09752526879310608, -0.017857013270258904, -0.1618283987045288, -0.0030311006121337414, -0.06475843489170074, 0.03266110643744469, -0.10961342602968216, -0.15371808409690857, -0.041697561740875244, 0.04358380287885666, -0.0037474799901247025, 0.032237738370895386, 0.056433916091918945, 0.02503843605518341, -0.06923971325159073, 0.02108028531074524, 0.01159006915986538, -0.01975169964134693, -0.027590524405241013, 0.06937213242053986, 0.05288499966263771, 0.015126552432775497, -0.02325798198580742, -0.05957186222076416, -0.057145725935697556, 0.0009467910858802497, -0.04189560189843178, -0.0019709039479494095, -0.05793369561433792, -0.009465059265494347, -0.009854074567556381, 0.05984451249241829, 0.03590591251850128, -0.0644591748714447, -0.047177691012620926, -0.06446442008018494, 0.002016788348555565, -0.05478233844041824, 0.03432062640786171, 0.0065366169437766075, -0.013349638320505619, -0.012021713890135288, -0.0032050739973783493, -0.06681177020072937, 0.03395768627524376, -0.0042279865592718124, -0.06691260635852814, -0.00971678365021944]",,"['3d68d08abf65101c25b520f9021f2c083c67dd06f8cd7b80dac51bedafd788f3', '87358c4d5c3f7ced9ea90c33ac2ef6682a26916e1bad07baa525cd3ed2b96560', 'bfb1706223559ab34bb9c6591d5fd37635e04741e6da06cbec83d577bf30533b', '7bd552c302b888e7206b0c6f5f3adca6aaa346b40d3f0116b862be07642fd641', '0e10c7c8d3f5ab1a10ecd305098d08baf92f0ca5a369e5af7cfcb3c5f5d1a774', '52953afc43ccf41dc58323ec34b32a16bc9ec58378dfddcc4ed35c812a638bef', 'e2ebbc9f0d3f726e5a1350217ef5d0c02c326f694b285c952457a71903eaba7a', 'b44a54cc73b37a2be28dee870e93a0490d9de5d4d861d62865b40255af92c0b6', 'f29307461f9a383753c3b92628634d8876fcfcdd467cbc5a65585be2d2349a6a', 'b6415ea91e20707a509c4fb4229303019be9ad6e97f5cb34ce29c5a69330d566', 'b41f4ca7957a0baa97fe0b950e220e2524106a0fbc628bf17279d89b317d29fb', '77e039e3170cac64e821650a26cc96f6272f831e2ee16de9afd70c09d9905790', 'c872adf1236a5d721fa757fdbc431b7ae6330984cca25a7cb78bfef3540933e4', '9f847586c2fc8f4cdd18692976f0525bc4afeb8e2a25270cde3754b9237d7b15', '9285cc15740ba9ab22422dd73f60819adf234bb6120c1a112813db4a72b21423', 'c36c4a85d13247ed49b1c16d121beb7dff47692f1c85217e4f5fc449d47fd8aa', '1a20ac4556e0580591354425a85125bd09e8d1cf54be9b0f14d58a6dc18b4e2c', '45ae8dec6a32bf0f2083b78f8834cea619f068f3070caeb3d9b066d5da99df5c', 'df4668d0439c1d8c382f84c834a87dcc1c33ec368ddab85b320734c2866ff899', '86666b4a51ef967ca020ebb4adead99796b9284098213ee2e208bb81f3c4bd6c', '592cf41d65c7f210492fd0d4d9811159af90c4cf179d6bcdda23be0944881f60', '85df1b3fe4fd4063aae62dc3d98787959cca98e05f27ddabbd4da79dc1dadf03', 'd45d34d0b1e61d22bf55945ae5529aab384fbe9ad5448174ec4dc297848a3930', 'ba7286aad61e173701754e7f329b89fa11431ace542e0c6964a76b32d27efc17', 'b2feee5599f2fd93489885a0cde463826a6e10bbf8f44c87fbaded906a2df52b']",1549164450418
468,3d156b7b1c068d4fa578630e401e74c174d3d67c46e5c90d9c1ea92918e32fb9,"[-0.03031102754175663, -0.2988535165786743, 0.09715171158313751, 0.12391459941864014, -0.1786091923713684, 0.02547886222600937, -0.04240035638213158, 0.13519588112831116, -0.11736729741096497, -0.22933904826641083, -0.07295437157154083, 0.06942136585712433, -0.003694700077176094, 0.042194969952106476, 0.08432810008525848, -0.024805249646306038, -0.1256023496389389, 0.01416930090636015, 0.019719252362847328, -0.018884606659412384, -0.026752151548862457, 0.13386206328868866, 0.11975576728582382, 0.06235995888710022, 0.04128250852227211, -0.09435707330703735, 0.004671592731028795, 0.06025195121765137, 0.04050956666469574, -0.022269323468208313, -0.04505027085542679, -0.06443712115287781, -0.04359272122383118, 0.1092890053987503, 0.0053573958575725555, -0.027802158147096634, -0.031485721468925476, -0.10365854203701019, -0.03335869312286377, -0.09951232373714447, 0.03779106214642525, 0.022690925747156143, 0.05620415508747101, -0.014566082507371902, -0.0016205422580242157, -0.06942995637655258, 0.05065373331308365, -0.0010725772008299828, -0.07564900815486908, -0.043003521859645844]",,,1548900649003
469,3d156b7b1c068d4fa578630e401e74c174d3d67c46e5c90d9c1ea92918e32fb9,"[-0.15490123629570007, -0.07408410310745239, 0.001623302698135376, -0.0657053291797638, -0.242716982960701, -0.024109743535518646, -0.1249523013830185, 0.043278343975543976, -0.12189771980047226, -0.16550660133361816, -0.017593996599316597, 0.10934913158416748, -0.019965369254350662, 0.08846288174390793, 0.025513138622045517, 0.0524723157286644, -0.03702959790825844, -0.04284267500042915, -0.0019351248629391193, 0.1216917559504509, -0.03339845687150955, 0.11671134829521179, 0.06649578362703323, -0.03224269300699234, 0.11302615702152252, -0.0593407079577446, -0.05075632408261299, 0.026112869381904602, -0.015352611429989338, 0.014796525239944458, -0.02080804482102394, 0.00015174876898527145, -0.036115970462560654, 0.08814556151628494, -0.02830393612384796, -0.05959952250123024, -0.02597201056778431, -0.10065208375453949, 0.01469279732555151, -0.09811896085739136, -0.011217698454856873, -0.05874626338481903, 0.11947585642337799, -0.09186850488185883, -0.05135960504412651, -0.05924956500530243, 0.04789141193032265, -0.07386113703250885, -0.08035827428102493, -0.11558587849140167]",,"['87358c4d5c3f7ced9ea90c33ac2ef6682a26916e1bad07baa525cd3ed2b96560', '3d68d08abf65101c25b520f9021f2c083c67dd06f8cd7b80dac51bedafd788f3', '956c335d2f59c1853f499420ae4e85250a6c7190a1df1b11a26049a493541857', '5bdfa2f8bb374d61d9641c258940d4a19be4babed3ebfeb97754beb35bbd3d9f', '3983d0cd10e567317005f8f47d3592beb8aceeca2dcb28080b8bebc3099fb395', 'b3191291744489d29193418ed61f4062a6299d05e20588c53d6a93721304ff26', '0b289733f9fa49c3c2e73d2678abe46811db1a53a50ed51351a45352a944329b', 'e5b79804fb3b441080b8a35175e421b9c9b874812fdc3c7710d05029abcbcbbd', 'eb0ac5143b34083d3a119ff77db7a6700e737346191e11d3dc7bdec4ee2e4e5a', '49b08e297a637a6e63e0ef7d39542b2427bb5c5afdb3cf1f8029bd38104a8181', '069419f3e237facc599d1be5bf71b3ecf057ed5f56a96100f3a50e8fdfcae4e5', 'e6b210d5b779b4e6677f610ba3c5c68676d71af9de23d4790fa034d4d98a3a11', '227c2b19949d6a3d4ae3f737bfed64b7a17bb60cf73af835426705f7d2f78a9c', '2e52f87aa9529493859b3f8766e890fa62b01cab56891b4db2029fb2a326bfcc', '39eb729e3abd2e5bbe51b2fc20a9c50b110ce5a951bb997077d68c1e499805a8', '0324acfba63555b9f4761168611a47d9a7e53adffc7d599eaed5fb9980c0eed6', 'eb3335d08f85191923f7b8ffca25f01e41adcb6f6d97ee4a2ca6272c6dc09242', '2405e3ce17e80863d1ee6824015c89f44ede425080ffe80ee4d79cb34f26baae', 'd269bbd6cf30fffa379dcfeaa65db09b038f1715f8be532f60c71b625e017b74', '12ba6a98f7373adfe11c368836e91e9074cf5fe7f96344bdb8613f0699f22eeb', 'b26c39023aaa1812e26a5b13e9e50a831a8f29541dd17d2691c9a13964987816', '52f06421b08e4e54ae28247e2b5fa8750580c80f4daf9e4a2e714c721df9a5a5', 'b7a1443eaa2f730a501fba83dd9b291b74883a174a5231358a7a4d7a569c6bbe', '9231728af5670a40f9bd75e7960bddb51cdf8739198d664dd8dd984c9a24ef9a', 'c5a7370738a1143b562021cbde5f0178658b3c9cc19084c73f8d651a691632a0']",1548901256344
470,fa826da4fb001daec4732aba0e620a47a48170d5bb1ff619f5aa8a21835a2783,"[-0.03031102754175663, -0.2988535165786743, 0.09715171158313751, 0.12391459941864014, -0.1786091923713684, 0.02547886222600937, -0.04240035638213158, 0.13519588112831116, -0.11736729741096497, -0.22933904826641083, -0.07295437157154083, 0.06942136585712433, -0.003694700077176094, 0.042194969952106476, 0.08432810008525848, -0.024805249646306038, -0.1256023496389389, 0.01416930090636015, 0.019719252362847328, -0.018884606659412384, -0.026752151548862457, 0.13386206328868866, 0.11975576728582382, 0.06235995888710022, 0.04128250852227211, -0.09435707330703735, 0.004671592731028795, 0.06025195121765137, 0.04050956666469574, -0.022269323468208313, -0.04505027085542679, -0.06443712115287781, -0.04359272122383118, 0.1092890053987503, 0.0053573958575725555, -0.027802158147096634, -0.031485721468925476, -0.10365854203701019, -0.03335869312286377, -0.09951232373714447, 0.03779106214642525, 0.022690925747156143, 0.05620415508747101, -0.014566082507371902, -0.0016205422580242157, -0.06942995637655258, 0.05065373331308365, -0.0010725772008299828, -0.07564900815486908, -0.043003521859645844]",,,1548640041483
471,fa826da4fb001daec4732aba0e620a47a48170d5bb1ff619f5aa8a21835a2783,"[-0.03031102754175663, -0.2988535165786743, 0.09715171158313751, 0.12391459941864014, -0.1786091923713684, 0.02547886222600937, -0.04240035638213158, 0.13519588112831116, -0.11736729741096497, -0.22933904826641083, -0.07295437157154083, 0.06942136585712433, -0.003694700077176094, 0.042194969952106476, 0.08432810008525848, -0.024805249646306038, -0.1256023496389389, 0.01416930090636015, 0.019719252362847328, -0.018884606659412384, -0.026752151548862457, 0.13386206328868866, 0.11975576728582382, 0.06235995888710022, 0.04128250852227211, -0.09435707330703735, 0.004671592731028795, 0.06025195121765137, 0.04050956666469574, -0.022269323468208313, -0.04505027085542679, -0.06443712115287781, -0.04359272122383118, 0.1092890053987503, 0.0053573958575725555, -0.027802158147096634, -0.031485721468925476, -0.10365854203701019, -0.03335869312286377, -0.09951232373714447, 0.03779106214642525, 0.022690925747156143, 0.05620415508747101, -0.014566082507371902, -0.0016205422580242157, -0.06942995637655258, 0.05065373331308365, -0.0010725772008299828, -0.07564900815486908, -0.043003521859645844]",,,1548640041483
472,dccce71759f24a2dea213031d3ebfc0f03e4c9d439f417937fa20e1e672edc7b,"[-0.2059694230556488, 0.20198966562747955, 0.31175529956817627, 0.21860793232917786, 0.002768895123153925, 0.1260661631822586, -0.054336752742528915, 0.0929008424282074, 0.14246784150600433, -0.13922709226608276, 0.17482393980026245, 0.0007159775123000145, 0.025330638512969017, 0.00059874402359128, -0.004841063171625137, 0.051686178892850876, 0.029701318591833115, -0.015943439677357674, 0.02725200541317463, -0.022711973637342453, -0.03288372978568077, -0.011250324547290802, 0.018219435587525368, -0.013703955337405205, 0.041607268154621124, -0.021521279588341713, -0.022314902395009995, -0.06041482463479042, 0.0028757713735103607, 0.015151174739003181, -0.007107909303158522, 0.01909669116139412, 0.010686241090297699, -0.04055239260196686, -0.06196644902229309, 0.03749934583902359, -0.08623991906642914, -0.0012454264797270298, 0.00628392631188035, 0.0005595028633251786, -0.01867513731122017, 0.007023167330771685, 0.009614969603717327, 0.01278254110366106, 0.021946562454104424, 0.055908143520355225, 0.024740194901823997, 0.028347916901111603, -0.018953947350382805, -0.0023974115028977394]",,"['fbb99a11d43df80b6e57ec546f35327ab11e3a2befbfc3aa873d686643b28208', '9558cec0186602c0d3eab35b9f05da2a84f82aaaaa891756d10d372d5aa1c88b', 'f9fb6e01e0ed5c1a018b8bfe439237cdbf016eda6853c2d644661e1b3da5496f', 'd73fd9aed157d67cd5d1ccc4efe17f821c0aecd9646e49b4e123a3cc82929ab0', 'be67db031adef0d334ccbcc9fa22fe0794465b74c844b2987756b5348c2cad1d', 'b35e4a9f3da63b4b4610f8992e9e518f878d15f7b1521734329f8800ad2ca5a1', '4c5c0608bead7e4b06fae593de3f70fb2c839652e0d22b82b7f6de1b474c1eda', '293231f99098fc9552a19111d8ed7b6188bf0721b1a5016e9213ea20dfe3d6ae', 'f56ab674ec01aaad7ee0767c8147d523634d7ba97202e630aa621de63f116b6e']",1548017975292
473,2431a1d1e7231daabe4817d47ef17ab4fe4c4cde6b6e3966c11930dd142658ec,"[-0.179971382021904, -0.10088811814785004, 0.023140138015151024, -0.08222856372594833, -0.05854645371437073, 0.06805983185768127, 0.029973488301038742, 0.06054076552391052, -0.05377718061208725, -0.07496391981840134, 0.01831660233438015, -0.0017675147391855717, 0.11534067988395691, 0.1309831142425537, -0.03361010551452637, 0.04718627780675888, -0.06520585715770721, -0.13867399096488953, 0.10863220691680908, 0.04281507804989815, -0.016296621412038803, 0.008919140323996544, -0.047287970781326294, 0.037066441029310226, -0.09393654018640518, -0.048394929617643356, -0.08038754761219025, 0.010573545470833778, 0.00918250996619463, 0.018312593922019005, 0.021462664008140564, -0.004123646765947342, -0.07344786822795868, -0.0484662801027298, -0.020462170243263245, -0.053496088832616806, -0.038968607783317566, 0.06517402827739716, 0.04572395235300064, 0.05262596532702446, -0.02698824182152748, 0.04509405046701431, -0.014611856080591679, -0.012597186490893364, -0.0007873103022575378, 0.021366041153669357, 0.04474668204784393, 0.028148336336016655, 0.0577501580119133, 0.015128025785088539]",,"['2a0ee2924feabeec35e21e8fcb4d5b0684d190e46cef7677297a840d453bed36', '9e6f1348a3831b1ef2f3ed0c51050f814a8658cbb1797d3ed4737dbea28cec56', '6ed126ced42bc0e1a61517da00363f8b670ccda7270139b8deeb772e48fa2ef3', '558cd6f90ac1f25ad7f7a46d9d2dfc9093834e019f0d552d9f49a119b2ba2783', 'a369b4469bd0a345a81fdf66c2f7fa4805078b12dea84f80e1424019878e06f7', 'b9febeae2098d370ee69555ce12efc22756ceb0179fcee7a108babbfbf6027f1', '5a0a6be85a36b2854b306572388e3136d2be1fd101b4579f64088162bcac54e0', '982f388e5adb3c4d3eed2c4b80be0de0411e9242e4ca15bad67507150d41330e', 'fb4cb99b228d7f07970846c2bbcb9ff606e3009a9c2d38cdaa2fcb04e25e9db2', '6355f964125ed936b1ba615bf656b9fa6d7d126e652e42dfe54c02947c2d4323', '718bbab2e7aac355ff798a95f117d448062eebf7a9eb006408a365313da45007']",1547592585529
474,2431a1d1e7231daabe4817d47ef17ab4fe4c4cde6b6e3966c11930dd142658ec,"[0.03914725035429001, -0.02017749287188053, -0.1552533060312271, 0.19380059838294983, 0.030539847910404205, -0.204879030585289, 0.05508967489004135, -0.02714877761900425, -0.07542220503091812, -0.03049357607960701, -0.014086051844060421, -0.08190639317035675, 0.047988370060920715, 0.09076578915119171, -0.019911350682377815, 0.10359656810760498, -0.08736775815486908, 0.0029682880267500877, -0.07621849328279495, -0.0017746593803167343, -0.025804977864027023, -0.0438912957906723, 0.00012304168194532394, 0.03852284699678421, 0.018996955826878548, -0.028435729444026947, 0.0328565277159214, -0.028131838887929916, 0.06506724655628204, 0.031285569071769714, 0.024453943595290184, 0.05996370688080788, 0.002493232488632202, -0.021992631256580353, 0.051864415407180786, -0.012441075406968594, 0.07677532732486725, -0.02127106674015522, -0.019329695031046867, 0.03896177560091019, -0.09074293076992035, 0.04553188383579254, 0.058551937341690063, -0.007278245873749256, -0.09374845027923584, 0.09249483793973923, -0.038374584168195724, 0.0022633448243141174, -0.03490263596177101, 0.07446447759866714]",['68c9f65cb959bc28b56974709d443d1d15c835733661c4ab07a898dd194c3f6c'],"['fe97cd0fc52c0d193f7ca64b708b0d147ada240a444a0d066870d4b7f5771ca3', 'd198a1fcd4a99cbb94d7583ef23009442dd681101dfe17388dfbd4693837ebb7', '8258dbf129d320b37714c9c4f0294570aa5e74cba38f783db5fff2eeea9a442b', '7e91c69d87fbf09b5b4cc6e6b557f3fe56a7274da2aea53a002105309faae51c', '68c9f65cb959bc28b56974709d443d1d15c835733661c4ab07a898dd194c3f6c', '582a97a315757b83d2c73dde92c5fad1307ae0f073c7bb02cfa4809a36893c71', 'ee50dbc1fc9d508df42d6d1d267d094ac841d0dd29e64058a2b7f6b510467322', '5229ebd9306333f37640487b7ad09c6c10dc01107db68fa00f0a5404a0492d76']",1547592710817
475,4983bdcb2b8ce0a26e6a7d63502bbc72ec523bab1cf84f0c5e9356dade96beca,"[-0.029835574328899384, 0.11981868743896484, -0.3363643288612366, 0.3516462445259094, -0.06565108150243759, 0.21321026980876923, 0.1226385161280632, 0.016223270446062088, 0.24280013144016266, 0.07727957516908646, -0.3036711513996124, -0.08909183740615845, 0.05909455567598343, -0.10127264261245728, -0.04457841068506241, -0.0779462456703186, 0.01965191774070263, -0.15273144841194153, -0.04804389923810959, -0.09234349429607391, -0.05105094984173775, 0.016780389472842216, -0.04226158559322357, -0.07561599463224411, 0.03412197530269623, -0.06691383570432663, -0.07286985963582993, 0.037834908813238144, -0.05361108481884003, -0.1347734034061432, -0.003302675671875477, 0.060727763921022415, 0.04260335490107536, -0.0345650352537632, -0.07984574139118195, -0.06391818821430206, -0.07295434921979904, -0.066535584628582, -0.02904549241065979, -0.018504273146390915, 0.0016036853194236755, -0.043185755610466, -0.038989804685115814, -0.03709565848112106, 0.03312747925519943, -0.005230518989264965, 0.08865077048540115, -0.02163618989288807, -0.03224700316786766, -0.0822879895567894]",,,1548005263786
476,4983bdcb2b8ce0a26e6a7d63502bbc72ec523bab1cf84f0c5e9356dade96beca,"[-0.22724568843841553, 0.44510558247566223, 0.3055725395679474, 0.22620388865470886, 0.030696695670485497, -0.030482904985547066, -0.011250857263803482, -0.05020495876669884, 0.026956094428896904, -0.004073271993547678, 0.08182594180107117, 0.037204284220933914, -0.008781515061855316, -0.04345882683992386, 0.057767219841480255, 0.005884670652449131, -0.018761571496725082, -0.009492941200733185, -0.0943390354514122, 0.06857892870903015, 0.031044363975524902, -0.03907568007707596, -0.02146514505147934, -0.014997437596321106, 0.0395304374396801, -0.05037682503461838, -0.05648747831583023, -0.021090159192681313, 0.03351830318570137, 0.08549122512340546, 0.00010516680777072906, 0.01531471312046051, -0.07099755853414536, 0.03806598484516144, 0.024465179070830345, -0.020598001778125763, 0.026598306372761726, 0.004158129915595055, -0.020244130864739418, -0.026049476116895676, -0.0008086038287729025, -0.054208531975746155, -0.013044948689639568, 0.04560293257236481, 0.017753534018993378, -0.014053765684366226, -0.002217218279838562, 0.017460942268371582, 0.0425114668905735, -0.022819455713033676]",,"['67e166b04d577d669d78671709b938c86da95ffcb8a7c3a27d07cb972db695ca', 'f3570724d590bd139fe2be5985139e272a0f28fde15cbf5ef53f107b972ce59a', '856fdfd2cb15a066ab47ad141ab1563fb9a1e100d07eaf735029adc6175ae968', '931f66da1e0e979d75042e7200f434cb4da945e8c1fb2915e6698358d3115838', 'a59afc0b4a49432e831a79d56558b8939de56307e1e032a3c50c17b9af158798', '0209acf4353779aeb23f49a6d2ff1c404d90f57419d61ba192d00817354a1984', '3e5419c505c69425fadb4dd52a1c032bead1c8ebfc478b75027ff6e8fa699de6']",1548005344874
477,39b9548a30fd596ced4a37cf0df1280ececf1d90cf4253d48bdc49113d1f6a99,"[-0.11845448613166809, -0.04697905108332634, -0.17489656805992126, 0.10396397858858109, 0.02846360392868519, 0.23125393688678741, 0.1277715265750885, -0.07060913741588593, -0.012887870892882347, -0.027254698798060417, -0.16671645641326904, -0.019908946007490158, 0.015350994653999805, 0.01613396778702736, -0.018928615376353264, 0.0850842073559761, -0.014923145063221455, -0.1138017550110817, -0.20183339715003967, 0.06932326406240463, 0.07254040241241455, 0.15793077647686005, -0.049593761563301086, -0.03274964913725853, 0.012081008404493332, 0.10398262739181519, 0.16697214543819427, -0.011629527434706688, -0.027398360893130302, 0.1742348074913025, -0.0573263093829155, -0.11584369838237762, -0.13800320029258728, 0.09056077152490616, 0.042287517338991165, -0.10883309692144394, -0.17158272862434387, 0.01329108327627182, 0.023608285933732986, 0.08308819681406021, -0.07982280850410461, -0.11157809942960739, -0.0018558390438556671, -0.01906711794435978, 0.027799105271697044, 0.045972250401973724, 0.08015700429677963, -0.06675011664628983, 0.017385948449373245, 0.04917984828352928]","['1887fb0bdd1dc15b98a4be2b03701871e3f9310b0312fd1acdb67341c4661001', '982229abdb4902774a2224b6d0c3a71f109948c947ce33a0f7f7f3f4e7186e0b']","['7485241b6224b3952df201f5219ffd8ffc99f2fae958a6b86573383bbc818cbc', '1887fb0bdd1dc15b98a4be2b03701871e3f9310b0312fd1acdb67341c4661001', '12cc8b3bf1af12cb75264e61d51d1199fc1997979b34615872fab2c19e829073', 'bff81e370245ab5e7c25a5303cf4950177c81fbc089b1d11b53094cc786b95d7', '40e8a583a8d319af887c40ce4faf4da7f5c0f57d78224b24dbd2aa1e4574ab49', 'e349bce87232894426e81b652bc00555f4f3e67e142bb857e6e2d3901ed70525', '982229abdb4902774a2224b6d0c3a71f109948c947ce33a0f7f7f3f4e7186e0b', '00f177f0ca2a2faf5d60046f21b1c7e506519f67f635642c10fa2c4df9234231', '95c000f3a44dbc12f0d14536fdcdc5951036a9319df2c75574a7afb9c6008bdd', '8192fb68163645431bb573a52ca84e215134726b8c305914e8c72287b6a57b86', '847dad445e01718aef26076cc28d1a01a1cf01b563f25d578ac7699108bc3b97', '52e7f276f675502b2b3f1958245d827b223db89040f8c75fc70dd372942cbf04']",1549794275764
478,00288a3578d8b572b86913a0066d0f9ce1a0eb36bce0da7a39172179d8c3bb01,"[-0.05343829095363617, -0.1683838963508606, 0.037975065410137177, 0.005758092738687992, 0.11633622646331787, 0.02431299164891243, 0.07888332009315491, -0.08063981682062149, -0.03014807030558586, -0.04655188322067261, -0.01497805304825306, -0.02458314597606659, 0.009523728862404823, -0.01414565835148096, -0.0017472561448812485, 0.017586294561624527, -0.013113178312778473, -0.00028207222931087017, 0.003747054375708103, 0.02192070707678795, 0.02997666224837303, 0.007591011002659798, 0.004929225891828537, -0.018130522221326828, 0.02107350528240204, -0.00392869021743536, -0.0148856732994318, 0.0017262515611946583, 0.0015481878072023392, -0.005211569368839264, -0.00013435212895274162, -0.009865048341453075, -0.02803376317024231, 0.018785640597343445, -0.01611044444143772, -0.01180140022188425, -0.01535036787390709, 0.00994873046875, -0.014017917215824127, 0.013018886558711529, 0.01298227533698082, -0.012399167753756046, 0.00031223008409142494, -0.012835264205932617, 0.003981287125498056, -0.011487917974591255, -0.002791482489556074, 0.01482146605849266, 0.016487272456288338, 0.006591205019503832]",,,1547768470187
479,16a7edc51abe5c18e92fd58b39875a6c488395918a373368cca3ea477115f2d1,"[-0.03662384673953056, -0.11827242374420166, -0.028016889467835426, 0.05193907022476196, -0.10033728927373886, -0.028990425169467926, -0.08822564780712128, -0.023548712953925133, 0.0107583524659276, 0.005635831505060196, -0.032077062875032425, -0.016722993925213814, -0.01459994725883007, -0.0018912628293037415, 0.07809369266033173, 0.013746274635195732, 0.12224014103412628, 0.0510057732462883, 0.08370400965213776, -0.10027723014354706, 0.029417412355542183, 0.15546128153800964, -0.021239029243588448, 0.04420424625277519, -0.1473194658756256, 0.21952760219573975, 0.02835754305124283, -0.06251990050077438, 0.0014191397931426764, -0.08875475078821182, 0.003584880381822586, -0.1390572041273117, -0.10462716221809387, 0.005861484911292791, -0.05288313329219818, 0.03579968214035034, 0.06734222918748856, 0.0008218176662921906, 0.0076761431992053986, 0.01599971204996109, 0.020699111744761467, -0.011569228954613209, -0.015468712896108627, -0.03874065354466438, 0.02356014773249626, 0.061243653297424316, 0.042259398847818375, 0.06086798757314682, 0.1350831538438797, -0.06245376169681549]",,"['bd9bda44710314353d43af91461bbb0391df315d124a58884292c5b59975db20', '928b42dfc499f19c8490d5fcfa450c4ddfbe3f0323c9f709987c1201f1cfbe9f', 'c9940a2b1414b00275e97ea7ac002434b8d932439db2f66f010981d9f4ab5b16', 'a199ea80dd81a8c9c2cc8a4f04a38c4e429c077230fc22d5a807110f1aea68fd', '93d28254f2268f019ff39d448cd35d2ecf479b3f0a3b3293fb1d35697b0911ec', 'b7f59b442c0c26592c28e1544b478ccc905207e1ddeb641c37d84159077e773b', 'b12c2301e4861e8a4fbcf298fdd70708e928cf6596e77c9fe5a23a5f72904519', '96ca1e14e406cb961793a62739d45a05406d025347ececbc5d2c0963006fdfd7', '95ebb418834b7476b3884ac447bf538582fca80067585368f7adad77de87b9d4', '73494ad23aded311fd5587b6e677548d991c8ca1b875a022af7d4b694b7df1ac', '068cb99c3f0267d3bee16a7ec75d454b1da1b171370b26361081283494b6fb4d', '39cc3cfcca5dc71f062ec85e756853e60ff020e2106fdf4fd092e6e9587d6742', 'a45a06ca1f0e1166dfe1466308e3629317811b1de9a145b8f5c52f9a7e5ca691', '87bdb50ba6728f6de5b98efe2d97599e2f51c9778b85a9cdcf780d912969d6fe', '6a3118002bf410d35df091f781acacf98f90763904d4f5501f4cc4f18f268ab6', 'a10165440f1101caaf9d271125dceeebe33e5429b8d6b558deaaf6a04f272ead', '465d5d5b3a468789cee2410a4d435e20a1d21512a2c514a297ae35342d4f3f4b', 'd1a27444f5c6da96a51aa1772575962169fbd1d5dac6e3cd518d3d18cbdcd6a2', '9abd5304a925fe0b93e88fcfde9cfb9e3feb7cd51d7b56a8f6570094c79550a3', '096072bd5b64d887f67e02128e6ed0d4fa8557d78581995461c14fa5c7571604', '8b60ef6fed9fec0c265734fc193ac2bc777044cc921330516da48e0d0dbdf085', '84de6288ff36e2fc7e0249b6683d84056b62b4eab811c76cf9678ae84409e62d', '39008c31b848d31bcbd078a2e0209efbefb9b608737a6b35158d7f862c369c8a', '3a47529215eb24c098df0424a99ab35bb24e562198405d1b475384bd3e92d8b7', 'a1fe635453e4175dc587beace109c0bb0a797145cf11e205dcfc7fb64d52817b']",1549657659259
480,16a7edc51abe5c18e92fd58b39875a6c488395918a373368cca3ea477115f2d1,"[-0.03662384673953056, -0.11827242374420166, -0.028016889467835426, 0.05193907022476196, -0.10033728927373886, -0.028990425169467926, -0.08822564780712128, -0.023548712953925133, 0.0107583524659276, 0.005635831505060196, -0.032077062875032425, -0.016722993925213814, -0.01459994725883007, -0.0018912628293037415, 0.07809369266033173, 0.013746274635195732, 0.12224014103412628, 0.0510057732462883, 0.08370400965213776, -0.10027723014354706, 0.029417412355542183, 0.15546128153800964, -0.021239029243588448, 0.04420424625277519, -0.1473194658756256, 0.21952760219573975, 0.02835754305124283, -0.06251990050077438, 0.0014191397931426764, -0.08875475078821182, 0.003584880381822586, -0.1390572041273117, -0.10462716221809387, 0.005861484911292791, -0.05288313329219818, 0.03579968214035034, 0.06734222918748856, 0.0008218176662921906, 0.0076761431992053986, 0.01599971204996109, 0.020699111744761467, -0.011569228954613209, -0.015468712896108627, -0.03874065354466438, 0.02356014773249626, 0.061243653297424316, 0.042259398847818375, 0.06086798757314682, 0.1350831538438797, -0.06245376169681549]",,"['bd9bda44710314353d43af91461bbb0391df315d124a58884292c5b59975db20', '928b42dfc499f19c8490d5fcfa450c4ddfbe3f0323c9f709987c1201f1cfbe9f', 'c9940a2b1414b00275e97ea7ac002434b8d932439db2f66f010981d9f4ab5b16', 'a199ea80dd81a8c9c2cc8a4f04a38c4e429c077230fc22d5a807110f1aea68fd', '93d28254f2268f019ff39d448cd35d2ecf479b3f0a3b3293fb1d35697b0911ec', 'b7f59b442c0c26592c28e1544b478ccc905207e1ddeb641c37d84159077e773b', 'b12c2301e4861e8a4fbcf298fdd70708e928cf6596e77c9fe5a23a5f72904519', '96ca1e14e406cb961793a62739d45a05406d025347ececbc5d2c0963006fdfd7', '95ebb418834b7476b3884ac447bf538582fca80067585368f7adad77de87b9d4', '73494ad23aded311fd5587b6e677548d991c8ca1b875a022af7d4b694b7df1ac', '068cb99c3f0267d3bee16a7ec75d454b1da1b171370b26361081283494b6fb4d', '39cc3cfcca5dc71f062ec85e756853e60ff020e2106fdf4fd092e6e9587d6742', 'a45a06ca1f0e1166dfe1466308e3629317811b1de9a145b8f5c52f9a7e5ca691', '87bdb50ba6728f6de5b98efe2d97599e2f51c9778b85a9cdcf780d912969d6fe', '6a3118002bf410d35df091f781acacf98f90763904d4f5501f4cc4f18f268ab6', 'a10165440f1101caaf9d271125dceeebe33e5429b8d6b558deaaf6a04f272ead', '465d5d5b3a468789cee2410a4d435e20a1d21512a2c514a297ae35342d4f3f4b', 'd1a27444f5c6da96a51aa1772575962169fbd1d5dac6e3cd518d3d18cbdcd6a2', '9abd5304a925fe0b93e88fcfde9cfb9e3feb7cd51d7b56a8f6570094c79550a3', '096072bd5b64d887f67e02128e6ed0d4fa8557d78581995461c14fa5c7571604', '8b60ef6fed9fec0c265734fc193ac2bc777044cc921330516da48e0d0dbdf085', '84de6288ff36e2fc7e0249b6683d84056b62b4eab811c76cf9678ae84409e62d', '39008c31b848d31bcbd078a2e0209efbefb9b608737a6b35158d7f862c369c8a', '3a47529215eb24c098df0424a99ab35bb24e562198405d1b475384bd3e92d8b7', 'a1fe635453e4175dc587beace109c0bb0a797145cf11e205dcfc7fb64d52817b']",1549657659259
481,16a7edc51abe5c18e92fd58b39875a6c488395918a373368cca3ea477115f2d1,"[-0.0033546355552971363, -0.2454853057861328, 0.08580751717090607, 0.08109024912118912, 0.10511161386966705, 0.010698809288442135, 0.08552226424217224, -0.08285097032785416, -0.0063728042878210545, -0.008098151534795761, -0.07507656514644623, -0.02179962955415249, 0.02211158350110054, -0.03686082735657692, -0.014956974424421787, 0.009816102683544159, 0.0015262765809893608, -0.003524347674101591, 0.07158553600311279, 0.008827250450849533, 0.044126056134700775, 0.0017541442066431046, 0.028463635593652725, -0.0027163932099938393, 0.020277859643101692, 0.030613642185926437, 0.029686560854315758, 0.01849873550236225, -0.00015210406854748726, -0.017003808170557022, 0.013561030849814415, 0.0226871557533741, -0.03376437723636627, 0.005814105272293091, -0.00898419413715601, 0.0074492571875452995, 0.027857521548867226, 0.010415380820631981, -0.011910825967788696, 0.03714916482567787, -0.009076221846044064, 0.005015897564589977, 0.006819623522460461, -0.014682192355394363, 0.024199724197387695, 0.011942700482904911, 0.008384836837649345, -0.023518498986959457, 0.0591304749250412, 0.016033869236707687]",['5bf81609e38d0e0d9f09703c0c6af94650c658c84ef7f57202b6a6afed051bb7'],"['bd681ff1d8264c1f7a398d855e5fa57cc18fe86aed07f199e9cc8d6734f68dd3', '2435d32d37397fba2424984592517598a24a5f17ddaf9e4c7d8529f8b067a65b', '656f16d187223926abf3ba46c13ff6bad802e41b4cb892088219c95d59acbdf8', '4dbaf646b59d882029c592276200470b6857c3757f291aa90d5ff2951d8b50d4', '0ef3611b1fc7af76b12f9feb8e50768bf85cd27a7911ac2b50851c66edb6e9a3', 'ec21f59ecbb00373435710d1ac15da96b444403eb81600686c52d401fa9cf9cc', '00320b65aee24edfe958f6ec82fcbbac4e81e5132efd4635f0bd305b316c921c', '5611f67aa2cc098d2b0378b15acf511bc98c671e8046afb750e2faeab96e7b1d', '88f7fa1f91b053793234b87351596fa37a0131b899e656c903cc50289f971d09', '8908f219983cd5408b3f81ee40a6c744f9fd2e3ced5f10ec9b453c03a4fe4294', 'b3516f70e9f8efba2e31afd795e71560718042c9c8ca7fbd453a137ad292ffe0', 'b341fa431bbcda6f4449979f7747a1893d87e58691719f0ffcdf4c584f3bc25a', '14f7c1a4b84a1c94263e166d71f27eac50b759c4ddaf7e860471c6e9bafca0f5', 'aa01fbbab66ab0e4e89f84369ffcba3bc96092d2a5ccc64cc594416423fe7824', '64218c3ad1f7d1dfee61f8d90b4e915fb4b81e7f31ed6329cc04fe6f33c1f741', 'f6113aeb88ec0c1733a4bcaa6a40db2e0260d3048cb52b04f07983fc9322a1c6', 'bdb1a81829cd15d815d7acbdce93372ed45980d66d8bfdfd04006975cb03b411', '8bae83a2ae64668d0ca8d6c2b1e2cdd7ab2402bafa3b4f44a637b48cc02b8118', 'd7ee862a426fe5b9da512bdf4cd1f20c539cfbcc997c197db97536ab96666bf0', '666160cc80923477e65aa3a2c90a4ca9d0c520ab8e910079e0634f7af6893f61', '5bf81609e38d0e0d9f09703c0c6af94650c658c84ef7f57202b6a6afed051bb7', '20aa3f5541db5833bcb91039c01cdda8a67eb2ccbe3f97685ee643ab3d25270d', '19d1d48ed45eefdbe123c4d72e18313187c7ef4ecd1af9a731553e8753c8d7bc', 'f055722612a0138b6a2f91f5e8a25f266a6dde2d88f7572ec944d030e3341ac7', 'b18af7262174b2742785e6a64bf888e9483480e256d4ca00526d2585cdc7e282']",1549657710685
482,16a7edc51abe5c18e92fd58b39875a6c488395918a373368cca3ea477115f2d1,"[-0.0033546355552971363, -0.2454853057861328, 0.08580751717090607, 0.08109024912118912, 0.10511161386966705, 0.010698809288442135, 0.08552226424217224, -0.08285097032785416, -0.0063728042878210545, -0.008098151534795761, -0.07507656514644623, -0.02179962955415249, 0.02211158350110054, -0.03686082735657692, -0.014956974424421787, 0.009816102683544159, 0.0015262765809893608, -0.003524347674101591, 0.07158553600311279, 0.008827250450849533, 0.044126056134700775, 0.0017541442066431046, 0.028463635593652725, -0.0027163932099938393, 0.020277859643101692, 0.030613642185926437, 0.029686560854315758, 0.01849873550236225, -0.00015210406854748726, -0.017003808170557022, 0.013561030849814415, 0.0226871557533741, -0.03376437723636627, 0.005814105272293091, -0.00898419413715601, 0.0074492571875452995, 0.027857521548867226, 0.010415380820631981, -0.011910825967788696, 0.03714916482567787, -0.009076221846044064, 0.005015897564589977, 0.006819623522460461, -0.014682192355394363, 0.024199724197387695, 0.011942700482904911, 0.008384836837649345, -0.023518498986959457, 0.0591304749250412, 0.016033869236707687]",['5bf81609e38d0e0d9f09703c0c6af94650c658c84ef7f57202b6a6afed051bb7'],"['bd681ff1d8264c1f7a398d855e5fa57cc18fe86aed07f199e9cc8d6734f68dd3', '2435d32d37397fba2424984592517598a24a5f17ddaf9e4c7d8529f8b067a65b', '656f16d187223926abf3ba46c13ff6bad802e41b4cb892088219c95d59acbdf8', '4dbaf646b59d882029c592276200470b6857c3757f291aa90d5ff2951d8b50d4', '0ef3611b1fc7af76b12f9feb8e50768bf85cd27a7911ac2b50851c66edb6e9a3', 'ec21f59ecbb00373435710d1ac15da96b444403eb81600686c52d401fa9cf9cc', '00320b65aee24edfe958f6ec82fcbbac4e81e5132efd4635f0bd305b316c921c', '5611f67aa2cc098d2b0378b15acf511bc98c671e8046afb750e2faeab96e7b1d', '88f7fa1f91b053793234b87351596fa37a0131b899e656c903cc50289f971d09', '8908f219983cd5408b3f81ee40a6c744f9fd2e3ced5f10ec9b453c03a4fe4294', 'b3516f70e9f8efba2e31afd795e71560718042c9c8ca7fbd453a137ad292ffe0', 'b341fa431bbcda6f4449979f7747a1893d87e58691719f0ffcdf4c584f3bc25a', '14f7c1a4b84a1c94263e166d71f27eac50b759c4ddaf7e860471c6e9bafca0f5', 'aa01fbbab66ab0e4e89f84369ffcba3bc96092d2a5ccc64cc594416423fe7824', '64218c3ad1f7d1dfee61f8d90b4e915fb4b81e7f31ed6329cc04fe6f33c1f741', 'f6113aeb88ec0c1733a4bcaa6a40db2e0260d3048cb52b04f07983fc9322a1c6', 'bdb1a81829cd15d815d7acbdce93372ed45980d66d8bfdfd04006975cb03b411', '8bae83a2ae64668d0ca8d6c2b1e2cdd7ab2402bafa3b4f44a637b48cc02b8118', 'd7ee862a426fe5b9da512bdf4cd1f20c539cfbcc997c197db97536ab96666bf0', '666160cc80923477e65aa3a2c90a4ca9d0c520ab8e910079e0634f7af6893f61', '5bf81609e38d0e0d9f09703c0c6af94650c658c84ef7f57202b6a6afed051bb7', '20aa3f5541db5833bcb91039c01cdda8a67eb2ccbe3f97685ee643ab3d25270d', '19d1d48ed45eefdbe123c4d72e18313187c7ef4ecd1af9a731553e8753c8d7bc', 'f055722612a0138b6a2f91f5e8a25f266a6dde2d88f7572ec944d030e3341ac7', 'b18af7262174b2742785e6a64bf888e9483480e256d4ca00526d2585cdc7e282']",1549657710685
483,9a94f2841b89ff55b46eab2f5e43b83d2af59c75a942470a59365d6a4fd017bc,"[-0.20242197811603546, -0.02585984766483307, -0.04369181767106056, -0.07600679993629456, -0.007580365054309368, 0.04257291555404663, -0.011876627802848816, -0.08795875310897827, 0.04827304929494858, -0.09373045712709427, 0.013363256119191647, 0.062195077538490295, 0.1131647601723671, 0.031532250344753265, 0.046304523944854736, -0.037595100700855255, -0.09252913296222687, 0.12992678582668304, 0.06328116357326508, 0.02378508634865284, 0.01026027649641037, -0.031870439648628235, -0.1493520438671112, -0.0645696371793747, -0.008364506997168064, -0.04266493022441864, 0.09284311532974243, -0.018737098202109337, 0.037522200495004654, -0.04188888520002365, 0.005177108570933342, -0.016885966062545776, 0.056861840188503265, -0.031289972364902496, 0.08090292662382126, 0.07630528509616852, -0.08383496850728989, 0.07166841626167297, -0.05923985689878464, -0.028636857867240906, -0.05007462203502655, 0.05751384049654007, -0.055869072675704956, -0.022856727242469788, -0.05731498450040817, -0.10416056215763092, -0.06214315444231033, 0.01081462949514389, 0.02227562665939331, -0.0666879415512085]",['2e6493bcd170292331e5eb12f20917f2b1a8f91d4d5db847aa091e5ae80f2ff9'],"['e31e133ad515667178209dbd0481014d14b3c5f3c29c77d5e00bdae9efad90fe', '99419423cd1a4487e1b91b73b8cd885f18f2eff4a53ee55240cd001f96a1d08a', '805f599dd71af538d702e1d060df413c446304a5a93eebf78fcdc2df902d70fc', 'e16672f91dbf40e179e81699dcb8035a9d43ae3cb07e2536155db5b36926a640', '20569b06eead340abc3cc906c9ff25fbc4244c7c3f1bce3877434d90d5c71521', 'd6837655703abd8e04897d6b97f3ef8f390588da66489cb5ca1e1b7b69ccea49', '587866f5ae90061d2cdb2c6b0b11720c2e1ee5a4aad129f03ab5d67a6859b464', '327ed2333e98ca5bab82db0a1a313325c9de49f652b2850c973cdd394af5392f', '335ef6f61fb94dd0b1d38ada0ba885fa586fc36673c60b7f89f72b99ebf617f8', 'e1338eea149386bfb391f1bc9755b9086677b726e8210572c39c36f0174b935e', '954fce4f584d074a272827cec1e02f9e2aeb6bed46c186d506f60a5009c9b8f6', '92f6a4783c6f83813accfbf16423a859c21b52aa25b5efbbd896d0fdd3025f1c', 'c10da176fab6072b8169a400cc9e84bf0d0421954f7a14bc03c967de6efbea12', 'a896dfbc73517dba2559254868769ac392bdd905a9e48e6a1728f5886d4bae36', 'b210fe56fd8727970ece405b16639a80138286c9b87c60aafca672b71835d664', '9fbee6bd66c940ff01eb8af5ae2ceb34bf7e65f2cc5f72ad7d7a35f7808a2b7e', 'ae55673f42263e6ba46df2b066895386638888e336f50ec2df0e2c4de3155648', 'aece44cba0f3fa782c9cb9e5f17dbe9a37c9662bf09b0417fb404d171558e6ef', '38d1642b1575070834b302ed6b87f8e03440056a77cccd09555516082f7e9717', 'f9855d49821713a55b35954578c32a651ee98851da55f86cd18deb18cb549d43', '91a343eac705f053bb68efc3f02aff8e325a4839b21acf14c992e4a0a9802f43', '308dd7c413b0d384f2bde1cb2afada1577ed4b88d749441a5f0ac8d644ca226d', '6c13633fd59e923ef11006ed5a7e2a8a1746e4534abe1f9bd926ecf99fd50a0b', '7d4151461c62b1a4a13413b6b8fc5aa3560fd470cbb73ec41ec53660e4579cdf', '9bb1a94f6ac1a54eaa0c44d4555d1c059777866f7616e67f70a78814583fed9c']",1549748766928
484,9a94f2841b89ff55b46eab2f5e43b83d2af59c75a942470a59365d6a4fd017bc,"[-0.20242197811603546, -0.02585984766483307, -0.04369181767106056, -0.07600679993629456, -0.007580365054309368, 0.04257291555404663, -0.011876627802848816, -0.08795875310897827, 0.04827304929494858, -0.09373045712709427, 0.013363256119191647, 0.062195077538490295, 0.1131647601723671, 0.031532250344753265, 0.046304523944854736, -0.037595100700855255, -0.09252913296222687, 0.12992678582668304, 0.06328116357326508, 0.02378508634865284, 0.01026027649641037, -0.031870439648628235, -0.1493520438671112, -0.0645696371793747, -0.008364506997168064, -0.04266493022441864, 0.09284311532974243, -0.018737098202109337, 0.037522200495004654, -0.04188888520002365, 0.005177108570933342, -0.016885966062545776, 0.056861840188503265, -0.031289972364902496, 0.08090292662382126, 0.07630528509616852, -0.08383496850728989, 0.07166841626167297, -0.05923985689878464, -0.028636857867240906, -0.05007462203502655, 0.05751384049654007, -0.055869072675704956, -0.022856727242469788, -0.05731498450040817, -0.10416056215763092, -0.06214315444231033, 0.01081462949514389, 0.02227562665939331, -0.0666879415512085]",['2e6493bcd170292331e5eb12f20917f2b1a8f91d4d5db847aa091e5ae80f2ff9'],"['e31e133ad515667178209dbd0481014d14b3c5f3c29c77d5e00bdae9efad90fe', '99419423cd1a4487e1b91b73b8cd885f18f2eff4a53ee55240cd001f96a1d08a', '805f599dd71af538d702e1d060df413c446304a5a93eebf78fcdc2df902d70fc', 'e16672f91dbf40e179e81699dcb8035a9d43ae3cb07e2536155db5b36926a640', '20569b06eead340abc3cc906c9ff25fbc4244c7c3f1bce3877434d90d5c71521', 'd6837655703abd8e04897d6b97f3ef8f390588da66489cb5ca1e1b7b69ccea49', '587866f5ae90061d2cdb2c6b0b11720c2e1ee5a4aad129f03ab5d67a6859b464', '327ed2333e98ca5bab82db0a1a313325c9de49f652b2850c973cdd394af5392f', '335ef6f61fb94dd0b1d38ada0ba885fa586fc36673c60b7f89f72b99ebf617f8', 'e1338eea149386bfb391f1bc9755b9086677b726e8210572c39c36f0174b935e', '954fce4f584d074a272827cec1e02f9e2aeb6bed46c186d506f60a5009c9b8f6', '92f6a4783c6f83813accfbf16423a859c21b52aa25b5efbbd896d0fdd3025f1c', 'c10da176fab6072b8169a400cc9e84bf0d0421954f7a14bc03c967de6efbea12', 'a896dfbc73517dba2559254868769ac392bdd905a9e48e6a1728f5886d4bae36', 'b210fe56fd8727970ece405b16639a80138286c9b87c60aafca672b71835d664', '9fbee6bd66c940ff01eb8af5ae2ceb34bf7e65f2cc5f72ad7d7a35f7808a2b7e', 'ae55673f42263e6ba46df2b066895386638888e336f50ec2df0e2c4de3155648', 'aece44cba0f3fa782c9cb9e5f17dbe9a37c9662bf09b0417fb404d171558e6ef', '38d1642b1575070834b302ed6b87f8e03440056a77cccd09555516082f7e9717', 'f9855d49821713a55b35954578c32a651ee98851da55f86cd18deb18cb549d43', '91a343eac705f053bb68efc3f02aff8e325a4839b21acf14c992e4a0a9802f43', '308dd7c413b0d384f2bde1cb2afada1577ed4b88d749441a5f0ac8d644ca226d', '6c13633fd59e923ef11006ed5a7e2a8a1746e4534abe1f9bd926ecf99fd50a0b', '7d4151461c62b1a4a13413b6b8fc5aa3560fd470cbb73ec41ec53660e4579cdf', '9bb1a94f6ac1a54eaa0c44d4555d1c059777866f7616e67f70a78814583fed9c']",1549748766928
485,9a94f2841b89ff55b46eab2f5e43b83d2af59c75a942470a59365d6a4fd017bc,"[-0.018282070755958557, -0.1419043242931366, 0.008700569160282612, 0.031721778213977814, 0.17810019850730896, 0.03273582458496094, 0.006964603438973427, -0.08328662812709808, 0.003047178266569972, 0.13321325182914734, 0.0596727654337883, -0.047943636775016785, -0.0691925436258316, 0.13867883384227753, 0.07967936992645264, -0.03744293004274368, 0.026803243905305862, -0.006442680489271879, -0.006958724930882454, -0.0353194996714592, -0.0345725491642952, 0.03887712210416794, 0.025967419147491455, -0.03444588929414749, -0.0011449158191680908, 0.04745107516646385, 0.0457218736410141, -0.09921395778656006, 0.004490635823458433, 0.016050636768341064, 0.0854959785938263, 0.023856520652770996, -0.022292835637927055, 0.04873224347829819, 0.016600143164396286, 0.03846985474228859, -0.047031551599502563, 0.05822998657822609, 0.09422173351049423, 0.003926107659935951, 0.005445819813758135, 0.0492347776889801, -0.020161911845207214, -0.00255332188680768, 0.007444045506417751, -0.012609537690877914, -0.006711385678499937, -0.0013670044718310237, -0.029000012204051018, 0.015177439898252487]","['716afcfabbf6f8928a9125cc2010377fc0c3b58d9bc383db561115770fa67239', '73b5f35ae9ce96490cd8e32e72828c9a125a88502bcae234981e16596885ee78']","['87ab773dd62dd4dfa3f9f4f9dba6815e4106c933f76fb1f93b20b615e91fd421', 'aa138b5dd5e271825401b3d94ec1a0509ac85eccd09550597bdc10becca1f6dc', '07c761e99ed37c0c760acd16205060928c89cabd02763a24c80cb0a19f6ca1cb', '6d4a34742e1cec533a9eb42371bc8809af143295746f099a99605657f81188e3', '2aec3f6293f9ff66c8c85babb8d27867d785f3646b2da669991a4ea40ae4af3d', '73b5f35ae9ce96490cd8e32e72828c9a125a88502bcae234981e16596885ee78', '785bd6d17e4bffa844f26b66fb904fc65bc706d1a58227d5c7036639cc070662', 'c264cffdb27056d5aab4fdb924dac2b3c3702d771e37730eb082a39589936efa', 'd2ac1becb929eb0d2ca4aa0d55e9bdaf6ad9785081be6816392fb66ee7445c3e', '1c63aa8f2dab13f97e0736120b88a52a4e382c74e380ec04bbdd1b6a2bab828a', '212c5ae52d5efc65ecb8e6e9213243199339f8050b9cc8af52ffa25c86b43678', 'b89cae3e4567fa75c9cd48d3b92ebe5cca0841418cc6d028bcdba5f24906a8d9', '716afcfabbf6f8928a9125cc2010377fc0c3b58d9bc383db561115770fa67239', 'fe6f787c4d9457ea92440927766b0c9fc73cdf7eb53ca951889b70f524917ddf', 'df140c329c18c7fcecfdacde022a80df74402092522ad54b03c9ee0e67ed5067', '90ddccb7a7542d791846c8508c3903ee0e0cd3e1d9252d685be2693d913b5554', '3c46ea68bc580e1c989406bd9cb93aabbd4df405049fe30d6141e03310e90d3f', '0737dd2a789e7d7c178fb3305fcceb3ac528a0ec8b4c3659de4298293115e107', '8fd4a9e3d62450683090e3e5795e700aefc2c4a05b4dec5d790da97498584d29', 'ae6f7c096f28fb1bcb1ff24cbb1035a03bcbcdca383b216d998a1e874cbe0b9e', 'd566a1316880e99655c65f7050df4f541cedfe35d670c819d16737cec211fa07']",1549749224700
486,9a94f2841b89ff55b46eab2f5e43b83d2af59c75a942470a59365d6a4fd017bc,"[-0.018282070755958557, -0.1419043242931366, 0.008700569160282612, 0.031721778213977814, 0.17810019850730896, 0.03273582458496094, 0.006964603438973427, -0.08328662812709808, 0.003047178266569972, 0.13321325182914734, 0.0596727654337883, -0.047943636775016785, -0.0691925436258316, 0.13867883384227753, 0.07967936992645264, -0.03744293004274368, 0.026803243905305862, -0.006442680489271879, -0.006958724930882454, -0.0353194996714592, -0.0345725491642952, 0.03887712210416794, 0.025967419147491455, -0.03444588929414749, -0.0011449158191680908, 0.04745107516646385, 0.0457218736410141, -0.09921395778656006, 0.004490635823458433, 0.016050636768341064, 0.0854959785938263, 0.023856520652770996, -0.022292835637927055, 0.04873224347829819, 0.016600143164396286, 0.03846985474228859, -0.047031551599502563, 0.05822998657822609, 0.09422173351049423, 0.003926107659935951, 0.005445819813758135, 0.0492347776889801, -0.020161911845207214, -0.00255332188680768, 0.007444045506417751, -0.012609537690877914, -0.006711385678499937, -0.0013670044718310237, -0.029000012204051018, 0.015177439898252487]","['716afcfabbf6f8928a9125cc2010377fc0c3b58d9bc383db561115770fa67239', '73b5f35ae9ce96490cd8e32e72828c9a125a88502bcae234981e16596885ee78']","['87ab773dd62dd4dfa3f9f4f9dba6815e4106c933f76fb1f93b20b615e91fd421', 'aa138b5dd5e271825401b3d94ec1a0509ac85eccd09550597bdc10becca1f6dc', '07c761e99ed37c0c760acd16205060928c89cabd02763a24c80cb0a19f6ca1cb', '6d4a34742e1cec533a9eb42371bc8809af143295746f099a99605657f81188e3', '2aec3f6293f9ff66c8c85babb8d27867d785f3646b2da669991a4ea40ae4af3d', '73b5f35ae9ce96490cd8e32e72828c9a125a88502bcae234981e16596885ee78', '785bd6d17e4bffa844f26b66fb904fc65bc706d1a58227d5c7036639cc070662', 'c264cffdb27056d5aab4fdb924dac2b3c3702d771e37730eb082a39589936efa', 'd2ac1becb929eb0d2ca4aa0d55e9bdaf6ad9785081be6816392fb66ee7445c3e', '1c63aa8f2dab13f97e0736120b88a52a4e382c74e380ec04bbdd1b6a2bab828a', '212c5ae52d5efc65ecb8e6e9213243199339f8050b9cc8af52ffa25c86b43678', 'b89cae3e4567fa75c9cd48d3b92ebe5cca0841418cc6d028bcdba5f24906a8d9', '716afcfabbf6f8928a9125cc2010377fc0c3b58d9bc383db561115770fa67239', 'fe6f787c4d9457ea92440927766b0c9fc73cdf7eb53ca951889b70f524917ddf', 'df140c329c18c7fcecfdacde022a80df74402092522ad54b03c9ee0e67ed5067', '90ddccb7a7542d791846c8508c3903ee0e0cd3e1d9252d685be2693d913b5554', '3c46ea68bc580e1c989406bd9cb93aabbd4df405049fe30d6141e03310e90d3f', '0737dd2a789e7d7c178fb3305fcceb3ac528a0ec8b4c3659de4298293115e107', '8fd4a9e3d62450683090e3e5795e700aefc2c4a05b4dec5d790da97498584d29', 'ae6f7c096f28fb1bcb1ff24cbb1035a03bcbcdca383b216d998a1e874cbe0b9e', 'd566a1316880e99655c65f7050df4f541cedfe35d670c819d16737cec211fa07']",1549749224700
487,18096481556fa67fbd7760fda7e8432009ad9be541761b84084c68358be50616,"[-0.04462751746177673, -0.2598145008087158, 0.06236438453197479, 0.06473617255687714, 0.015731919556856155, 0.05766817554831505, -0.0051484135910868645, -0.010510400868952274, -0.04605640470981598, -0.13054344058036804, -0.012958305887877941, -0.05522635579109192, -0.014004070311784744, -0.007026709616184235, 0.040866345167160034, -0.045713093131780624, -0.041736021637916565, 0.05138145759701729, -0.045023247599601746, 0.03784988820552826, -0.011397048830986023, 0.018256543204188347, 0.040933385491371155, 0.022303882986307144, 0.02293780818581581, -0.00875808671116829, -0.01985824480652809, -0.004825897514820099, 0.06885158270597458, -0.02618846297264099, 0.03488032892346382, -0.024762406945228577, -0.027843888849020004, 0.012416813522577286, 0.013100318610668182, 0.004740701988339424, -0.007934029214084148, -0.006557398941367865, 0.0077173444442451, -0.04812341555953026, 0.01221406739205122, -0.03126923739910126, 0.020511668175458908, -0.003970503341406584, -0.036650270223617554, -0.0264846570789814, -0.023250767961144447, 0.0015528828371316195, -0.0019435975700616837, -0.02850138023495674]","['35bb5fb21cbcc87b566839dca7cbb12be960581b5f0600718bf574cd37ae86b4', '35bb5fb21cbcc87b566839dca7cbb12be960581b5f0600718bf574cd37ae86b4']","['54ad0179dd4aaad2206c9eaef9acf80fdfd7ea10d25ade691b5bf7a99aa5e561', '35bb5fb21cbcc87b566839dca7cbb12be960581b5f0600718bf574cd37ae86b4', 'fe145126a095158a847f78d68cfc196dc5d1a9eff5591201d5dbe1a0325cbbdb', 'dc713d67886373e5294ead75acb8885ada4506996535c14a0b9ea585b3d071bf', '42dbe7d519728bcda39b7c702dc470fd57af302e931354a4eea50997d6c08556', '4fc87dde331bac7e55f77351fc3327ac052914b3d255286f9f4c310e3583fda2', '84eb8333f46c24053b32a2b93fa8cefc5fc165d9694a716ead321139a95121b1', 'c81ce61f91f67334903b1efa3ece1e8e6fc4ad239777da70d3b6128a520e80cd', '0b53ed98ebac59202c656bdd682da236b8f5ac78068c85f0ef3793f4578ab330', 'faa9c6d82ca7481d82d93e84e94f148d7c167ba011d5cd27e3a64619c00009da', '681203a9016dbdf8c2119dbf8949ff3ab225ae997623e2d378b041265e0d21d6', '83e63ecdc86de0ad8f81de5a792e7ebf5c179595b7bc9595ce22c4420250b79e', '557207338854a1ca1d1f97200820ab353e9e7c16c3cb3eededf684d822d77537', 'ffcae3703b6ab5cedc5415533e83692ccf63dcebc67dab47ff8a1cf6d4f27356', '03f553f3324b4dd2312adf1d7e762fd143fc8fb0edf77d289f96a73cad612494', '331f551a0d650758f6312ee41b7bbc95f2808df68920c57f4688d02f1942912e']",1549111182078
488,18096481556fa67fbd7760fda7e8432009ad9be541761b84084c68358be50616,"[-0.04462751746177673, -0.2598145008087158, 0.06236438453197479, 0.06473617255687714, 0.015731919556856155, 0.05766817554831505, -0.0051484135910868645, -0.010510400868952274, -0.04605640470981598, -0.13054344058036804, -0.012958305887877941, -0.05522635579109192, -0.014004070311784744, -0.007026709616184235, 0.040866345167160034, -0.045713093131780624, -0.041736021637916565, 0.05138145759701729, -0.045023247599601746, 0.03784988820552826, -0.011397048830986023, 0.018256543204188347, 0.040933385491371155, 0.022303882986307144, 0.02293780818581581, -0.00875808671116829, -0.01985824480652809, -0.004825897514820099, 0.06885158270597458, -0.02618846297264099, 0.03488032892346382, -0.024762406945228577, -0.027843888849020004, 0.012416813522577286, 0.013100318610668182, 0.004740701988339424, -0.007934029214084148, -0.006557398941367865, 0.0077173444442451, -0.04812341555953026, 0.01221406739205122, -0.03126923739910126, 0.020511668175458908, -0.003970503341406584, -0.036650270223617554, -0.0264846570789814, -0.023250767961144447, 0.0015528828371316195, -0.0019435975700616837, -0.02850138023495674]","['35bb5fb21cbcc87b566839dca7cbb12be960581b5f0600718bf574cd37ae86b4', '35bb5fb21cbcc87b566839dca7cbb12be960581b5f0600718bf574cd37ae86b4']","['54ad0179dd4aaad2206c9eaef9acf80fdfd7ea10d25ade691b5bf7a99aa5e561', '35bb5fb21cbcc87b566839dca7cbb12be960581b5f0600718bf574cd37ae86b4', 'fe145126a095158a847f78d68cfc196dc5d1a9eff5591201d5dbe1a0325cbbdb', 'dc713d67886373e5294ead75acb8885ada4506996535c14a0b9ea585b3d071bf', '42dbe7d519728bcda39b7c702dc470fd57af302e931354a4eea50997d6c08556', '4fc87dde331bac7e55f77351fc3327ac052914b3d255286f9f4c310e3583fda2', '84eb8333f46c24053b32a2b93fa8cefc5fc165d9694a716ead321139a95121b1', 'c81ce61f91f67334903b1efa3ece1e8e6fc4ad239777da70d3b6128a520e80cd', '0b53ed98ebac59202c656bdd682da236b8f5ac78068c85f0ef3793f4578ab330', 'faa9c6d82ca7481d82d93e84e94f148d7c167ba011d5cd27e3a64619c00009da', '681203a9016dbdf8c2119dbf8949ff3ab225ae997623e2d378b041265e0d21d6', '83e63ecdc86de0ad8f81de5a792e7ebf5c179595b7bc9595ce22c4420250b79e', '557207338854a1ca1d1f97200820ab353e9e7c16c3cb3eededf684d822d77537', 'ffcae3703b6ab5cedc5415533e83692ccf63dcebc67dab47ff8a1cf6d4f27356', '03f553f3324b4dd2312adf1d7e762fd143fc8fb0edf77d289f96a73cad612494', '331f551a0d650758f6312ee41b7bbc95f2808df68920c57f4688d02f1942912e']",1549111182078
489,fad4d6d3ad378cee7488a0ae29ee88c15fb73b9a793f9fac59f81ffd5ff6cea6,"[-0.15336823463439941, 0.1374422311782837, -0.264626681804657, 0.13832543790340424, -0.10562223196029663, 0.3624536991119385, -0.026513079181313515, -0.00380277493968606, 0.1673511117696762, 0.07340005040168762, -0.2121191918849945, 0.0995161235332489, 0.027387695387005806, -0.12469262629747391, -0.19217926263809204, -0.00585742574185133, -0.053034767508506775, -0.04358714073896408, -0.04780496284365654, -0.014570341445505619, -0.10406184196472168, 0.03798939660191536, -0.0209650918841362, -0.013642469421029091, -0.05921702831983566, 0.08226340264081955, -0.10396760702133179, 0.14183275401592255, 0.0466974675655365, -0.00829441286623478, 0.0014718882739543915, -0.0906795859336853, -0.11737501621246338, -0.003884322941303253, -0.014116780832409859, -0.05081046372652054, 0.06070306897163391, -0.11824473738670349, -0.13374006748199463, 0.019925709813833237, 0.08164599537849426, 0.017535872757434845, 0.06277672946453094, 0.024157870560884476, -0.003701409325003624, 0.034521639347076416, 0.0182805098593235, -0.09308096021413803, -0.07493090629577637, 0.026522409170866013]",,"['7d90d0e033dfd75325380a15338118f83fce084cd715df723bef222392b6d584', 'eb9346b62c0f269c2902d0524112353e39b45cc9e1a852f06f61712152746033', 'd95125a0fde621d1293c431e0c61194308bff9e29e65fe964ff9123e5aa448e0', '7ab97257ba55f63c9bac0568b1dd25e17f4047cfa72195b4a11e5ee604de5ca7', '7b8bacc1a714d72a091a9d5a5b45774888e6a982899777b4c145aa5a385460e1', 'a13cd7efa5031b0f407078c6fee461d99b4ed1eb9517f50134658f1f7521b4f3', 'b71f969cedeb0ff9a89d9b158888daeb688c3c9251cd42bd68509e5eb9c6121c', '375fc643f7ac4cd8e411ef06686dc712bd5a7e98f5d59e75bde0756051f2b7b5', '8a5c300fe89f3b82c6dea04d7da88c52a24afd58282f58e9b2071f1947a95d4b', '3995cf0a0a606f04e1079fdec1cf88798e3706d1b6bf230cf1195bf2414f4078', '12a1dc9f8a275e77e835a81a9c56645346b72530b3082c0ac612e955fbd05a35', '17d27e6d2328a0d31c9fad325270d12d10b33aa67424ac265cf39dac8757d37f', '2cc05ecbf2bd90ea3ae63cee1024349dce0d53d982b5ab4f1c7f3f184b165234', '52e800ff89ff289ffa049b678b737db87899fc12ab48e4a6bf4212815add27d4', 'a49cf52cde4c5cf099e617bbe4006af501aa94793609792cbcb1d401720dd2e7', 'b2fb0945cedbe2971340ae4a1208837f62d43a3cfb7e134bcc050747ae407b93', '3d4795e85ce5f4bedc5af362d0bae6087d177b74451276b135441392d25d3205', 'f58381e35a7ddd7c9ba334cc5412ef343f43b4415778cf985ccde1f622ff8bc7', '936ebe05264c845385c9feb062b98bb48f08d3a903da25216d508c6a79c0a938', '1f2c72f21c91d307d8d9a6950a90d181567a7db2493cb7d97ab6e18ec82f055a', 'def0ce269a05abd7b2d00ebbc76f9924c76718fbc9dd6d4904de5ee8d1556d8b', '5d8615c0bc0757fb45050595454d04b89dc7eeb2371c4a8796687c6ca727d914', 'd2c30d1423338540d510affa79fc2b40bba4cbf05e0c582b5fbad888452f2ee4', 'ab6ffc846ddad42a63c9fec61bed863910a5d8ebd0cd28ec0aa9ab720374e942', '6c9b13235da779fd40927df42e70c0c64a384fe9e63a5edb6d9456426b4e2526']",1548634585187
490,2646f9d874666e20cad04319a604ece84ca99e47750e0f93389e50ea90205e2b,"[-0.10456003248691559, -0.11642701923847198, -0.09446477144956589, -0.046751778572797775, -0.06734228134155273, -0.024881511926651, -0.06729668378829956, -0.007518172264099121, -0.015574399381875992, -0.04092921316623688, 0.08214549720287323, -0.10268417745828629, 0.023473234847187996, 0.0031893905252218246, -0.08800850808620453, -0.10304942727088928, 0.06807775795459747, 0.06720997393131256, 0.014872768893837929, 0.041503097862005234, 0.05163833498954773, -0.0232546366751194, -0.06534144282341003, -0.2009333372116089, -0.06474049389362335, 0.016601402312517166, 0.07448242604732513, 0.07752716541290283, -0.01213417761027813, 0.05483745038509369, 0.037975236773490906, 0.0821421816945076, -0.11914088577032089, -0.12481924146413803, 0.013094894587993622, 0.03805508464574814, 0.041559524834156036, -0.05394643545150757, 0.09161496162414551, -0.02378661558032036, -0.10960771888494492, -0.06442528963088989, -0.013690785504877567, 0.052911803126335144, -0.10487513244152069, -0.1114790290594101, 0.0949346274137497, -0.02507222443819046, 0.03059932217001915, 0.03866502270102501]",['b5dc06ab163692f557e7e5012811dab52d62757402c69b7d3a8aef01719b0836'],['b5dc06ab163692f557e7e5012811dab52d62757402c69b7d3a8aef01719b0836'],1549126151511
491,2646f9d874666e20cad04319a604ece84ca99e47750e0f93389e50ea90205e2b,"[-0.10456003248691559, -0.11642701923847198, -0.09446477144956589, -0.046751778572797775, -0.06734228134155273, -0.024881511926651, -0.06729668378829956, -0.007518172264099121, -0.015574399381875992, -0.04092921316623688, 0.08214549720287323, -0.10268417745828629, 0.023473234847187996, 0.0031893905252218246, -0.08800850808620453, -0.10304942727088928, 0.06807775795459747, 0.06720997393131256, 0.014872768893837929, 0.041503097862005234, 0.05163833498954773, -0.0232546366751194, -0.06534144282341003, -0.2009333372116089, -0.06474049389362335, 0.016601402312517166, 0.07448242604732513, 0.07752716541290283, -0.01213417761027813, 0.05483745038509369, 0.037975236773490906, 0.0821421816945076, -0.11914088577032089, -0.12481924146413803, 0.013094894587993622, 0.03805508464574814, 0.041559524834156036, -0.05394643545150757, 0.09161496162414551, -0.02378661558032036, -0.10960771888494492, -0.06442528963088989, -0.013690785504877567, 0.052911803126335144, -0.10487513244152069, -0.1114790290594101, 0.0949346274137497, -0.02507222443819046, 0.03059932217001915, 0.03866502270102501]",['b5dc06ab163692f557e7e5012811dab52d62757402c69b7d3a8aef01719b0836'],['b5dc06ab163692f557e7e5012811dab52d62757402c69b7d3a8aef01719b0836'],1549126151511
492,96eb9d9855ba5af1a5f0cfa490b22b459faf2fe9e54020a8f2d5d29243f2371a,"[-0.05487380921840668, -0.3591412305831909, 0.15536600351333618, -0.0159081369638443, 0.05273864418268204, -0.049731381237506866, 0.013974758796393871, -0.019629236310720444, 0.0026756981387734413, 0.06236319988965988, -0.07619623839855194, -0.04047643393278122, 0.004114702343940735, -0.0011751363053917885, -0.007467817049473524, 0.02420063130557537, 0.0571758970618248, -0.036978770047426224, -0.02802901342511177, -0.0323517844080925, -0.07131673395633698, -0.07391434907913208, -0.027375170961022377, 0.09871495515108109, 0.006286208983510733, -0.04877437651157379, 0.015377946197986603, -0.011266576126217842, -0.021474311128258705, -0.007470893673598766, -0.04936635494232178, 0.03554214537143707, 0.07704049348831177, -0.05335621535778046, 0.044307395815849304, 0.02277848683297634, -0.02327023074030876, -0.02352956309914589, -0.05868779867887497, 0.08676441758871078, 0.05054144933819771, 0.0023126639425754547, -0.010693993419408798, 0.0772504210472107, 0.05491870641708374, 0.0690341591835022, -0.010869688354432583, 0.04348909854888916, -0.005077742040157318, -0.06182181090116501]",,['5bcaa81a3e6e09b6e760887933877cb19190023b1d24536ce4aa9eb390aa47cd'],1548207452156
493,96eb9d9855ba5af1a5f0cfa490b22b459faf2fe9e54020a8f2d5d29243f2371a,"[-0.05487380921840668, -0.3591412305831909, 0.15536600351333618, -0.0159081369638443, 0.05273864418268204, -0.049731381237506866, 0.013974758796393871, -0.019629236310720444, 0.0026756981387734413, 0.06236319988965988, -0.07619623839855194, -0.04047643393278122, 0.004114702343940735, -0.0011751363053917885, -0.007467817049473524, 0.02420063130557537, 0.0571758970618248, -0.036978770047426224, -0.02802901342511177, -0.0323517844080925, -0.07131673395633698, -0.07391434907913208, -0.027375170961022377, 0.09871495515108109, 0.006286208983510733, -0.04877437651157379, 0.015377946197986603, -0.011266576126217842, -0.021474311128258705, -0.007470893673598766, -0.04936635494232178, 0.03554214537143707, 0.07704049348831177, -0.05335621535778046, 0.044307395815849304, 0.02277848683297634, -0.02327023074030876, -0.02352956309914589, -0.05868779867887497, 0.08676441758871078, 0.05054144933819771, 0.0023126639425754547, -0.010693993419408798, 0.0772504210472107, 0.05491870641708374, 0.0690341591835022, -0.010869688354432583, 0.04348909854888916, -0.005077742040157318, -0.06182181090116501]",,['5bcaa81a3e6e09b6e760887933877cb19190023b1d24536ce4aa9eb390aa47cd'],1548207452156
494,fdd34f8fdf2c92446c407246442dcf634f26b52815b4bbbba4eb3d2ed5259e5a,"[-0.1104123592376709, -0.10071585327386856, -0.046513237059116364, -0.09934081882238388, -0.02892141044139862, -0.044011954218149185, 0.1935136318206787, -0.04083754122257233, 0.046919215470552444, 0.02346349135041237, 0.04202583059668541, -0.013398127630352974, 0.010642824694514275, -0.06270547211170197, 0.000615512253716588, -0.02816728502511978, 0.0051641142927110195, -0.027121877297759056, 0.01931612752377987, -0.013691513799130917, -0.0006435243412852287, -0.03967949002981186, -0.06108778715133667, -0.05135222151875496, -0.06866244971752167, 0.012616543099284172, -0.00566259678453207, 0.015623870305716991, 0.024500107392668724, 0.04173228144645691, -0.02745497226715088, 0.036551788449287415, -0.019385889172554016, -0.02552572265267372, -0.03553004935383797, 0.016281846910715103, -0.009601899422705173, -0.01954994723200798, 0.02911396324634552, -0.004028036259114742, -0.03826034441590309, 0.04787684977054596, -0.03371243178844452, -0.02145121805369854, -0.027858808636665344, 0.01631610095500946, -0.06647428870201111, 0.04271707683801651, -0.04597734287381172, -0.10257159173488617]",,"['f88aba7eca65ee6c47de1d1350ca4fdce85e63f4da3be6cc1413a5154690de35', '16e15d8df78b3b0e940a60fb1de888cc360497b3cbf5aeb5c7febdb1007663d1', '94dbbd942081609b9059241fbd2065cfe2c55337cd6e123aaa471c530e45dbdc', '3bc440986a63daf7bf4d6d310d14ec5499607a16120a67210dbd64adc6c3cb15', '98178309dc895492815f2d983efa79b2fec16c73806c87084fea806c44810780', '6e064a874150465b9ee6a8e41a9f1d8ed96e093802a48b203f935631c4d57e39']",1549860909118
495,bbc794b735a639bc51fc230d8f30c21653d2404c146f67e263388624f7d844ea,"[0.006895788945257664, -0.18177518248558044, 0.023807154968380928, 0.0680461898446083, 0.1780281662940979, 0.04734081029891968, 0.06646585464477539, -0.0795847699046135, -0.03186315670609474, -0.05651126056909561, 0.023051349446177483, 0.03727412968873978, -0.006007791962474585, -0.035434868186712265, 0.003939351066946983, -0.017654800787568092, -0.031604230403900146, 0.016842622309923172, 0.012427255511283875, 0.005891305394470692, 0.021461408585309982, 0.005524155683815479, -0.01999366097152233, -0.002554270438849926, 0.018018212169408798, -0.01936192438006401, -0.03672582656145096, 0.005729835946112871, 0.005352658219635487, 0.0038462169468402863, -0.006746825762093067, -0.006461717188358307, -0.021629439666867256, 0.024417158216238022, -0.017534425482153893, -0.022060763090848923, -0.022422077134251595, 0.009937359020113945, 0.0029586937744170427, 0.01592158153653145, 0.008938869461417198, -0.0015249783173203468, 0.007005545776337385, -0.019260287284851074, 0.007515013217926025, 0.0013885153457522392, 0.006748026702553034, -0.005231007933616638, 0.014002676121890545, 0.004442269913852215]",,,1548958407982
496,bbc794b735a639bc51fc230d8f30c21653d2404c146f67e263388624f7d844ea,"[-0.12319681793451309, -0.0918852686882019, -0.019677437841892242, -0.023826368153095245, -0.008460636250674725, 0.05737525224685669, -0.07958522439002991, -0.02480974607169628, -0.010868039913475513, -0.08768519014120102, -0.021147552877664566, -0.06269142031669617, -0.052530594170093536, -0.061081163585186005, 0.04212377220392227, 0.027609655633568764, -0.06691338121891022, 0.07610298693180084, 3.124214708805084e-05, 0.0042283558286726475, -0.006934146862477064, 0.004295164253562689, -0.032305363565683365, 0.02552640251815319, 0.05121561884880066, 0.06817988306283951, -0.051222555339336395, -0.005472984164953232, -0.04272551089525223, -0.034983232617378235, 0.03099023923277855, 0.05810904502868652, 0.011888922192156315, 0.000634561525657773, -0.021115891635417938, -0.007091463077813387, -0.02466724067926407, 0.04324471205472946, 0.039042018353939056, 0.024915024638175964, 0.011836593970656395, 0.008286350406706333, -0.048027895390987396, -0.07337560504674911, -0.0064071426168084145, 0.03807894140481949, -0.017658468335866928, -0.005994073580950499, 0.014316551387310028, 0.062277890741825104]",,"['90ec4e89a2c8de4e1dbc22e272360d75cf4dcd72e6cd770110e241454cdde21f', 'cd3b5e4dd4ab3dfbccf239b4eab80b7c4b9de0b446bc6c1fc8b0b4ac605e97e7', '0f2811e000b56f2ba63526ec55da916f6c72b484f7afe89a15732d0954e72b85', '52dae515fe8060bbf8f22a0ed2ce3fb76d2656cc56c9f24b864bf6103bacf325', 'c328c3db46baafbfcca833a637444d75bd1a924429dc5fc816deeca8cc91af56', '2933fe304ee032b04cb404bb35320943b0ef11115d50a16bd0aac5dca4733d98', '275feab64d016cca421157bcd9702b81e0070d7bf9ba58dc90b014a12c008aa7', 'ed3505a24d8f25fff94f40a56f42e15f95732324e94e5f70d90c5b1ccd4d638d', '901e3c71fad0d1a88b09e35dfda2a8fc8d411f8c4845f1aa626a76c9206b9f7a', '22a8fcff0c1f7acd11cf79572381d9289898ebfedae1aad5d0f99216a197a128', '2c561b510e7585553509c1a02f4fca8b6d0071cfadfddce312b66de140d208ca', '6646e1a5dba93377ffc60656b44c596660c3793b5765c488adfe96e2cd2ef9c7', 'e436c3ee4e3da0f583505dce5f7cc28bb3f441d4f79164f133f96f12c3ca0596', '237c5cec8b764326a2c515eb312c833664eae2860035948330bf6ef1b8cebab8', '1797c40cf91d2e0938a1701f8f62ddc7b23476e3ed4f8a9dae62108f3b8b1278', '1551ca5c3425aaf060119ced9543fae09b3a4ed8cfedfb80d926272e6884a22b', '07df330328e81afe6bcc6a85b1c9e11c327969c7d75dc137fe5283d778a5e150', '548f07f2f01383c6d4616b180d10f79c3e89a183c8e9146ebfaf06b98f856189', '213d0649e79b8ec747ed79618f0e39c11cdd2b037f32d248cac8b0b639714028', '667479857189eee1338e962ca01e66f1e0de83f9a6ea9471f9b79a7731d86f81', '03baa6b732d5b7c218a9514b0653179bb68af59b92ed0d397a1040fae6ed738b', '735265ad2e3927d88f3621fc51c86790eb07c893f84d756c21b3ec79efdcd21a', '3b24a6b23ef3ba7b4fed337ea115492b661d48d5b713d1cd3db61484763429b3', '7f6472eb1219dd82270c1b24e4a42d433440e59bd3a2fc93ca54a217b9c912fc', '6ecdd3d3b0f0ff01c3c0f9b2dc511a4ca464c518cbe827cd8c13f0d23b9a914c']",1548958542542
497,2d03adc290c211aca471a9f296e2ffc96c9efeb0f0090a239817fde7e3666086,"[0.07354817539453506, -0.20746329426765442, 0.0029620337300002575, 0.09082141518592834, 0.17322735488414764, 0.034481603652238846, 0.04089611396193504, -0.08700788021087646, -0.04202296584844589, 0.12439575791358948, -0.010369434952735901, 0.07494818419218063, -0.04190189391374588, 0.1238284558057785, 0.038462039083242416, -0.007745918817818165, 0.020694145932793617, -0.007637840695679188, 0.020816948264837265, -0.018282204866409302, -0.03311330825090408, 0.04947331175208092, 0.06033851206302643, -0.05211102217435837, -0.02500804513692856, 0.01493138913065195, 0.0455971285700798, -0.09021815657615662, -0.05044173076748848, 0.036392971873283386, 0.036507368087768555, 0.01322155725210905, -0.04814283549785614, -0.004507813602685928, 0.007798098959028721, 0.03411908820271492, 0.0005073810461908579, 0.05883229523897171, 0.06762479245662689, -0.08114258944988251, -0.02938457578420639, 0.0471106693148613, 0.01754593849182129, -0.016139810904860497, -0.00017274916172027588, -0.013781264424324036, -0.016877813264727592, 0.008440295234322548, -0.00966360978782177, 0.006345628295093775]","['073161cc4b6e031c532c9a095e811bd7a3419ad21e097d5b8650629f6f3d31cd', '073161cc4b6e031c532c9a095e811bd7a3419ad21e097d5b8650629f6f3d31cd']","['073161cc4b6e031c532c9a095e811bd7a3419ad21e097d5b8650629f6f3d31cd', '86881e6bbb5f41bf2fc88460acb060a045d4ed077db256e361b0760a7f851db0', '2ef9dfc56b45a98d2952e375d052ddae2ebbf4439b224b2b065f4925a1011b39', '7e83fdaada9f46d2e26d7d366778afed2245f632490423d416b60e99ca7ded69', '822a07ec23912cc3ac220f2503ea30e3a47c91059ee41fd557bdd42ceaafc1e7', '86f74c5aecbea5c3e779ea37622f4ab6b55c2d87efaea4156fa43333d92857e0', '78fa54eb34f76a02d9851f30ffa65e4323bda87473ead3743fd8ff9447c6a15a', '15ec78cb11e9285b96359a0f1f1129b2515de4861e4c1a4752c706f3567ee2f6', 'e2058c655243a17aa6fff8b8e7cdce2892fe7716d49a30ff2377e2750c2ef50e', '62d05530904996dd40771af0bec1ebdba6be0d754110f5e7472aa8518d2f07ed', '6a583bde90571c68649277c015500bc93075479bce42d3dbbd056cfb3423daa0', '7328b9839658fcc1043629c474c2afd1037ccfd1f5c840a40abec4c69ac2d23d', '7ef567542d4a7a58745f154a11e47f3570e5ec2069f34ecd3fd4694402956262', '620f316841280c5dbb8d2a7b8dad7a5eb88214d362ca96daf908d015539fd976', 'ee86e6a4189807d0a8316b985058347f7697b89d831ef7fde2f6ea2e9809fc88', 'ea95e072ef486cec35cd6b4357e1ddf1fb6bf8131365ae9a0322f2ea93f2fe5b', 'ea0ce3daa063bcdc1b6834cb56e7a905639718e253725daa9905952f9c08453a', '9d9e93a9a14abbca2b739dd4d2af7a506603a7db01a9587c4b7edfefd6ef4b10', '893e4c7a92ee65df5ade4e0c189c309a599a075e15fd558550f14f7135c03b4d', 'f339899531e85d7623ecba5baf0b2ec44a335eee015c9cbdfdd5babce59f91ac', 'e0f5162d466211c444339012be8ab4bf456a251c3d2964d25d6ff4d1205fc541', 'd1af4e9e758d9d7ebb9f7dece0165cea8e7efdd3fc509f268a4f0ec17100f343', 'fc77ccf195d0ebf47ef91cadd62ff12aa838320a3c534feb830e4845b26c0f8b', 'a3cd15d15894e166c2357d79e579894a0f0ee01941650b005988d97cd04b3683', 'ffc0e46b2c91cc0628516f9890d9f9511c26385b1acf8c06815acf4dfae0c9d8']",1549774948860
498,2d03adc290c211aca471a9f296e2ffc96c9efeb0f0090a239817fde7e3666086,"[0.07354817539453506, -0.20746329426765442, 0.0029620337300002575, 0.09082141518592834, 0.17322735488414764, 0.034481603652238846, 0.04089611396193504, -0.08700788021087646, -0.04202296584844589, 0.12439575791358948, -0.010369434952735901, 0.07494818419218063, -0.04190189391374588, 0.1238284558057785, 0.038462039083242416, -0.007745918817818165, 0.020694145932793617, -0.007637840695679188, 0.020816948264837265, -0.018282204866409302, -0.03311330825090408, 0.04947331175208092, 0.06033851206302643, -0.05211102217435837, -0.02500804513692856, 0.01493138913065195, 0.0455971285700798, -0.09021815657615662, -0.05044173076748848, 0.036392971873283386, 0.036507368087768555, 0.01322155725210905, -0.04814283549785614, -0.004507813602685928, 0.007798098959028721, 0.03411908820271492, 0.0005073810461908579, 0.05883229523897171, 0.06762479245662689, -0.08114258944988251, -0.02938457578420639, 0.0471106693148613, 0.01754593849182129, -0.016139810904860497, -0.00017274916172027588, -0.013781264424324036, -0.016877813264727592, 0.008440295234322548, -0.00966360978782177, 0.006345628295093775]","['073161cc4b6e031c532c9a095e811bd7a3419ad21e097d5b8650629f6f3d31cd', '073161cc4b6e031c532c9a095e811bd7a3419ad21e097d5b8650629f6f3d31cd']","['073161cc4b6e031c532c9a095e811bd7a3419ad21e097d5b8650629f6f3d31cd', '86881e6bbb5f41bf2fc88460acb060a045d4ed077db256e361b0760a7f851db0', '2ef9dfc56b45a98d2952e375d052ddae2ebbf4439b224b2b065f4925a1011b39', '7e83fdaada9f46d2e26d7d366778afed2245f632490423d416b60e99ca7ded69', '822a07ec23912cc3ac220f2503ea30e3a47c91059ee41fd557bdd42ceaafc1e7', '86f74c5aecbea5c3e779ea37622f4ab6b55c2d87efaea4156fa43333d92857e0', '78fa54eb34f76a02d9851f30ffa65e4323bda87473ead3743fd8ff9447c6a15a', '15ec78cb11e9285b96359a0f1f1129b2515de4861e4c1a4752c706f3567ee2f6', 'e2058c655243a17aa6fff8b8e7cdce2892fe7716d49a30ff2377e2750c2ef50e', '62d05530904996dd40771af0bec1ebdba6be0d754110f5e7472aa8518d2f07ed', '6a583bde90571c68649277c015500bc93075479bce42d3dbbd056cfb3423daa0', '7328b9839658fcc1043629c474c2afd1037ccfd1f5c840a40abec4c69ac2d23d', '7ef567542d4a7a58745f154a11e47f3570e5ec2069f34ecd3fd4694402956262', '620f316841280c5dbb8d2a7b8dad7a5eb88214d362ca96daf908d015539fd976', 'ee86e6a4189807d0a8316b985058347f7697b89d831ef7fde2f6ea2e9809fc88', 'ea95e072ef486cec35cd6b4357e1ddf1fb6bf8131365ae9a0322f2ea93f2fe5b', 'ea0ce3daa063bcdc1b6834cb56e7a905639718e253725daa9905952f9c08453a', '9d9e93a9a14abbca2b739dd4d2af7a506603a7db01a9587c4b7edfefd6ef4b10', '893e4c7a92ee65df5ade4e0c189c309a599a075e15fd558550f14f7135c03b4d', 'f339899531e85d7623ecba5baf0b2ec44a335eee015c9cbdfdd5babce59f91ac', 'e0f5162d466211c444339012be8ab4bf456a251c3d2964d25d6ff4d1205fc541', 'd1af4e9e758d9d7ebb9f7dece0165cea8e7efdd3fc509f268a4f0ec17100f343', 'fc77ccf195d0ebf47ef91cadd62ff12aa838320a3c534feb830e4845b26c0f8b', 'a3cd15d15894e166c2357d79e579894a0f0ee01941650b005988d97cd04b3683', 'ffc0e46b2c91cc0628516f9890d9f9511c26385b1acf8c06815acf4dfae0c9d8']",1549774948860
499,73cc3df06e851c20cf89b59c6aa9bab601fcec24fdae9bf3394e6a36292b4e25,"[0.07354817539453506, -0.20746329426765442, 0.0029620337300002575, 0.09082141518592834, 0.17322735488414764, 0.034481603652238846, 0.04089611396193504, -0.08700788021087646, -0.04202296584844589, 0.12439575791358948, -0.010369434952735901, 0.07494818419218063, -0.04190189391374588, 0.1238284558057785, 0.038462039083242416, -0.007745918817818165, 0.020694145932793617, -0.007637840695679188, 0.020816948264837265, -0.018282204866409302, -0.03311330825090408, 0.04947331175208092, 0.06033851206302643, -0.05211102217435837, -0.02500804513692856, 0.01493138913065195, 0.0455971285700798, -0.09021815657615662, -0.05044173076748848, 0.036392971873283386, 0.036507368087768555, 0.01322155725210905, -0.04814283549785614, -0.004507813602685928, 0.007798098959028721, 0.03411908820271492, 0.0005073810461908579, 0.05883229523897171, 0.06762479245662689, -0.08114258944988251, -0.02938457578420639, 0.0471106693148613, 0.01754593849182129, -0.016139810904860497, -0.00017274916172027588, -0.013781264424324036, -0.016877813264727592, 0.008440295234322548, -0.00966360978782177, 0.006345628295093775]","['073161cc4b6e031c532c9a095e811bd7a3419ad21e097d5b8650629f6f3d31cd', '86881e6bbb5f41bf2fc88460acb060a045d4ed077db256e361b0760a7f851db0', '9d9e93a9a14abbca2b739dd4d2af7a506603a7db01a9587c4b7edfefd6ef4b10', 'ffc0e46b2c91cc0628516f9890d9f9511c26385b1acf8c06815acf4dfae0c9d8']","['073161cc4b6e031c532c9a095e811bd7a3419ad21e097d5b8650629f6f3d31cd', '86881e6bbb5f41bf2fc88460acb060a045d4ed077db256e361b0760a7f851db0', '2ef9dfc56b45a98d2952e375d052ddae2ebbf4439b224b2b065f4925a1011b39', '7e83fdaada9f46d2e26d7d366778afed2245f632490423d416b60e99ca7ded69', '822a07ec23912cc3ac220f2503ea30e3a47c91059ee41fd557bdd42ceaafc1e7', '86f74c5aecbea5c3e779ea37622f4ab6b55c2d87efaea4156fa43333d92857e0', '78fa54eb34f76a02d9851f30ffa65e4323bda87473ead3743fd8ff9447c6a15a', '15ec78cb11e9285b96359a0f1f1129b2515de4861e4c1a4752c706f3567ee2f6', 'e2058c655243a17aa6fff8b8e7cdce2892fe7716d49a30ff2377e2750c2ef50e', '62d05530904996dd40771af0bec1ebdba6be0d754110f5e7472aa8518d2f07ed', '6a583bde90571c68649277c015500bc93075479bce42d3dbbd056cfb3423daa0', '7328b9839658fcc1043629c474c2afd1037ccfd1f5c840a40abec4c69ac2d23d', '7ef567542d4a7a58745f154a11e47f3570e5ec2069f34ecd3fd4694402956262', '620f316841280c5dbb8d2a7b8dad7a5eb88214d362ca96daf908d015539fd976', 'ee86e6a4189807d0a8316b985058347f7697b89d831ef7fde2f6ea2e9809fc88', 'ea95e072ef486cec35cd6b4357e1ddf1fb6bf8131365ae9a0322f2ea93f2fe5b', 'ea0ce3daa063bcdc1b6834cb56e7a905639718e253725daa9905952f9c08453a', '9d9e93a9a14abbca2b739dd4d2af7a506603a7db01a9587c4b7edfefd6ef4b10', '893e4c7a92ee65df5ade4e0c189c309a599a075e15fd558550f14f7135c03b4d', 'f339899531e85d7623ecba5baf0b2ec44a335eee015c9cbdfdd5babce59f91ac', 'e0f5162d466211c444339012be8ab4bf456a251c3d2964d25d6ff4d1205fc541', 'd1af4e9e758d9d7ebb9f7dece0165cea8e7efdd3fc509f268a4f0ec17100f343', 'fc77ccf195d0ebf47ef91cadd62ff12aa838320a3c534feb830e4845b26c0f8b', 'a3cd15d15894e166c2357d79e579894a0f0ee01941650b005988d97cd04b3683', 'ffc0e46b2c91cc0628516f9890d9f9511c26385b1acf8c06815acf4dfae0c9d8']",1549773905982
500,73cc3df06e851c20cf89b59c6aa9bab601fcec24fdae9bf3394e6a36292b4e25,"[0.07354817539453506, -0.20746329426765442, 0.0029620337300002575, 0.09082141518592834, 0.17322735488414764, 0.034481603652238846, 0.04089611396193504, -0.08700788021087646, -0.04202296584844589, 0.12439575791358948, -0.010369434952735901, 0.07494818419218063, -0.04190189391374588, 0.1238284558057785, 0.038462039083242416, -0.007745918817818165, 0.020694145932793617, -0.007637840695679188, 0.020816948264837265, -0.018282204866409302, -0.03311330825090408, 0.04947331175208092, 0.06033851206302643, -0.05211102217435837, -0.02500804513692856, 0.01493138913065195, 0.0455971285700798, -0.09021815657615662, -0.05044173076748848, 0.036392971873283386, 0.036507368087768555, 0.01322155725210905, -0.04814283549785614, -0.004507813602685928, 0.007798098959028721, 0.03411908820271492, 0.0005073810461908579, 0.05883229523897171, 0.06762479245662689, -0.08114258944988251, -0.02938457578420639, 0.0471106693148613, 0.01754593849182129, -0.016139810904860497, -0.00017274916172027588, -0.013781264424324036, -0.016877813264727592, 0.008440295234322548, -0.00966360978782177, 0.006345628295093775]","['073161cc4b6e031c532c9a095e811bd7a3419ad21e097d5b8650629f6f3d31cd', '86881e6bbb5f41bf2fc88460acb060a045d4ed077db256e361b0760a7f851db0', '9d9e93a9a14abbca2b739dd4d2af7a506603a7db01a9587c4b7edfefd6ef4b10', 'ffc0e46b2c91cc0628516f9890d9f9511c26385b1acf8c06815acf4dfae0c9d8']","['073161cc4b6e031c532c9a095e811bd7a3419ad21e097d5b8650629f6f3d31cd', '86881e6bbb5f41bf2fc88460acb060a045d4ed077db256e361b0760a7f851db0', '2ef9dfc56b45a98d2952e375d052ddae2ebbf4439b224b2b065f4925a1011b39', '7e83fdaada9f46d2e26d7d366778afed2245f632490423d416b60e99ca7ded69', '822a07ec23912cc3ac220f2503ea30e3a47c91059ee41fd557bdd42ceaafc1e7', '86f74c5aecbea5c3e779ea37622f4ab6b55c2d87efaea4156fa43333d92857e0', '78fa54eb34f76a02d9851f30ffa65e4323bda87473ead3743fd8ff9447c6a15a', '15ec78cb11e9285b96359a0f1f1129b2515de4861e4c1a4752c706f3567ee2f6', 'e2058c655243a17aa6fff8b8e7cdce2892fe7716d49a30ff2377e2750c2ef50e', '62d05530904996dd40771af0bec1ebdba6be0d754110f5e7472aa8518d2f07ed', '6a583bde90571c68649277c015500bc93075479bce42d3dbbd056cfb3423daa0', '7328b9839658fcc1043629c474c2afd1037ccfd1f5c840a40abec4c69ac2d23d', '7ef567542d4a7a58745f154a11e47f3570e5ec2069f34ecd3fd4694402956262', '620f316841280c5dbb8d2a7b8dad7a5eb88214d362ca96daf908d015539fd976', 'ee86e6a4189807d0a8316b985058347f7697b89d831ef7fde2f6ea2e9809fc88', 'ea95e072ef486cec35cd6b4357e1ddf1fb6bf8131365ae9a0322f2ea93f2fe5b', 'ea0ce3daa063bcdc1b6834cb56e7a905639718e253725daa9905952f9c08453a', '9d9e93a9a14abbca2b739dd4d2af7a506603a7db01a9587c4b7edfefd6ef4b10', '893e4c7a92ee65df5ade4e0c189c309a599a075e15fd558550f14f7135c03b4d', 'f339899531e85d7623ecba5baf0b2ec44a335eee015c9cbdfdd5babce59f91ac', 'e0f5162d466211c444339012be8ab4bf456a251c3d2964d25d6ff4d1205fc541', 'd1af4e9e758d9d7ebb9f7dece0165cea8e7efdd3fc509f268a4f0ec17100f343', 'fc77ccf195d0ebf47ef91cadd62ff12aa838320a3c534feb830e4845b26c0f8b', 'a3cd15d15894e166c2357d79e579894a0f0ee01941650b005988d97cd04b3683', 'ffc0e46b2c91cc0628516f9890d9f9511c26385b1acf8c06815acf4dfae0c9d8']",1549773905982
501,73cc3df06e851c20cf89b59c6aa9bab601fcec24fdae9bf3394e6a36292b4e25,"[0.12317651510238647, -0.21889345347881317, 0.018711086362600327, 0.13979406654834747, 0.27180910110473633, 0.031078513711690903, 0.09665975719690323, -0.12229840457439423, -0.024325942620635033, 0.1199188083410263, 0.03133676201105118, 0.043861452490091324, -0.04137249290943146, 0.06314359605312347, 0.029677288606762886, -0.00014662044122815132, 0.02880031429231167, 0.036766938865184784, 0.04588804766535759, -0.04793904721736908, -0.03401409089565277, 0.03794266656041145, 0.08180813491344452, -0.065971240401268, -0.04915350675582886, -0.003504999214783311, 0.05229032784700394, -0.09655766189098358, -0.029922205954790115, 0.04502548277378082, 0.05821250006556511, -0.0015969090163707733, -0.06559151411056519, 0.023598581552505493, 0.008074373006820679, 0.03236435353755951, -0.015813007950782776, 0.07913629710674286, 0.0872751772403717, -0.04834103584289551, -0.007427026517689228, 0.07588174939155579, 0.039988696575164795, -0.018326392397284508, -0.010185266844928265, -0.0009502137545496225, 0.026641231030225754, 0.016857080161571503, -0.03280593454837799, 0.01360257901251316]",,,1549774347546
502,73cc3df06e851c20cf89b59c6aa9bab601fcec24fdae9bf3394e6a36292b4e25,"[0.12317651510238647, -0.21889345347881317, 0.018711086362600327, 0.13979406654834747, 0.27180910110473633, 0.031078513711690903, 0.09665975719690323, -0.12229840457439423, -0.024325942620635033, 0.1199188083410263, 0.03133676201105118, 0.043861452490091324, -0.04137249290943146, 0.06314359605312347, 0.029677288606762886, -0.00014662044122815132, 0.02880031429231167, 0.036766938865184784, 0.04588804766535759, -0.04793904721736908, -0.03401409089565277, 0.03794266656041145, 0.08180813491344452, -0.065971240401268, -0.04915350675582886, -0.003504999214783311, 0.05229032784700394, -0.09655766189098358, -0.029922205954790115, 0.04502548277378082, 0.05821250006556511, -0.0015969090163707733, -0.06559151411056519, 0.023598581552505493, 0.008074373006820679, 0.03236435353755951, -0.015813007950782776, 0.07913629710674286, 0.0872751772403717, -0.04834103584289551, -0.007427026517689228, 0.07588174939155579, 0.039988696575164795, -0.018326392397284508, -0.010185266844928265, -0.0009502137545496225, 0.026641231030225754, 0.016857080161571503, -0.03280593454837799, 0.01360257901251316]",,,1549774347546
503,d61502269677d61330ea4a1d4d9a965cf705fca579d16aa74d6c126d2c698ee4,"[0.07354817539453506, -0.20746329426765442, 0.0029620337300002575, 0.09082141518592834, 0.17322735488414764, 0.034481603652238846, 0.04089611396193504, -0.08700788021087646, -0.04202296584844589, 0.12439575791358948, -0.010369434952735901, 0.07494818419218063, -0.04190189391374588, 0.1238284558057785, 0.038462039083242416, -0.007745918817818165, 0.020694145932793617, -0.007637840695679188, 0.020816948264837265, -0.018282204866409302, -0.03311330825090408, 0.04947331175208092, 0.06033851206302643, -0.05211102217435837, -0.02500804513692856, 0.01493138913065195, 0.0455971285700798, -0.09021815657615662, -0.05044173076748848, 0.036392971873283386, 0.036507368087768555, 0.01322155725210905, -0.04814283549785614, -0.004507813602685928, 0.007798098959028721, 0.03411908820271492, 0.0005073810461908579, 0.05883229523897171, 0.06762479245662689, -0.08114258944988251, -0.02938457578420639, 0.0471106693148613, 0.01754593849182129, -0.016139810904860497, -0.00017274916172027588, -0.013781264424324036, -0.016877813264727592, 0.008440295234322548, -0.00966360978782177, 0.006345628295093775]","['86881e6bbb5f41bf2fc88460acb060a045d4ed077db256e361b0760a7f851db0', '9d9e93a9a14abbca2b739dd4d2af7a506603a7db01a9587c4b7edfefd6ef4b10', '9d9e93a9a14abbca2b739dd4d2af7a506603a7db01a9587c4b7edfefd6ef4b10']","['073161cc4b6e031c532c9a095e811bd7a3419ad21e097d5b8650629f6f3d31cd', '86881e6bbb5f41bf2fc88460acb060a045d4ed077db256e361b0760a7f851db0', '2ef9dfc56b45a98d2952e375d052ddae2ebbf4439b224b2b065f4925a1011b39', '7e83fdaada9f46d2e26d7d366778afed2245f632490423d416b60e99ca7ded69', '822a07ec23912cc3ac220f2503ea30e3a47c91059ee41fd557bdd42ceaafc1e7', '86f74c5aecbea5c3e779ea37622f4ab6b55c2d87efaea4156fa43333d92857e0', '78fa54eb34f76a02d9851f30ffa65e4323bda87473ead3743fd8ff9447c6a15a', '15ec78cb11e9285b96359a0f1f1129b2515de4861e4c1a4752c706f3567ee2f6', 'e2058c655243a17aa6fff8b8e7cdce2892fe7716d49a30ff2377e2750c2ef50e', '62d05530904996dd40771af0bec1ebdba6be0d754110f5e7472aa8518d2f07ed', '6a583bde90571c68649277c015500bc93075479bce42d3dbbd056cfb3423daa0', '7328b9839658fcc1043629c474c2afd1037ccfd1f5c840a40abec4c69ac2d23d', 'ffc0e46b2c91cc0628516f9890d9f9511c26385b1acf8c06815acf4dfae0c9d8', '3c21b726194ae7b8e968c2e137a22ab10b90a065a363695477de4bd45f50c501', 'be434d337e898fefd77b1db56c0c9e102ee64dd34ad6ff7b1c27814e7954fb5e', 'a1ea4b8d15edb4f941bac034315f6c3b74cbedc8b0cae62851e0b7d880b7ca89', '7ef567542d4a7a58745f154a11e47f3570e5ec2069f34ecd3fd4694402956262', '620f316841280c5dbb8d2a7b8dad7a5eb88214d362ca96daf908d015539fd976', 'ee86e6a4189807d0a8316b985058347f7697b89d831ef7fde2f6ea2e9809fc88', 'ea95e072ef486cec35cd6b4357e1ddf1fb6bf8131365ae9a0322f2ea93f2fe5b', 'ea0ce3daa063bcdc1b6834cb56e7a905639718e253725daa9905952f9c08453a', '9d9e93a9a14abbca2b739dd4d2af7a506603a7db01a9587c4b7edfefd6ef4b10', '893e4c7a92ee65df5ade4e0c189c309a599a075e15fd558550f14f7135c03b4d', 'f339899531e85d7623ecba5baf0b2ec44a335eee015c9cbdfdd5babce59f91ac', 'e0f5162d466211c444339012be8ab4bf456a251c3d2964d25d6ff4d1205fc541']",1548828734986
504,d61502269677d61330ea4a1d4d9a965cf705fca579d16aa74d6c126d2c698ee4,"[0.07354817539453506, -0.20746329426765442, 0.0029620337300002575, 0.09082141518592834, 0.17322735488414764, 0.034481603652238846, 0.04089611396193504, -0.08700788021087646, -0.04202296584844589, 0.12439575791358948, -0.010369434952735901, 0.07494818419218063, -0.04190189391374588, 0.1238284558057785, 0.038462039083242416, -0.007745918817818165, 0.020694145932793617, -0.007637840695679188, 0.020816948264837265, -0.018282204866409302, -0.03311330825090408, 0.04947331175208092, 0.06033851206302643, -0.05211102217435837, -0.02500804513692856, 0.01493138913065195, 0.0455971285700798, -0.09021815657615662, -0.05044173076748848, 0.036392971873283386, 0.036507368087768555, 0.01322155725210905, -0.04814283549785614, -0.004507813602685928, 0.007798098959028721, 0.03411908820271492, 0.0005073810461908579, 0.05883229523897171, 0.06762479245662689, -0.08114258944988251, -0.02938457578420639, 0.0471106693148613, 0.01754593849182129, -0.016139810904860497, -0.00017274916172027588, -0.013781264424324036, -0.016877813264727592, 0.008440295234322548, -0.00966360978782177, 0.006345628295093775]","['86881e6bbb5f41bf2fc88460acb060a045d4ed077db256e361b0760a7f851db0', '9d9e93a9a14abbca2b739dd4d2af7a506603a7db01a9587c4b7edfefd6ef4b10', '9d9e93a9a14abbca2b739dd4d2af7a506603a7db01a9587c4b7edfefd6ef4b10']","['073161cc4b6e031c532c9a095e811bd7a3419ad21e097d5b8650629f6f3d31cd', '86881e6bbb5f41bf2fc88460acb060a045d4ed077db256e361b0760a7f851db0', '2ef9dfc56b45a98d2952e375d052ddae2ebbf4439b224b2b065f4925a1011b39', '7e83fdaada9f46d2e26d7d366778afed2245f632490423d416b60e99ca7ded69', '822a07ec23912cc3ac220f2503ea30e3a47c91059ee41fd557bdd42ceaafc1e7', '86f74c5aecbea5c3e779ea37622f4ab6b55c2d87efaea4156fa43333d92857e0', '78fa54eb34f76a02d9851f30ffa65e4323bda87473ead3743fd8ff9447c6a15a', '15ec78cb11e9285b96359a0f1f1129b2515de4861e4c1a4752c706f3567ee2f6', 'e2058c655243a17aa6fff8b8e7cdce2892fe7716d49a30ff2377e2750c2ef50e', '62d05530904996dd40771af0bec1ebdba6be0d754110f5e7472aa8518d2f07ed', '6a583bde90571c68649277c015500bc93075479bce42d3dbbd056cfb3423daa0', '7328b9839658fcc1043629c474c2afd1037ccfd1f5c840a40abec4c69ac2d23d', 'ffc0e46b2c91cc0628516f9890d9f9511c26385b1acf8c06815acf4dfae0c9d8', '3c21b726194ae7b8e968c2e137a22ab10b90a065a363695477de4bd45f50c501', 'be434d337e898fefd77b1db56c0c9e102ee64dd34ad6ff7b1c27814e7954fb5e', 'a1ea4b8d15edb4f941bac034315f6c3b74cbedc8b0cae62851e0b7d880b7ca89', '7ef567542d4a7a58745f154a11e47f3570e5ec2069f34ecd3fd4694402956262', '620f316841280c5dbb8d2a7b8dad7a5eb88214d362ca96daf908d015539fd976', 'ee86e6a4189807d0a8316b985058347f7697b89d831ef7fde2f6ea2e9809fc88', 'ea95e072ef486cec35cd6b4357e1ddf1fb6bf8131365ae9a0322f2ea93f2fe5b', 'ea0ce3daa063bcdc1b6834cb56e7a905639718e253725daa9905952f9c08453a', '9d9e93a9a14abbca2b739dd4d2af7a506603a7db01a9587c4b7edfefd6ef4b10', '893e4c7a92ee65df5ade4e0c189c309a599a075e15fd558550f14f7135c03b4d', 'f339899531e85d7623ecba5baf0b2ec44a335eee015c9cbdfdd5babce59f91ac', 'e0f5162d466211c444339012be8ab4bf456a251c3d2964d25d6ff4d1205fc541']",1548828734986
505,5afa1190c639a5732e68ff16e4ba0d2f345597c2cce651195fc15fbc6cad044e,"[0.019466940313577652, -0.25110968947410583, 0.07115229964256287, 0.08386534452438354, 0.11822650581598282, 0.027013927698135376, 0.03270123526453972, -0.035488612949848175, 0.001302666962146759, -0.011576689779758453, 0.03847789764404297, 0.024189693853259087, -0.006537409499287605, -0.019645193591713905, -0.01552905235439539, -0.02645791694521904, 0.0006683268584311008, 0.014703554101288319, -0.0005125306779518723, -0.014210152439773083, 0.0014007193967700005, -0.009412494488060474, 0.007689134683459997, -0.02266918681561947, 0.025883663445711136, -0.03588798642158508, 0.006759472191333771, -0.0010103918612003326, 0.034537333995103836, 0.011642970144748688, -0.015956824645400047, 0.002298029139637947, -0.007877854630351067, 0.047513894736766815, -0.010012389160692692, -0.04095287621021271, -0.005516986362636089, -0.006602633744478226, 0.00621319655328989, 0.0012611637357622385, 0.024880345910787582, -0.006366053596138954, 0.025300946086645126, 0.0048933858051896095, -0.01862007938325405, 0.009237173944711685, 0.02101735956966877, 0.016786783933639526, 0.0007226748857647181, 0.015053774230182171]",,"['b380dacb0bd36d9c1da493951c3543ad1ea94b08c8474f7e96f356ce84f87c1a', '32f488e1dd9a4cc5cd784af32040696bd210621730531c52fdd6d72200659da6', 'd2623cec91540e81cd8dfa1fa4bd50f9c9ff7a10ecf58269ce0d0afd9a2bc856', '6ccd9747a223c041251bfbb2738ee6961b003b726cb3f1edd81fc36742b91d50', '658d89d979342b473bcc6ffcb8fbafc53ef75a46b4e7724299c907f2d614ff98', '1a16cbc1a948313438d99f791130e1a691d60a648a2a79b0543a0e23e2d3e1d4', 'e79b241eb9dbcda10770a3445deca2cb88534e2d2bdce3daa4d619953a108c52', 'd4b7720702ba1ed9caff014f1c774232a1bd89df1ae4805c7a2c42ac55f23b0e', '1a05d30cb3b327f70522faf54607b966ae526960fe45a5d75a6f78303adb6a0f', 'b6555798cb5bd62414d207dae4f2d6eb7dc3022bbe23c69c064d0a05dac9b3fb', 'd6f296b7da666211dea086322bbe4b037f54680076578d44428733efb610d96b', '553e549b76f8cdfdd01d8d07ebe0bafa905346773e75a96d90c3d52ba3a4d7e2', '6dcbc4975d5cf222786080687aa6401f1cf9b337b58d372b9d86e1e4b9fb689a', '603edbafd6d10ade57548346cfc8a8f98f5c46d1187fcc3da616ae055424758d', '6fa4c52d63130eed2566a0b6458fc01fb252315742ade82a3126bf53290bbd64', '1c19afe3ec3520d793d0e7e0da6636661f1d36b4a0b85e1eec91ce1a80a23183', 'c09c35ba97932fb5ccb6aa3d84d4fd20562b8e7beb860c6674f8f124fa85303e', '8f65225d46217b5698411acb775f7ea33c10a303a2390167255608cdfaad48df', 'ad3e617c126374c9348a7519b15c44ee9e7894b47679083a77b8359cc752e7df', '0aa794ea64d7f026666fa7a52af09704da2d50be0cbd9e8fb7d8338d4eba08f7', '985790bdad7a770088b0e69fa5ae608dd82e64762d9efa274b1535f050cd5489', '5bd16f4f3a4c23c2ba0a862274743e2a30cbf14472ef8fc5fbe80314e2aa66fa', 'aed2a5660f2e06ecc9cb80f691fb65d5bcfd7c71d7bfc0183a5f1b5492f2f056', '99ff5f676052dad347ca68fa297e4cdc6bcbd4eeaa32a229cfcc1724f10ac806', '0f3781d15f3e9b56d7fed9ec74f0851f82e4de17427b06a08399987ee0195ebf']",1547783387819
506,5afa1190c639a5732e68ff16e4ba0d2f345597c2cce651195fc15fbc6cad044e,"[0.019466940313577652, -0.25110968947410583, 0.07115229964256287, 0.08386534452438354, 0.11822650581598282, 0.027013927698135376, 0.03270123526453972, -0.035488612949848175, 0.001302666962146759, -0.011576689779758453, 0.03847789764404297, 0.024189693853259087, -0.006537409499287605, -0.019645193591713905, -0.01552905235439539, -0.02645791694521904, 0.0006683268584311008, 0.014703554101288319, -0.0005125306779518723, -0.014210152439773083, 0.0014007193967700005, -0.009412494488060474, 0.007689134683459997, -0.02266918681561947, 0.025883663445711136, -0.03588798642158508, 0.006759472191333771, -0.0010103918612003326, 0.034537333995103836, 0.011642970144748688, -0.015956824645400047, 0.002298029139637947, -0.007877854630351067, 0.047513894736766815, -0.010012389160692692, -0.04095287621021271, -0.005516986362636089, -0.006602633744478226, 0.00621319655328989, 0.0012611637357622385, 0.024880345910787582, -0.006366053596138954, 0.025300946086645126, 0.0048933858051896095, -0.01862007938325405, 0.009237173944711685, 0.02101735956966877, 0.016786783933639526, 0.0007226748857647181, 0.015053774230182171]",,"['b380dacb0bd36d9c1da493951c3543ad1ea94b08c8474f7e96f356ce84f87c1a', '32f488e1dd9a4cc5cd784af32040696bd210621730531c52fdd6d72200659da6', 'd2623cec91540e81cd8dfa1fa4bd50f9c9ff7a10ecf58269ce0d0afd9a2bc856', '6ccd9747a223c041251bfbb2738ee6961b003b726cb3f1edd81fc36742b91d50', '658d89d979342b473bcc6ffcb8fbafc53ef75a46b4e7724299c907f2d614ff98', '1a16cbc1a948313438d99f791130e1a691d60a648a2a79b0543a0e23e2d3e1d4', 'e79b241eb9dbcda10770a3445deca2cb88534e2d2bdce3daa4d619953a108c52', 'd4b7720702ba1ed9caff014f1c774232a1bd89df1ae4805c7a2c42ac55f23b0e', '1a05d30cb3b327f70522faf54607b966ae526960fe45a5d75a6f78303adb6a0f', 'b6555798cb5bd62414d207dae4f2d6eb7dc3022bbe23c69c064d0a05dac9b3fb', 'd6f296b7da666211dea086322bbe4b037f54680076578d44428733efb610d96b', '553e549b76f8cdfdd01d8d07ebe0bafa905346773e75a96d90c3d52ba3a4d7e2', '6dcbc4975d5cf222786080687aa6401f1cf9b337b58d372b9d86e1e4b9fb689a', '603edbafd6d10ade57548346cfc8a8f98f5c46d1187fcc3da616ae055424758d', '6fa4c52d63130eed2566a0b6458fc01fb252315742ade82a3126bf53290bbd64', '1c19afe3ec3520d793d0e7e0da6636661f1d36b4a0b85e1eec91ce1a80a23183', 'c09c35ba97932fb5ccb6aa3d84d4fd20562b8e7beb860c6674f8f124fa85303e', '8f65225d46217b5698411acb775f7ea33c10a303a2390167255608cdfaad48df', 'ad3e617c126374c9348a7519b15c44ee9e7894b47679083a77b8359cc752e7df', '0aa794ea64d7f026666fa7a52af09704da2d50be0cbd9e8fb7d8338d4eba08f7', '985790bdad7a770088b0e69fa5ae608dd82e64762d9efa274b1535f050cd5489', '5bd16f4f3a4c23c2ba0a862274743e2a30cbf14472ef8fc5fbe80314e2aa66fa', 'aed2a5660f2e06ecc9cb80f691fb65d5bcfd7c71d7bfc0183a5f1b5492f2f056', '99ff5f676052dad347ca68fa297e4cdc6bcbd4eeaa32a229cfcc1724f10ac806', '0f3781d15f3e9b56d7fed9ec74f0851f82e4de17427b06a08399987ee0195ebf']",1547783387819
507,5afa1190c639a5732e68ff16e4ba0d2f345597c2cce651195fc15fbc6cad044e,"[0.019466940313577652, -0.25110968947410583, 0.07115229964256287, 0.08386534452438354, 0.11822650581598282, 0.027013927698135376, 0.03270123526453972, -0.035488612949848175, 0.001302666962146759, -0.011576689779758453, 0.03847789764404297, 0.024189693853259087, -0.006537409499287605, -0.019645193591713905, -0.01552905235439539, -0.02645791694521904, 0.0006683268584311008, 0.014703554101288319, -0.0005125306779518723, -0.014210152439773083, 0.0014007193967700005, -0.009412494488060474, 0.007689134683459997, -0.02266918681561947, 0.025883663445711136, -0.03588798642158508, 0.006759472191333771, -0.0010103918612003326, 0.034537333995103836, 0.011642970144748688, -0.015956824645400047, 0.002298029139637947, -0.007877854630351067, 0.047513894736766815, -0.010012389160692692, -0.04095287621021271, -0.005516986362636089, -0.006602633744478226, 0.00621319655328989, 0.0012611637357622385, 0.024880345910787582, -0.006366053596138954, 0.025300946086645126, 0.0048933858051896095, -0.01862007938325405, 0.009237173944711685, 0.02101735956966877, 0.016786783933639526, 0.0007226748857647181, 0.015053774230182171]",,"['b380dacb0bd36d9c1da493951c3543ad1ea94b08c8474f7e96f356ce84f87c1a', '32f488e1dd9a4cc5cd784af32040696bd210621730531c52fdd6d72200659da6', 'd2623cec91540e81cd8dfa1fa4bd50f9c9ff7a10ecf58269ce0d0afd9a2bc856', '6ccd9747a223c041251bfbb2738ee6961b003b726cb3f1edd81fc36742b91d50', '658d89d979342b473bcc6ffcb8fbafc53ef75a46b4e7724299c907f2d614ff98', '1a16cbc1a948313438d99f791130e1a691d60a648a2a79b0543a0e23e2d3e1d4', 'e79b241eb9dbcda10770a3445deca2cb88534e2d2bdce3daa4d619953a108c52', 'd4b7720702ba1ed9caff014f1c774232a1bd89df1ae4805c7a2c42ac55f23b0e', '1a05d30cb3b327f70522faf54607b966ae526960fe45a5d75a6f78303adb6a0f', 'b6555798cb5bd62414d207dae4f2d6eb7dc3022bbe23c69c064d0a05dac9b3fb', 'd6f296b7da666211dea086322bbe4b037f54680076578d44428733efb610d96b', '553e549b76f8cdfdd01d8d07ebe0bafa905346773e75a96d90c3d52ba3a4d7e2', '6dcbc4975d5cf222786080687aa6401f1cf9b337b58d372b9d86e1e4b9fb689a', '603edbafd6d10ade57548346cfc8a8f98f5c46d1187fcc3da616ae055424758d', '6fa4c52d63130eed2566a0b6458fc01fb252315742ade82a3126bf53290bbd64', '1c19afe3ec3520d793d0e7e0da6636661f1d36b4a0b85e1eec91ce1a80a23183', 'c09c35ba97932fb5ccb6aa3d84d4fd20562b8e7beb860c6674f8f124fa85303e', '8f65225d46217b5698411acb775f7ea33c10a303a2390167255608cdfaad48df', 'ad3e617c126374c9348a7519b15c44ee9e7894b47679083a77b8359cc752e7df', '0aa794ea64d7f026666fa7a52af09704da2d50be0cbd9e8fb7d8338d4eba08f7', '985790bdad7a770088b0e69fa5ae608dd82e64762d9efa274b1535f050cd5489', '5bd16f4f3a4c23c2ba0a862274743e2a30cbf14472ef8fc5fbe80314e2aa66fa', 'aed2a5660f2e06ecc9cb80f691fb65d5bcfd7c71d7bfc0183a5f1b5492f2f056', '99ff5f676052dad347ca68fa297e4cdc6bcbd4eeaa32a229cfcc1724f10ac806', '0f3781d15f3e9b56d7fed9ec74f0851f82e4de17427b06a08399987ee0195ebf']",1547783387819
508,5afa1190c639a5732e68ff16e4ba0d2f345597c2cce651195fc15fbc6cad044e,"[0.019466940313577652, -0.25110968947410583, 0.07115229964256287, 0.08386534452438354, 0.11822650581598282, 0.027013927698135376, 0.03270123526453972, -0.035488612949848175, 0.001302666962146759, -0.011576689779758453, 0.03847789764404297, 0.024189693853259087, -0.006537409499287605, -0.019645193591713905, -0.01552905235439539, -0.02645791694521904, 0.0006683268584311008, 0.014703554101288319, -0.0005125306779518723, -0.014210152439773083, 0.0014007193967700005, -0.009412494488060474, 0.007689134683459997, -0.02266918681561947, 0.025883663445711136, -0.03588798642158508, 0.006759472191333771, -0.0010103918612003326, 0.034537333995103836, 0.011642970144748688, -0.015956824645400047, 0.002298029139637947, -0.007877854630351067, 0.047513894736766815, -0.010012389160692692, -0.04095287621021271, -0.005516986362636089, -0.006602633744478226, 0.00621319655328989, 0.0012611637357622385, 0.024880345910787582, -0.006366053596138954, 0.025300946086645126, 0.0048933858051896095, -0.01862007938325405, 0.009237173944711685, 0.02101735956966877, 0.016786783933639526, 0.0007226748857647181, 0.015053774230182171]",,"['b380dacb0bd36d9c1da493951c3543ad1ea94b08c8474f7e96f356ce84f87c1a', '32f488e1dd9a4cc5cd784af32040696bd210621730531c52fdd6d72200659da6', 'd2623cec91540e81cd8dfa1fa4bd50f9c9ff7a10ecf58269ce0d0afd9a2bc856', '6ccd9747a223c041251bfbb2738ee6961b003b726cb3f1edd81fc36742b91d50', '658d89d979342b473bcc6ffcb8fbafc53ef75a46b4e7724299c907f2d614ff98', '1a16cbc1a948313438d99f791130e1a691d60a648a2a79b0543a0e23e2d3e1d4', 'e79b241eb9dbcda10770a3445deca2cb88534e2d2bdce3daa4d619953a108c52', 'd4b7720702ba1ed9caff014f1c774232a1bd89df1ae4805c7a2c42ac55f23b0e', '1a05d30cb3b327f70522faf54607b966ae526960fe45a5d75a6f78303adb6a0f', 'b6555798cb5bd62414d207dae4f2d6eb7dc3022bbe23c69c064d0a05dac9b3fb', 'd6f296b7da666211dea086322bbe4b037f54680076578d44428733efb610d96b', '553e549b76f8cdfdd01d8d07ebe0bafa905346773e75a96d90c3d52ba3a4d7e2', '6dcbc4975d5cf222786080687aa6401f1cf9b337b58d372b9d86e1e4b9fb689a', '603edbafd6d10ade57548346cfc8a8f98f5c46d1187fcc3da616ae055424758d', '6fa4c52d63130eed2566a0b6458fc01fb252315742ade82a3126bf53290bbd64', '1c19afe3ec3520d793d0e7e0da6636661f1d36b4a0b85e1eec91ce1a80a23183', 'c09c35ba97932fb5ccb6aa3d84d4fd20562b8e7beb860c6674f8f124fa85303e', '8f65225d46217b5698411acb775f7ea33c10a303a2390167255608cdfaad48df', 'ad3e617c126374c9348a7519b15c44ee9e7894b47679083a77b8359cc752e7df', '0aa794ea64d7f026666fa7a52af09704da2d50be0cbd9e8fb7d8338d4eba08f7', '985790bdad7a770088b0e69fa5ae608dd82e64762d9efa274b1535f050cd5489', '5bd16f4f3a4c23c2ba0a862274743e2a30cbf14472ef8fc5fbe80314e2aa66fa', 'aed2a5660f2e06ecc9cb80f691fb65d5bcfd7c71d7bfc0183a5f1b5492f2f056', '99ff5f676052dad347ca68fa297e4cdc6bcbd4eeaa32a229cfcc1724f10ac806', '0f3781d15f3e9b56d7fed9ec74f0851f82e4de17427b06a08399987ee0195ebf']",1547783387819
509,5afa1190c639a5732e68ff16e4ba0d2f345597c2cce651195fc15fbc6cad044e,"[0.025848787277936935, -0.2400166392326355, 0.06667983531951904, 0.09333182871341705, 0.14108887314796448, 0.0210760235786438, 0.06746171414852142, -0.04653222858905792, -0.001921685878187418, 0.010641778819262981, 0.018319755792617798, -0.00457818154245615, 0.006051541306078434, -0.02535143494606018, -0.013712191954255104, -0.026374341920018196, -0.0019879378378391266, 0.0030602868646383286, 0.021464504301548004, 0.007333328016102314, 0.0035934126935899258, -0.011560991406440735, -0.0024621919728815556, -0.010237699374556541, 0.0032956148497760296, -0.024219751358032227, 0.015335336327552795, 0.009727259166538715, 0.014882387593388557, 0.010889990255236626, 0.00873110257089138, -0.0019658636301755905, -0.015562891960144043, 0.011328868567943573, -0.003802160732448101, -0.03216543421149254, 0.009404268115758896, 0.00888738315552473, 0.025496728718280792, -0.011198225431144238, 0.005013601388782263, 0.004555741790682077, -0.004896927624940872, -0.004056235775351524, -0.007055436260998249, 0.0006445962935686111, -0.006673850584775209, 0.03471684083342552, 0.00754255848005414, 0.005700806155800819]",,,1547783609351
510,5afa1190c639a5732e68ff16e4ba0d2f345597c2cce651195fc15fbc6cad044e,"[0.025848787277936935, -0.2400166392326355, 0.06667983531951904, 0.09333182871341705, 0.14108887314796448, 0.0210760235786438, 0.06746171414852142, -0.04653222858905792, -0.001921685878187418, 0.010641778819262981, 0.018319755792617798, -0.00457818154245615, 0.006051541306078434, -0.02535143494606018, -0.013712191954255104, -0.026374341920018196, -0.0019879378378391266, 0.0030602868646383286, 0.021464504301548004, 0.007333328016102314, 0.0035934126935899258, -0.011560991406440735, -0.0024621919728815556, -0.010237699374556541, 0.0032956148497760296, -0.024219751358032227, 0.015335336327552795, 0.009727259166538715, 0.014882387593388557, 0.010889990255236626, 0.00873110257089138, -0.0019658636301755905, -0.015562891960144043, 0.011328868567943573, -0.003802160732448101, -0.03216543421149254, 0.009404268115758896, 0.00888738315552473, 0.025496728718280792, -0.011198225431144238, 0.005013601388782263, 0.004555741790682077, -0.004896927624940872, -0.004056235775351524, -0.007055436260998249, 0.0006445962935686111, -0.006673850584775209, 0.03471684083342552, 0.00754255848005414, 0.005700806155800819]",,,1547783609351
511,5afa1190c639a5732e68ff16e4ba0d2f345597c2cce651195fc15fbc6cad044e,"[0.025848787277936935, -0.2400166392326355, 0.06667983531951904, 0.09333182871341705, 0.14108887314796448, 0.0210760235786438, 0.06746171414852142, -0.04653222858905792, -0.001921685878187418, 0.010641778819262981, 0.018319755792617798, -0.00457818154245615, 0.006051541306078434, -0.02535143494606018, -0.013712191954255104, -0.026374341920018196, -0.0019879378378391266, 0.0030602868646383286, 0.021464504301548004, 0.007333328016102314, 0.0035934126935899258, -0.011560991406440735, -0.0024621919728815556, -0.010237699374556541, 0.0032956148497760296, -0.024219751358032227, 0.015335336327552795, 0.009727259166538715, 0.014882387593388557, 0.010889990255236626, 0.00873110257089138, -0.0019658636301755905, -0.015562891960144043, 0.011328868567943573, -0.003802160732448101, -0.03216543421149254, 0.009404268115758896, 0.00888738315552473, 0.025496728718280792, -0.011198225431144238, 0.005013601388782263, 0.004555741790682077, -0.004896927624940872, -0.004056235775351524, -0.007055436260998249, 0.0006445962935686111, -0.006673850584775209, 0.03471684083342552, 0.00754255848005414, 0.005700806155800819]",,,1547783609351
512,5afa1190c639a5732e68ff16e4ba0d2f345597c2cce651195fc15fbc6cad044e,"[0.025848787277936935, -0.2400166392326355, 0.06667983531951904, 0.09333182871341705, 0.14108887314796448, 0.0210760235786438, 0.06746171414852142, -0.04653222858905792, -0.001921685878187418, 0.010641778819262981, 0.018319755792617798, -0.00457818154245615, 0.006051541306078434, -0.02535143494606018, -0.013712191954255104, -0.026374341920018196, -0.0019879378378391266, 0.0030602868646383286, 0.021464504301548004, 0.007333328016102314, 0.0035934126935899258, -0.011560991406440735, -0.0024621919728815556, -0.010237699374556541, 0.0032956148497760296, -0.024219751358032227, 0.015335336327552795, 0.009727259166538715, 0.014882387593388557, 0.010889990255236626, 0.00873110257089138, -0.0019658636301755905, -0.015562891960144043, 0.011328868567943573, -0.003802160732448101, -0.03216543421149254, 0.009404268115758896, 0.00888738315552473, 0.025496728718280792, -0.011198225431144238, 0.005013601388782263, 0.004555741790682077, -0.004896927624940872, -0.004056235775351524, -0.007055436260998249, 0.0006445962935686111, -0.006673850584775209, 0.03471684083342552, 0.00754255848005414, 0.005700806155800819]",,,1547783609351
513,5afa1190c639a5732e68ff16e4ba0d2f345597c2cce651195fc15fbc6cad044e,"[-0.12684516608715057, -0.09607747197151184, -0.004991385154426098, -0.07115797698497772, -0.0430297888815403, -0.0007879473268985748, -0.05100328475236893, -0.06780333071947098, -0.019184354692697525, 0.014381056651473045, 0.05657212436199188, -0.02313084714114666, -0.013138135895133018, -0.0013607684522867203, -0.02883431687951088, 0.010185363702476025, -0.00942368432879448, 0.0010433448478579521, -0.027010582387447357, -0.047318004071712494, 0.008207864128053188, -0.029079029336571693, -0.019008653238415718, -0.018532760441303253, 0.06029011309146881, -0.05907122790813446, 0.015396653674542904, 0.003500384511426091, -0.03726079687476158, 0.005200653336942196, -0.037613607943058014, 0.05198700726032257, 0.015758704394102097, 0.08435875177383423, -0.03576865792274475, -0.04838075861334801, -0.06095204874873161, -0.02057448774576187, 0.026310577988624573, 0.03985976055264473, 0.006814288906753063, -0.018561165779829025, -0.04461043328046799, -0.005682708695530891, -0.019253717735409737, 0.024467017501592636, 0.047408849000930786, -0.022879140451550484, -0.037467483431100845, 0.02122635394334793]",['a44cb0af7343feca97410119bfed1ddf07b912162774bc07bc3e1fadaa31c095'],"['1c19afe3ec3520d793d0e7e0da6636661f1d36b4a0b85e1eec91ce1a80a23183', 'c09c35ba97932fb5ccb6aa3d84d4fd20562b8e7beb860c6674f8f124fa85303e', 'a44cb0af7343feca97410119bfed1ddf07b912162774bc07bc3e1fadaa31c095', '37588e8c803bd91f65ab63f112a9cab172cc23d700fac6f5bb6474099ccf8c54', 'f6be59d239d6150137a0c2bcb8195be093dce4d8e77a38d457d058856d1a9433', '7d4f3ca92068ddf331bf448b394ec2739c2cd4fe394575255c28ab4459ee33f5', '07d9fdf840d1729856c33c19eb3e7e011c88a3b80563dedf6c8953f6013a6e92', '91ead95ddb59f78b1bb196db2f7eb0977be3b29d37e47d5a70041104c7a95d98', 'b43eb30fa1551fdf3080fcda224a2f989db45021186a099dd8b2d1f0344c6c12', '9350693261707c643ae6c4723748842b48ef60119d6a11284c31a85aa228f332', 'a9fcf3419630d1d0c47b3af7ccb6715e2caec579a8870d99fbb05a2055bc395f', 'c64991b59806317bac59af5272b4fdc6994d4cee2cdcbf7f328c9e8213c0f157', '709a923e6e476bc33366820e2c1c508644110991191e7c053cc4c48cdc172463', '9c386e8d77989f6884882acdaecd7ca51c708784ba0cc681c48bc8b4db77f71b', 'a6746aeb311a46904264c4bfd0e41fded0532d76b83f64bdbce79e01d9b435d4', '332a24a80452c564b40dcfb292ad0d07fa151dce24d7291d72e8855ecc71c095', 'b6d3820715d3ab6c041e5f7ba3cf29068f5014e4436a82740c6c36ff13395986', '393fe7465bce94625e581b244615a6fe62334efdf089bf78cd60196b74a8f47a', '62a96ed6a610db2522bfea2c3855af997595be432e1f6a823274d37f70822055', 'c584063e4c6693b431fc44eb49877f1bc4b5f4f41a8db6602134b5b9a71ff8e6', '0338470df17fe4ef054f7ca705df6bcba4f51492b6c9fa297f100ed165c899dc', 'fab14449efa4ac08269fd561aa875af2573b544698e30b5f5d3b94de34a11d5a', '9fffd9fe94f8ab35ef1052376a13a5e18d9c72197d2e3012c5d501fe16bb1a54', '94deea7f9022d5fc7adb84389bb7d7d14cc0f95c1f4a280cfc3aa067c93cddc1', 'f23be75e614f5b72fe0b52e830064bcf644a3a28ff79f3a54e7105561f659663']",1547783655561
514,5afa1190c639a5732e68ff16e4ba0d2f345597c2cce651195fc15fbc6cad044e,"[-0.12684516608715057, -0.09607747197151184, -0.004991385154426098, -0.07115797698497772, -0.0430297888815403, -0.0007879473268985748, -0.05100328475236893, -0.06780333071947098, -0.019184354692697525, 0.014381056651473045, 0.05657212436199188, -0.02313084714114666, -0.013138135895133018, -0.0013607684522867203, -0.02883431687951088, 0.010185363702476025, -0.00942368432879448, 0.0010433448478579521, -0.027010582387447357, -0.047318004071712494, 0.008207864128053188, -0.029079029336571693, -0.019008653238415718, -0.018532760441303253, 0.06029011309146881, -0.05907122790813446, 0.015396653674542904, 0.003500384511426091, -0.03726079687476158, 0.005200653336942196, -0.037613607943058014, 0.05198700726032257, 0.015758704394102097, 0.08435875177383423, -0.03576865792274475, -0.04838075861334801, -0.06095204874873161, -0.02057448774576187, 0.026310577988624573, 0.03985976055264473, 0.006814288906753063, -0.018561165779829025, -0.04461043328046799, -0.005682708695530891, -0.019253717735409737, 0.024467017501592636, 0.047408849000930786, -0.022879140451550484, -0.037467483431100845, 0.02122635394334793]",['a44cb0af7343feca97410119bfed1ddf07b912162774bc07bc3e1fadaa31c095'],"['1c19afe3ec3520d793d0e7e0da6636661f1d36b4a0b85e1eec91ce1a80a23183', 'c09c35ba97932fb5ccb6aa3d84d4fd20562b8e7beb860c6674f8f124fa85303e', 'a44cb0af7343feca97410119bfed1ddf07b912162774bc07bc3e1fadaa31c095', '37588e8c803bd91f65ab63f112a9cab172cc23d700fac6f5bb6474099ccf8c54', 'f6be59d239d6150137a0c2bcb8195be093dce4d8e77a38d457d058856d1a9433', '7d4f3ca92068ddf331bf448b394ec2739c2cd4fe394575255c28ab4459ee33f5', '07d9fdf840d1729856c33c19eb3e7e011c88a3b80563dedf6c8953f6013a6e92', '91ead95ddb59f78b1bb196db2f7eb0977be3b29d37e47d5a70041104c7a95d98', 'b43eb30fa1551fdf3080fcda224a2f989db45021186a099dd8b2d1f0344c6c12', '9350693261707c643ae6c4723748842b48ef60119d6a11284c31a85aa228f332', 'a9fcf3419630d1d0c47b3af7ccb6715e2caec579a8870d99fbb05a2055bc395f', 'c64991b59806317bac59af5272b4fdc6994d4cee2cdcbf7f328c9e8213c0f157', '709a923e6e476bc33366820e2c1c508644110991191e7c053cc4c48cdc172463', '9c386e8d77989f6884882acdaecd7ca51c708784ba0cc681c48bc8b4db77f71b', 'a6746aeb311a46904264c4bfd0e41fded0532d76b83f64bdbce79e01d9b435d4', '332a24a80452c564b40dcfb292ad0d07fa151dce24d7291d72e8855ecc71c095', 'b6d3820715d3ab6c041e5f7ba3cf29068f5014e4436a82740c6c36ff13395986', '393fe7465bce94625e581b244615a6fe62334efdf089bf78cd60196b74a8f47a', '62a96ed6a610db2522bfea2c3855af997595be432e1f6a823274d37f70822055', 'c584063e4c6693b431fc44eb49877f1bc4b5f4f41a8db6602134b5b9a71ff8e6', '0338470df17fe4ef054f7ca705df6bcba4f51492b6c9fa297f100ed165c899dc', 'fab14449efa4ac08269fd561aa875af2573b544698e30b5f5d3b94de34a11d5a', '9fffd9fe94f8ab35ef1052376a13a5e18d9c72197d2e3012c5d501fe16bb1a54', '94deea7f9022d5fc7adb84389bb7d7d14cc0f95c1f4a280cfc3aa067c93cddc1', 'f23be75e614f5b72fe0b52e830064bcf644a3a28ff79f3a54e7105561f659663']",1547783655561
515,5afa1190c639a5732e68ff16e4ba0d2f345597c2cce651195fc15fbc6cad044e,"[-0.12684516608715057, -0.09607747197151184, -0.004991385154426098, -0.07115797698497772, -0.0430297888815403, -0.0007879473268985748, -0.05100328475236893, -0.06780333071947098, -0.019184354692697525, 0.014381056651473045, 0.05657212436199188, -0.02313084714114666, -0.013138135895133018, -0.0013607684522867203, -0.02883431687951088, 0.010185363702476025, -0.00942368432879448, 0.0010433448478579521, -0.027010582387447357, -0.047318004071712494, 0.008207864128053188, -0.029079029336571693, -0.019008653238415718, -0.018532760441303253, 0.06029011309146881, -0.05907122790813446, 0.015396653674542904, 0.003500384511426091, -0.03726079687476158, 0.005200653336942196, -0.037613607943058014, 0.05198700726032257, 0.015758704394102097, 0.08435875177383423, -0.03576865792274475, -0.04838075861334801, -0.06095204874873161, -0.02057448774576187, 0.026310577988624573, 0.03985976055264473, 0.006814288906753063, -0.018561165779829025, -0.04461043328046799, -0.005682708695530891, -0.019253717735409737, 0.024467017501592636, 0.047408849000930786, -0.022879140451550484, -0.037467483431100845, 0.02122635394334793]",['a44cb0af7343feca97410119bfed1ddf07b912162774bc07bc3e1fadaa31c095'],"['1c19afe3ec3520d793d0e7e0da6636661f1d36b4a0b85e1eec91ce1a80a23183', 'c09c35ba97932fb5ccb6aa3d84d4fd20562b8e7beb860c6674f8f124fa85303e', 'a44cb0af7343feca97410119bfed1ddf07b912162774bc07bc3e1fadaa31c095', '37588e8c803bd91f65ab63f112a9cab172cc23d700fac6f5bb6474099ccf8c54', 'f6be59d239d6150137a0c2bcb8195be093dce4d8e77a38d457d058856d1a9433', '7d4f3ca92068ddf331bf448b394ec2739c2cd4fe394575255c28ab4459ee33f5', '07d9fdf840d1729856c33c19eb3e7e011c88a3b80563dedf6c8953f6013a6e92', '91ead95ddb59f78b1bb196db2f7eb0977be3b29d37e47d5a70041104c7a95d98', 'b43eb30fa1551fdf3080fcda224a2f989db45021186a099dd8b2d1f0344c6c12', '9350693261707c643ae6c4723748842b48ef60119d6a11284c31a85aa228f332', 'a9fcf3419630d1d0c47b3af7ccb6715e2caec579a8870d99fbb05a2055bc395f', 'c64991b59806317bac59af5272b4fdc6994d4cee2cdcbf7f328c9e8213c0f157', '709a923e6e476bc33366820e2c1c508644110991191e7c053cc4c48cdc172463', '9c386e8d77989f6884882acdaecd7ca51c708784ba0cc681c48bc8b4db77f71b', 'a6746aeb311a46904264c4bfd0e41fded0532d76b83f64bdbce79e01d9b435d4', '332a24a80452c564b40dcfb292ad0d07fa151dce24d7291d72e8855ecc71c095', 'b6d3820715d3ab6c041e5f7ba3cf29068f5014e4436a82740c6c36ff13395986', '393fe7465bce94625e581b244615a6fe62334efdf089bf78cd60196b74a8f47a', '62a96ed6a610db2522bfea2c3855af997595be432e1f6a823274d37f70822055', 'c584063e4c6693b431fc44eb49877f1bc4b5f4f41a8db6602134b5b9a71ff8e6', '0338470df17fe4ef054f7ca705df6bcba4f51492b6c9fa297f100ed165c899dc', 'fab14449efa4ac08269fd561aa875af2573b544698e30b5f5d3b94de34a11d5a', '9fffd9fe94f8ab35ef1052376a13a5e18d9c72197d2e3012c5d501fe16bb1a54', '94deea7f9022d5fc7adb84389bb7d7d14cc0f95c1f4a280cfc3aa067c93cddc1', 'f23be75e614f5b72fe0b52e830064bcf644a3a28ff79f3a54e7105561f659663']",1547783655561
516,5afa1190c639a5732e68ff16e4ba0d2f345597c2cce651195fc15fbc6cad044e,"[-0.12684516608715057, -0.09607747197151184, -0.004991385154426098, -0.07115797698497772, -0.0430297888815403, -0.0007879473268985748, -0.05100328475236893, -0.06780333071947098, -0.019184354692697525, 0.014381056651473045, 0.05657212436199188, -0.02313084714114666, -0.013138135895133018, -0.0013607684522867203, -0.02883431687951088, 0.010185363702476025, -0.00942368432879448, 0.0010433448478579521, -0.027010582387447357, -0.047318004071712494, 0.008207864128053188, -0.029079029336571693, -0.019008653238415718, -0.018532760441303253, 0.06029011309146881, -0.05907122790813446, 0.015396653674542904, 0.003500384511426091, -0.03726079687476158, 0.005200653336942196, -0.037613607943058014, 0.05198700726032257, 0.015758704394102097, 0.08435875177383423, -0.03576865792274475, -0.04838075861334801, -0.06095204874873161, -0.02057448774576187, 0.026310577988624573, 0.03985976055264473, 0.006814288906753063, -0.018561165779829025, -0.04461043328046799, -0.005682708695530891, -0.019253717735409737, 0.024467017501592636, 0.047408849000930786, -0.022879140451550484, -0.037467483431100845, 0.02122635394334793]",['a44cb0af7343feca97410119bfed1ddf07b912162774bc07bc3e1fadaa31c095'],"['1c19afe3ec3520d793d0e7e0da6636661f1d36b4a0b85e1eec91ce1a80a23183', 'c09c35ba97932fb5ccb6aa3d84d4fd20562b8e7beb860c6674f8f124fa85303e', 'a44cb0af7343feca97410119bfed1ddf07b912162774bc07bc3e1fadaa31c095', '37588e8c803bd91f65ab63f112a9cab172cc23d700fac6f5bb6474099ccf8c54', 'f6be59d239d6150137a0c2bcb8195be093dce4d8e77a38d457d058856d1a9433', '7d4f3ca92068ddf331bf448b394ec2739c2cd4fe394575255c28ab4459ee33f5', '07d9fdf840d1729856c33c19eb3e7e011c88a3b80563dedf6c8953f6013a6e92', '91ead95ddb59f78b1bb196db2f7eb0977be3b29d37e47d5a70041104c7a95d98', 'b43eb30fa1551fdf3080fcda224a2f989db45021186a099dd8b2d1f0344c6c12', '9350693261707c643ae6c4723748842b48ef60119d6a11284c31a85aa228f332', 'a9fcf3419630d1d0c47b3af7ccb6715e2caec579a8870d99fbb05a2055bc395f', 'c64991b59806317bac59af5272b4fdc6994d4cee2cdcbf7f328c9e8213c0f157', '709a923e6e476bc33366820e2c1c508644110991191e7c053cc4c48cdc172463', '9c386e8d77989f6884882acdaecd7ca51c708784ba0cc681c48bc8b4db77f71b', 'a6746aeb311a46904264c4bfd0e41fded0532d76b83f64bdbce79e01d9b435d4', '332a24a80452c564b40dcfb292ad0d07fa151dce24d7291d72e8855ecc71c095', 'b6d3820715d3ab6c041e5f7ba3cf29068f5014e4436a82740c6c36ff13395986', '393fe7465bce94625e581b244615a6fe62334efdf089bf78cd60196b74a8f47a', '62a96ed6a610db2522bfea2c3855af997595be432e1f6a823274d37f70822055', 'c584063e4c6693b431fc44eb49877f1bc4b5f4f41a8db6602134b5b9a71ff8e6', '0338470df17fe4ef054f7ca705df6bcba4f51492b6c9fa297f100ed165c899dc', 'fab14449efa4ac08269fd561aa875af2573b544698e30b5f5d3b94de34a11d5a', '9fffd9fe94f8ab35ef1052376a13a5e18d9c72197d2e3012c5d501fe16bb1a54', '94deea7f9022d5fc7adb84389bb7d7d14cc0f95c1f4a280cfc3aa067c93cddc1', 'f23be75e614f5b72fe0b52e830064bcf644a3a28ff79f3a54e7105561f659663']",1547783655561
517,5afa1190c639a5732e68ff16e4ba0d2f345597c2cce651195fc15fbc6cad044e,"[-0.13456888496875763, -0.1226767748594284, 0.11529118567705154, -0.03979950770735741, 0.04514641687273979, -0.12366090714931488, 0.006701653357595205, -0.06275644898414612, 0.2696838974952698, -0.09617561101913452, -0.08415497839450836, 0.035183802247047424, -0.0018460191786289215, 0.014087710529565811, 0.09215959161520004, -0.008138509467244148, -0.03358270227909088, -0.021028848364949226, -0.07722146809101105, 0.025080598890781403, 0.09383921325206757, 0.002529869554564357, 0.03132599592208862, 0.042050085961818695, -0.03377863019704819, -0.06346504390239716, -0.0077144489623606205, 0.013224024325609207, -0.0005221519386395812, -0.027388907968997955, 0.015189094468951225, -0.011792398989200592, -0.011306834407150745, 0.00260820216499269, 0.030298233032226562, -0.02293461561203003, 0.009201755747199059, 0.02720026671886444, 0.012269808910787106, 0.011564512737095356, -0.008655598387122154, 0.03754638880491257, -0.011612264439463615, 0.022570176050066948, -0.04399803280830383, -0.03400681912899017, -0.03082329034805298, 0.027894364669919014, -0.005352828651666641, -0.005839337594807148]",,"['c02c886c9ed5b1090854e8c950a5ded540bbb5ae6578efeb5ddbcbbc27cb4355', '6a19fc665a641c97297c66652a0b10938d829e0ebca9a9bf78ec8655c03da3c4', '8ffe8b07e58f802fef5e7ac5e9a6d4e0960d82a6126114969f21c34df29fd656', '81225cc12e46044b418aad8c31decbf7bb684713921e0cb3b452652eff6b0155', '00405a5c5a1d6b40ed2963d4785a048e8832763bd0026ca63a56ed861611ab00', '45d53aeab9405544e718224310782c670efcc72f7fbc1225eb8235630eed5719', '908bcfd9542249e6fe1ee84ebd8cf0a2c91ff4b0ae80d66527143e88b43cff54', 'd666c478d6861058a991eb110a65f95dba7f8efe334aa3c72280c025cd7bf2ba', '808dff2cfa23350584db68c1fcc19ea0fb219584de67a314d8c8342d87cdea13', 'aa36a0c66c9f0d3d1c0bdfb1b1c48296db58b2fbfb939ec8603ab167307ac891', 'bd5930fc110d1707d0b3c45c7ac06fbc2408decae2caa477aa25b304a72abea6', 'b8cc593936ca5d79507f9f82ffb5d08f83eb40799e0c65e79c539b33b100eaeb', '41ca4b4a27cb31de527394bed72ef6baf618959d3fb64cc8481e8759fb5760d9', '08572c2ffb8d33aba4b95d9ae715a664de344b945a0e843c6c7dacb42162f6e2', '2602a6a3fddc00d0d30d94f2b0625b0c2d8cbec4161b809a834345a920cdc3cf', '00af9fbfb250e51597f245398ddfbaad44ed9740d64937296b0b37ac32d3471b', 'e03540db60204adcf19253f8745d50f3cdee2662f34d6883bf35483f1ead8bd1', '88a5f0eae428c9951aa98603120f10ed41cdbe53e03e660f58ed815789b62ebc', '1e058b2bc91e64eef9b47ec937e607a0adb7cd6e2755459845e870bc5e18d614', '48f57aa46b9acc355c3de01287010e0d0c2e877866c823998941f90804098d26', '9803040d5fcca4c67e27d5da52d97390e7e86fe386d51530d92c0f43e96dba61', '05f3c94e9b195ab677f88b67ec679155cccc7a977dcd20fe90ec171ff5f7b305', '036d3f61c81806c506d46c0485fb6f103253a78cf3fb0cc4f54f17111f39978b', 'a7463ac126929e3945b3689653f120ade4f218fce865f714086a9c44b4f339c9', '6ffb756c2c7c15f7c22fd89902ad79f4467696233f35df51a68b65de454309d9']",1547784065725
518,5afa1190c639a5732e68ff16e4ba0d2f345597c2cce651195fc15fbc6cad044e,"[-0.13456888496875763, -0.1226767748594284, 0.11529118567705154, -0.03979950770735741, 0.04514641687273979, -0.12366090714931488, 0.006701653357595205, -0.06275644898414612, 0.2696838974952698, -0.09617561101913452, -0.08415497839450836, 0.035183802247047424, -0.0018460191786289215, 0.014087710529565811, 0.09215959161520004, -0.008138509467244148, -0.03358270227909088, -0.021028848364949226, -0.07722146809101105, 0.025080598890781403, 0.09383921325206757, 0.002529869554564357, 0.03132599592208862, 0.042050085961818695, -0.03377863019704819, -0.06346504390239716, -0.0077144489623606205, 0.013224024325609207, -0.0005221519386395812, -0.027388907968997955, 0.015189094468951225, -0.011792398989200592, -0.011306834407150745, 0.00260820216499269, 0.030298233032226562, -0.02293461561203003, 0.009201755747199059, 0.02720026671886444, 0.012269808910787106, 0.011564512737095356, -0.008655598387122154, 0.03754638880491257, -0.011612264439463615, 0.022570176050066948, -0.04399803280830383, -0.03400681912899017, -0.03082329034805298, 0.027894364669919014, -0.005352828651666641, -0.005839337594807148]",,"['c02c886c9ed5b1090854e8c950a5ded540bbb5ae6578efeb5ddbcbbc27cb4355', '6a19fc665a641c97297c66652a0b10938d829e0ebca9a9bf78ec8655c03da3c4', '8ffe8b07e58f802fef5e7ac5e9a6d4e0960d82a6126114969f21c34df29fd656', '81225cc12e46044b418aad8c31decbf7bb684713921e0cb3b452652eff6b0155', '00405a5c5a1d6b40ed2963d4785a048e8832763bd0026ca63a56ed861611ab00', '45d53aeab9405544e718224310782c670efcc72f7fbc1225eb8235630eed5719', '908bcfd9542249e6fe1ee84ebd8cf0a2c91ff4b0ae80d66527143e88b43cff54', 'd666c478d6861058a991eb110a65f95dba7f8efe334aa3c72280c025cd7bf2ba', '808dff2cfa23350584db68c1fcc19ea0fb219584de67a314d8c8342d87cdea13', 'aa36a0c66c9f0d3d1c0bdfb1b1c48296db58b2fbfb939ec8603ab167307ac891', 'bd5930fc110d1707d0b3c45c7ac06fbc2408decae2caa477aa25b304a72abea6', 'b8cc593936ca5d79507f9f82ffb5d08f83eb40799e0c65e79c539b33b100eaeb', '41ca4b4a27cb31de527394bed72ef6baf618959d3fb64cc8481e8759fb5760d9', '08572c2ffb8d33aba4b95d9ae715a664de344b945a0e843c6c7dacb42162f6e2', '2602a6a3fddc00d0d30d94f2b0625b0c2d8cbec4161b809a834345a920cdc3cf', '00af9fbfb250e51597f245398ddfbaad44ed9740d64937296b0b37ac32d3471b', 'e03540db60204adcf19253f8745d50f3cdee2662f34d6883bf35483f1ead8bd1', '88a5f0eae428c9951aa98603120f10ed41cdbe53e03e660f58ed815789b62ebc', '1e058b2bc91e64eef9b47ec937e607a0adb7cd6e2755459845e870bc5e18d614', '48f57aa46b9acc355c3de01287010e0d0c2e877866c823998941f90804098d26', '9803040d5fcca4c67e27d5da52d97390e7e86fe386d51530d92c0f43e96dba61', '05f3c94e9b195ab677f88b67ec679155cccc7a977dcd20fe90ec171ff5f7b305', '036d3f61c81806c506d46c0485fb6f103253a78cf3fb0cc4f54f17111f39978b', 'a7463ac126929e3945b3689653f120ade4f218fce865f714086a9c44b4f339c9', '6ffb756c2c7c15f7c22fd89902ad79f4467696233f35df51a68b65de454309d9']",1547784065725
519,5afa1190c639a5732e68ff16e4ba0d2f345597c2cce651195fc15fbc6cad044e,"[-0.13456888496875763, -0.1226767748594284, 0.11529118567705154, -0.03979950770735741, 0.04514641687273979, -0.12366090714931488, 0.006701653357595205, -0.06275644898414612, 0.2696838974952698, -0.09617561101913452, -0.08415497839450836, 0.035183802247047424, -0.0018460191786289215, 0.014087710529565811, 0.09215959161520004, -0.008138509467244148, -0.03358270227909088, -0.021028848364949226, -0.07722146809101105, 0.025080598890781403, 0.09383921325206757, 0.002529869554564357, 0.03132599592208862, 0.042050085961818695, -0.03377863019704819, -0.06346504390239716, -0.0077144489623606205, 0.013224024325609207, -0.0005221519386395812, -0.027388907968997955, 0.015189094468951225, -0.011792398989200592, -0.011306834407150745, 0.00260820216499269, 0.030298233032226562, -0.02293461561203003, 0.009201755747199059, 0.02720026671886444, 0.012269808910787106, 0.011564512737095356, -0.008655598387122154, 0.03754638880491257, -0.011612264439463615, 0.022570176050066948, -0.04399803280830383, -0.03400681912899017, -0.03082329034805298, 0.027894364669919014, -0.005352828651666641, -0.005839337594807148]",,"['c02c886c9ed5b1090854e8c950a5ded540bbb5ae6578efeb5ddbcbbc27cb4355', '6a19fc665a641c97297c66652a0b10938d829e0ebca9a9bf78ec8655c03da3c4', '8ffe8b07e58f802fef5e7ac5e9a6d4e0960d82a6126114969f21c34df29fd656', '81225cc12e46044b418aad8c31decbf7bb684713921e0cb3b452652eff6b0155', '00405a5c5a1d6b40ed2963d4785a048e8832763bd0026ca63a56ed861611ab00', '45d53aeab9405544e718224310782c670efcc72f7fbc1225eb8235630eed5719', '908bcfd9542249e6fe1ee84ebd8cf0a2c91ff4b0ae80d66527143e88b43cff54', 'd666c478d6861058a991eb110a65f95dba7f8efe334aa3c72280c025cd7bf2ba', '808dff2cfa23350584db68c1fcc19ea0fb219584de67a314d8c8342d87cdea13', 'aa36a0c66c9f0d3d1c0bdfb1b1c48296db58b2fbfb939ec8603ab167307ac891', 'bd5930fc110d1707d0b3c45c7ac06fbc2408decae2caa477aa25b304a72abea6', 'b8cc593936ca5d79507f9f82ffb5d08f83eb40799e0c65e79c539b33b100eaeb', '41ca4b4a27cb31de527394bed72ef6baf618959d3fb64cc8481e8759fb5760d9', '08572c2ffb8d33aba4b95d9ae715a664de344b945a0e843c6c7dacb42162f6e2', '2602a6a3fddc00d0d30d94f2b0625b0c2d8cbec4161b809a834345a920cdc3cf', '00af9fbfb250e51597f245398ddfbaad44ed9740d64937296b0b37ac32d3471b', 'e03540db60204adcf19253f8745d50f3cdee2662f34d6883bf35483f1ead8bd1', '88a5f0eae428c9951aa98603120f10ed41cdbe53e03e660f58ed815789b62ebc', '1e058b2bc91e64eef9b47ec937e607a0adb7cd6e2755459845e870bc5e18d614', '48f57aa46b9acc355c3de01287010e0d0c2e877866c823998941f90804098d26', '9803040d5fcca4c67e27d5da52d97390e7e86fe386d51530d92c0f43e96dba61', '05f3c94e9b195ab677f88b67ec679155cccc7a977dcd20fe90ec171ff5f7b305', '036d3f61c81806c506d46c0485fb6f103253a78cf3fb0cc4f54f17111f39978b', 'a7463ac126929e3945b3689653f120ade4f218fce865f714086a9c44b4f339c9', '6ffb756c2c7c15f7c22fd89902ad79f4467696233f35df51a68b65de454309d9']",1547784065725
520,5afa1190c639a5732e68ff16e4ba0d2f345597c2cce651195fc15fbc6cad044e,"[-0.13456888496875763, -0.1226767748594284, 0.11529118567705154, -0.03979950770735741, 0.04514641687273979, -0.12366090714931488, 0.006701653357595205, -0.06275644898414612, 0.2696838974952698, -0.09617561101913452, -0.08415497839450836, 0.035183802247047424, -0.0018460191786289215, 0.014087710529565811, 0.09215959161520004, -0.008138509467244148, -0.03358270227909088, -0.021028848364949226, -0.07722146809101105, 0.025080598890781403, 0.09383921325206757, 0.002529869554564357, 0.03132599592208862, 0.042050085961818695, -0.03377863019704819, -0.06346504390239716, -0.0077144489623606205, 0.013224024325609207, -0.0005221519386395812, -0.027388907968997955, 0.015189094468951225, -0.011792398989200592, -0.011306834407150745, 0.00260820216499269, 0.030298233032226562, -0.02293461561203003, 0.009201755747199059, 0.02720026671886444, 0.012269808910787106, 0.011564512737095356, -0.008655598387122154, 0.03754638880491257, -0.011612264439463615, 0.022570176050066948, -0.04399803280830383, -0.03400681912899017, -0.03082329034805298, 0.027894364669919014, -0.005352828651666641, -0.005839337594807148]",,"['c02c886c9ed5b1090854e8c950a5ded540bbb5ae6578efeb5ddbcbbc27cb4355', '6a19fc665a641c97297c66652a0b10938d829e0ebca9a9bf78ec8655c03da3c4', '8ffe8b07e58f802fef5e7ac5e9a6d4e0960d82a6126114969f21c34df29fd656', '81225cc12e46044b418aad8c31decbf7bb684713921e0cb3b452652eff6b0155', '00405a5c5a1d6b40ed2963d4785a048e8832763bd0026ca63a56ed861611ab00', '45d53aeab9405544e718224310782c670efcc72f7fbc1225eb8235630eed5719', '908bcfd9542249e6fe1ee84ebd8cf0a2c91ff4b0ae80d66527143e88b43cff54', 'd666c478d6861058a991eb110a65f95dba7f8efe334aa3c72280c025cd7bf2ba', '808dff2cfa23350584db68c1fcc19ea0fb219584de67a314d8c8342d87cdea13', 'aa36a0c66c9f0d3d1c0bdfb1b1c48296db58b2fbfb939ec8603ab167307ac891', 'bd5930fc110d1707d0b3c45c7ac06fbc2408decae2caa477aa25b304a72abea6', 'b8cc593936ca5d79507f9f82ffb5d08f83eb40799e0c65e79c539b33b100eaeb', '41ca4b4a27cb31de527394bed72ef6baf618959d3fb64cc8481e8759fb5760d9', '08572c2ffb8d33aba4b95d9ae715a664de344b945a0e843c6c7dacb42162f6e2', '2602a6a3fddc00d0d30d94f2b0625b0c2d8cbec4161b809a834345a920cdc3cf', '00af9fbfb250e51597f245398ddfbaad44ed9740d64937296b0b37ac32d3471b', 'e03540db60204adcf19253f8745d50f3cdee2662f34d6883bf35483f1ead8bd1', '88a5f0eae428c9951aa98603120f10ed41cdbe53e03e660f58ed815789b62ebc', '1e058b2bc91e64eef9b47ec937e607a0adb7cd6e2755459845e870bc5e18d614', '48f57aa46b9acc355c3de01287010e0d0c2e877866c823998941f90804098d26', '9803040d5fcca4c67e27d5da52d97390e7e86fe386d51530d92c0f43e96dba61', '05f3c94e9b195ab677f88b67ec679155cccc7a977dcd20fe90ec171ff5f7b305', '036d3f61c81806c506d46c0485fb6f103253a78cf3fb0cc4f54f17111f39978b', 'a7463ac126929e3945b3689653f120ade4f218fce865f714086a9c44b4f339c9', '6ffb756c2c7c15f7c22fd89902ad79f4467696233f35df51a68b65de454309d9']",1547784065725
521,5afa1190c639a5732e68ff16e4ba0d2f345597c2cce651195fc15fbc6cad044e,"[0.05738896131515503, -0.37825313210487366, 0.14684100449085236, 0.10480037331581116, 0.09684935212135315, 0.019293567165732384, 0.02397630736231804, -0.08953988552093506, -0.030514884740114212, 0.10050541162490845, -0.07848292589187622, 0.11247976869344711, 0.04319194704294205, 0.009023132734000683, -0.0652754157781601, -0.014997228048741817, -0.011296086944639683, -0.02352268621325493, 0.05338980257511139, 0.01889587938785553, -0.025717614218592644, -0.019583605229854584, 0.034983351826667786, 0.007032168097794056, 0.05305294692516327, -0.010086753405630589, 0.07984653115272522, -0.08607418835163116, 0.03389481082558632, -0.025466255843639374, -0.0005689370445907116, 0.06033145636320114, -0.0024069808423519135, 0.022395707666873932, 0.05846647545695305, 0.029098253697156906, 0.012471647001802921, 0.011210888624191284, 0.012558342888951302, -0.03596023470163345, -0.0042771147564053535, -0.011014541611075401, -0.0008704931242391467, 0.009921438992023468, -0.006812956649810076, 0.027998395264148712, 0.007942670956254005, 0.04496535658836365, -0.009832203388214111, -0.006705905310809612]",,"['621c23913dce7b0c98fc2d197747341b9b4b3cf2a64f91a238e32f781b9765ef', 'f89696660768d0bffb0d9db678b116d019391887feb77988d0cdafb1d096eb27', '062d812cad4ea0684a3eff0929162712307160d4fe21c1d7c2e0a961677482bd', 'd01ad98ae900d6ea5b4e762c32ade26d134255bba49995769135e181046d66d3', '95abcb55393b03f5d4e8f248d871e191fcd8328a1ff2e550550f28213d21d95b', 'a2bcbca6cd76af1de746e2cf644d6f49bffd2bba7e4cefc58685075ccd3b2708', '970c7db9f6489bc9b75805438ef364502d7c975ddb27f431bda1dfbe060a5081', 'ef050d1d0eb1782723ebe3b0b7a7c4d6abfe8e6e0999a4f5406f197f255f996b', 'd00ee88d76b77acfe376b4f6dc9b8702bcfb9e16afba8e1117442784f26b2e3b', 'e9023cbaa237763b09a3a0f39593a983916c4d8bd7896005c3c309af8778e7e9', '68beb4470144a0b747db8e49d5eab823c1a2fee3d15c4716affb8b5acf6a3499', 'a3e25b39e8fa3937bf26b86fc4f7e889d40db0120c71e1639d62d1e030ef3b22', 'f0b17217f74e3c3363b9019bcda84ede254e0d2ea5b75ff05b20f11f93c7e6d4', '1d79c1e596aa62b9335738d689248afed3fb44a3ebc14cc95f59cd6d137ac62d', '8aa63ed439d49ae707d85135ba834441a6168d4175e512ca2de58b17c818befa', '6c3f2010a4428f95ae0d83a316e4357183a4109d2c421c1621438683d3a2c18b', '64dc2f3f4ce001924ee4668d9f71fc1ced24553e7b4d32716eec4f76ac80dc89', 'e29987d2a3644a7f56fc9460e22f38722c41c53c33b495b935314b4c2409c50c', '8f274a2a25fc1dca100672749e8d1b3c416e17636e12c6520dc190817d75402f', '67a5354e38b7a64e0b13597d98aa920aae19cc629fbebc21d7d471d52a7c8002', 'f918c24d5a2798579a7f48361437d3c5e569986adc842bce8d92f6d5f8766493', '53dbb191c1687cebd38f806f8184ec76f6f8859ca688b5b430e4b3775957d3ab', '212b49891a26549e6f24cbe1a0e79f123d8e70f645ae05ff636a940b0bf34117', 'bca1d9fad23c04bb12a15273e83ebb4fd06a9fab8cb3b04bba6b39864dfe0b3f', 'cca4c41f3a26db48ccf52893c20fb654c084ce2e02a1111d6bb1f362c5392a61']",1547784213389
522,5afa1190c639a5732e68ff16e4ba0d2f345597c2cce651195fc15fbc6cad044e,"[0.05738896131515503, -0.37825313210487366, 0.14684100449085236, 0.10480037331581116, 0.09684935212135315, 0.019293567165732384, 0.02397630736231804, -0.08953988552093506, -0.030514884740114212, 0.10050541162490845, -0.07848292589187622, 0.11247976869344711, 0.04319194704294205, 0.009023132734000683, -0.0652754157781601, -0.014997228048741817, -0.011296086944639683, -0.02352268621325493, 0.05338980257511139, 0.01889587938785553, -0.025717614218592644, -0.019583605229854584, 0.034983351826667786, 0.007032168097794056, 0.05305294692516327, -0.010086753405630589, 0.07984653115272522, -0.08607418835163116, 0.03389481082558632, -0.025466255843639374, -0.0005689370445907116, 0.06033145636320114, -0.0024069808423519135, 0.022395707666873932, 0.05846647545695305, 0.029098253697156906, 0.012471647001802921, 0.011210888624191284, 0.012558342888951302, -0.03596023470163345, -0.0042771147564053535, -0.011014541611075401, -0.0008704931242391467, 0.009921438992023468, -0.006812956649810076, 0.027998395264148712, 0.007942670956254005, 0.04496535658836365, -0.009832203388214111, -0.006705905310809612]",,"['621c23913dce7b0c98fc2d197747341b9b4b3cf2a64f91a238e32f781b9765ef', 'f89696660768d0bffb0d9db678b116d019391887feb77988d0cdafb1d096eb27', '062d812cad4ea0684a3eff0929162712307160d4fe21c1d7c2e0a961677482bd', 'd01ad98ae900d6ea5b4e762c32ade26d134255bba49995769135e181046d66d3', '95abcb55393b03f5d4e8f248d871e191fcd8328a1ff2e550550f28213d21d95b', 'a2bcbca6cd76af1de746e2cf644d6f49bffd2bba7e4cefc58685075ccd3b2708', '970c7db9f6489bc9b75805438ef364502d7c975ddb27f431bda1dfbe060a5081', 'ef050d1d0eb1782723ebe3b0b7a7c4d6abfe8e6e0999a4f5406f197f255f996b', 'd00ee88d76b77acfe376b4f6dc9b8702bcfb9e16afba8e1117442784f26b2e3b', 'e9023cbaa237763b09a3a0f39593a983916c4d8bd7896005c3c309af8778e7e9', '68beb4470144a0b747db8e49d5eab823c1a2fee3d15c4716affb8b5acf6a3499', 'a3e25b39e8fa3937bf26b86fc4f7e889d40db0120c71e1639d62d1e030ef3b22', 'f0b17217f74e3c3363b9019bcda84ede254e0d2ea5b75ff05b20f11f93c7e6d4', '1d79c1e596aa62b9335738d689248afed3fb44a3ebc14cc95f59cd6d137ac62d', '8aa63ed439d49ae707d85135ba834441a6168d4175e512ca2de58b17c818befa', '6c3f2010a4428f95ae0d83a316e4357183a4109d2c421c1621438683d3a2c18b', '64dc2f3f4ce001924ee4668d9f71fc1ced24553e7b4d32716eec4f76ac80dc89', 'e29987d2a3644a7f56fc9460e22f38722c41c53c33b495b935314b4c2409c50c', '8f274a2a25fc1dca100672749e8d1b3c416e17636e12c6520dc190817d75402f', '67a5354e38b7a64e0b13597d98aa920aae19cc629fbebc21d7d471d52a7c8002', 'f918c24d5a2798579a7f48361437d3c5e569986adc842bce8d92f6d5f8766493', '53dbb191c1687cebd38f806f8184ec76f6f8859ca688b5b430e4b3775957d3ab', '212b49891a26549e6f24cbe1a0e79f123d8e70f645ae05ff636a940b0bf34117', 'bca1d9fad23c04bb12a15273e83ebb4fd06a9fab8cb3b04bba6b39864dfe0b3f', 'cca4c41f3a26db48ccf52893c20fb654c084ce2e02a1111d6bb1f362c5392a61']",1547784213389
523,5afa1190c639a5732e68ff16e4ba0d2f345597c2cce651195fc15fbc6cad044e,"[0.05738896131515503, -0.37825313210487366, 0.14684100449085236, 0.10480037331581116, 0.09684935212135315, 0.019293567165732384, 0.02397630736231804, -0.08953988552093506, -0.030514884740114212, 0.10050541162490845, -0.07848292589187622, 0.11247976869344711, 0.04319194704294205, 0.009023132734000683, -0.0652754157781601, -0.014997228048741817, -0.011296086944639683, -0.02352268621325493, 0.05338980257511139, 0.01889587938785553, -0.025717614218592644, -0.019583605229854584, 0.034983351826667786, 0.007032168097794056, 0.05305294692516327, -0.010086753405630589, 0.07984653115272522, -0.08607418835163116, 0.03389481082558632, -0.025466255843639374, -0.0005689370445907116, 0.06033145636320114, -0.0024069808423519135, 0.022395707666873932, 0.05846647545695305, 0.029098253697156906, 0.012471647001802921, 0.011210888624191284, 0.012558342888951302, -0.03596023470163345, -0.0042771147564053535, -0.011014541611075401, -0.0008704931242391467, 0.009921438992023468, -0.006812956649810076, 0.027998395264148712, 0.007942670956254005, 0.04496535658836365, -0.009832203388214111, -0.006705905310809612]",,"['621c23913dce7b0c98fc2d197747341b9b4b3cf2a64f91a238e32f781b9765ef', 'f89696660768d0bffb0d9db678b116d019391887feb77988d0cdafb1d096eb27', '062d812cad4ea0684a3eff0929162712307160d4fe21c1d7c2e0a961677482bd', 'd01ad98ae900d6ea5b4e762c32ade26d134255bba49995769135e181046d66d3', '95abcb55393b03f5d4e8f248d871e191fcd8328a1ff2e550550f28213d21d95b', 'a2bcbca6cd76af1de746e2cf644d6f49bffd2bba7e4cefc58685075ccd3b2708', '970c7db9f6489bc9b75805438ef364502d7c975ddb27f431bda1dfbe060a5081', 'ef050d1d0eb1782723ebe3b0b7a7c4d6abfe8e6e0999a4f5406f197f255f996b', 'd00ee88d76b77acfe376b4f6dc9b8702bcfb9e16afba8e1117442784f26b2e3b', 'e9023cbaa237763b09a3a0f39593a983916c4d8bd7896005c3c309af8778e7e9', '68beb4470144a0b747db8e49d5eab823c1a2fee3d15c4716affb8b5acf6a3499', 'a3e25b39e8fa3937bf26b86fc4f7e889d40db0120c71e1639d62d1e030ef3b22', 'f0b17217f74e3c3363b9019bcda84ede254e0d2ea5b75ff05b20f11f93c7e6d4', '1d79c1e596aa62b9335738d689248afed3fb44a3ebc14cc95f59cd6d137ac62d', '8aa63ed439d49ae707d85135ba834441a6168d4175e512ca2de58b17c818befa', '6c3f2010a4428f95ae0d83a316e4357183a4109d2c421c1621438683d3a2c18b', '64dc2f3f4ce001924ee4668d9f71fc1ced24553e7b4d32716eec4f76ac80dc89', 'e29987d2a3644a7f56fc9460e22f38722c41c53c33b495b935314b4c2409c50c', '8f274a2a25fc1dca100672749e8d1b3c416e17636e12c6520dc190817d75402f', '67a5354e38b7a64e0b13597d98aa920aae19cc629fbebc21d7d471d52a7c8002', 'f918c24d5a2798579a7f48361437d3c5e569986adc842bce8d92f6d5f8766493', '53dbb191c1687cebd38f806f8184ec76f6f8859ca688b5b430e4b3775957d3ab', '212b49891a26549e6f24cbe1a0e79f123d8e70f645ae05ff636a940b0bf34117', 'bca1d9fad23c04bb12a15273e83ebb4fd06a9fab8cb3b04bba6b39864dfe0b3f', 'cca4c41f3a26db48ccf52893c20fb654c084ce2e02a1111d6bb1f362c5392a61']",1547784213389
524,5afa1190c639a5732e68ff16e4ba0d2f345597c2cce651195fc15fbc6cad044e,"[0.05738896131515503, -0.37825313210487366, 0.14684100449085236, 0.10480037331581116, 0.09684935212135315, 0.019293567165732384, 0.02397630736231804, -0.08953988552093506, -0.030514884740114212, 0.10050541162490845, -0.07848292589187622, 0.11247976869344711, 0.04319194704294205, 0.009023132734000683, -0.0652754157781601, -0.014997228048741817, -0.011296086944639683, -0.02352268621325493, 0.05338980257511139, 0.01889587938785553, -0.025717614218592644, -0.019583605229854584, 0.034983351826667786, 0.007032168097794056, 0.05305294692516327, -0.010086753405630589, 0.07984653115272522, -0.08607418835163116, 0.03389481082558632, -0.025466255843639374, -0.0005689370445907116, 0.06033145636320114, -0.0024069808423519135, 0.022395707666873932, 0.05846647545695305, 0.029098253697156906, 0.012471647001802921, 0.011210888624191284, 0.012558342888951302, -0.03596023470163345, -0.0042771147564053535, -0.011014541611075401, -0.0008704931242391467, 0.009921438992023468, -0.006812956649810076, 0.027998395264148712, 0.007942670956254005, 0.04496535658836365, -0.009832203388214111, -0.006705905310809612]",,"['621c23913dce7b0c98fc2d197747341b9b4b3cf2a64f91a238e32f781b9765ef', 'f89696660768d0bffb0d9db678b116d019391887feb77988d0cdafb1d096eb27', '062d812cad4ea0684a3eff0929162712307160d4fe21c1d7c2e0a961677482bd', 'd01ad98ae900d6ea5b4e762c32ade26d134255bba49995769135e181046d66d3', '95abcb55393b03f5d4e8f248d871e191fcd8328a1ff2e550550f28213d21d95b', 'a2bcbca6cd76af1de746e2cf644d6f49bffd2bba7e4cefc58685075ccd3b2708', '970c7db9f6489bc9b75805438ef364502d7c975ddb27f431bda1dfbe060a5081', 'ef050d1d0eb1782723ebe3b0b7a7c4d6abfe8e6e0999a4f5406f197f255f996b', 'd00ee88d76b77acfe376b4f6dc9b8702bcfb9e16afba8e1117442784f26b2e3b', 'e9023cbaa237763b09a3a0f39593a983916c4d8bd7896005c3c309af8778e7e9', '68beb4470144a0b747db8e49d5eab823c1a2fee3d15c4716affb8b5acf6a3499', 'a3e25b39e8fa3937bf26b86fc4f7e889d40db0120c71e1639d62d1e030ef3b22', 'f0b17217f74e3c3363b9019bcda84ede254e0d2ea5b75ff05b20f11f93c7e6d4', '1d79c1e596aa62b9335738d689248afed3fb44a3ebc14cc95f59cd6d137ac62d', '8aa63ed439d49ae707d85135ba834441a6168d4175e512ca2de58b17c818befa', '6c3f2010a4428f95ae0d83a316e4357183a4109d2c421c1621438683d3a2c18b', '64dc2f3f4ce001924ee4668d9f71fc1ced24553e7b4d32716eec4f76ac80dc89', 'e29987d2a3644a7f56fc9460e22f38722c41c53c33b495b935314b4c2409c50c', '8f274a2a25fc1dca100672749e8d1b3c416e17636e12c6520dc190817d75402f', '67a5354e38b7a64e0b13597d98aa920aae19cc629fbebc21d7d471d52a7c8002', 'f918c24d5a2798579a7f48361437d3c5e569986adc842bce8d92f6d5f8766493', '53dbb191c1687cebd38f806f8184ec76f6f8859ca688b5b430e4b3775957d3ab', '212b49891a26549e6f24cbe1a0e79f123d8e70f645ae05ff636a940b0bf34117', 'bca1d9fad23c04bb12a15273e83ebb4fd06a9fab8cb3b04bba6b39864dfe0b3f', 'cca4c41f3a26db48ccf52893c20fb654c084ce2e02a1111d6bb1f362c5392a61']",1547784213389
525,5afa1190c639a5732e68ff16e4ba0d2f345597c2cce651195fc15fbc6cad044e,"[-0.05992061644792557, -0.22928866744041443, 0.19111177325248718, 0.053800929337739944, 0.05847439914941788, -0.17732827365398407, -0.053963787853717804, -0.057681918144226074, 0.4369022250175476, -0.12273333221673965, -0.12007968127727509, 0.20176666975021362, -0.002004663459956646, 0.03603709116578102, 0.14912810921669006, 0.03313625231385231, -0.01425114180892706, -0.10510305315256119, -0.0027179569005966187, -0.09579228609800339, 0.19286170601844788, -0.001870446838438511, 0.06342878192663193, 0.12365221977233887, -0.007126695476472378, -0.03784234821796417, 0.07815942913293839, 0.030819615349173546, -0.044832199811935425, -0.11270488053560257, 0.022733408957719803, 0.03308998420834541, -0.07352270931005478, 0.014921337366104126, 0.17159917950630188, -0.01660410314798355, 0.048568591475486755, 0.014379058964550495, 0.034449175000190735, 0.02449057251214981, 0.001673431135714054, 0.03371131420135498, 0.03514980897307396, 0.054821573197841644, -0.04168087989091873, 0.0016370434314012527, -0.03587484359741211, -0.0023143980652093887, -0.0475955531001091, -0.02051965706050396]","['92961b493453cf6330fb534260c5e4ae8f16a521b19510cd241e683a45b4e236', '92961b493453cf6330fb534260c5e4ae8f16a521b19510cd241e683a45b4e236', '92961b493453cf6330fb534260c5e4ae8f16a521b19510cd241e683a45b4e236']","['78964310da1668310f866792519953fde753e9c44c62d93d64771f62dad85934', '0c64a150a3b498351a0d1382a12442dea8c399ffc38b254b633e437e6e18e516', '229f6f6af89373fe5d0c1b35618c970b4c5fd0eed148790b8677c6423d59ae88', '3cfebdebd907f34b0a7aea3bc80a3520d6ef748e983e19aa34c122c7fd541b2d', 'b671fc9d0481cb8decdd2e9d0e460a22f87af3e93fd08ae0f0d1481090cb5823', 'f1acd6faa28020864e0ed050d33d17becf9cb1dbd321efbe4e6c6f14189b3033', '68c3a57ac66f53bf547db1c72bee0b82c1515545274b8e03f14a64edbd77fd74', '260ef547fd7438770fe4bab10e6a46f218dbeb5766a0f66dae4e6e5cccbdec39', '824e3ccd72435ced32a1d514a15464fb2603340f0758850d3f893b72f9bd3a66', '3abd8355a2907800a1e330028e470a40c5beb9542c5b1901c8c31dd22ee6ce0a', 'c2d9434f32554ed45231ff04a14388b2e3f0d4318d5f306deff886051602eedf', '9c34ed49258d2d3ee7b61bb477fdcd1036bd728ddefb54d6b839f2849e5a806d', '6a5d5a8203d8efa9ca2344a6c0ef652666151aff257184cffbae63db30e2df27', 'bd8451e07d86aca7d761525fd09e2afaf5bf224b6e82e102e49bbb605c5f20dc', '135cca5e50c0dbcfe0e2f2cfcf4de21f54c07d57ae7b73e0d0973e821cf9699f', '27a6dd0e68191aa1e059589d2af2562996d8500eb8d52e267b5dfebb5b340909', 'a3b324cd0bbaa310c5c0690769e7d558fd56eb459a1bb2d3b94543ad4edb96dc', '32ead81a7b89168dc472d162a3d7654db02d99bb88b32ab0764d2644f55f3b00', 'eda89587ae7a2f55c991243882c908f7d4d8d006d33ca8f3f0a1575bfefb2037', '4ab0f0af6294370c3015596f8fe237ceed7d218d622e9b9e6747d3b12b4bfe09', 'd0a06c7f3c5a24fc40bda1f684c0280ea9eaffb6ba77b28acaa73a3e0f93d270', '39eb729e3abd2e5bbe51b2fc20a9c50b110ce5a951bb997077d68c1e499805a8', '6bc242248f71c5028a30c6a4e0a66788a79f27820945bd9b2dd041a43b733498', '176d8cb4568c6f48e1a6236083073039cd8d611cf0f36e6f2355b93d067b3dac', '69c42b98e67a7fda4adcf9e9778828c571da43b9a05686bea2857aac007ff4cd']",1547784237949
526,5afa1190c639a5732e68ff16e4ba0d2f345597c2cce651195fc15fbc6cad044e,"[-0.05992061644792557, -0.22928866744041443, 0.19111177325248718, 0.053800929337739944, 0.05847439914941788, -0.17732827365398407, -0.053963787853717804, -0.057681918144226074, 0.4369022250175476, -0.12273333221673965, -0.12007968127727509, 0.20176666975021362, -0.002004663459956646, 0.03603709116578102, 0.14912810921669006, 0.03313625231385231, -0.01425114180892706, -0.10510305315256119, -0.0027179569005966187, -0.09579228609800339, 0.19286170601844788, -0.001870446838438511, 0.06342878192663193, 0.12365221977233887, -0.007126695476472378, -0.03784234821796417, 0.07815942913293839, 0.030819615349173546, -0.044832199811935425, -0.11270488053560257, 0.022733408957719803, 0.03308998420834541, -0.07352270931005478, 0.014921337366104126, 0.17159917950630188, -0.01660410314798355, 0.048568591475486755, 0.014379058964550495, 0.034449175000190735, 0.02449057251214981, 0.001673431135714054, 0.03371131420135498, 0.03514980897307396, 0.054821573197841644, -0.04168087989091873, 0.0016370434314012527, -0.03587484359741211, -0.0023143980652093887, -0.0475955531001091, -0.02051965706050396]","['92961b493453cf6330fb534260c5e4ae8f16a521b19510cd241e683a45b4e236', '92961b493453cf6330fb534260c5e4ae8f16a521b19510cd241e683a45b4e236', '92961b493453cf6330fb534260c5e4ae8f16a521b19510cd241e683a45b4e236']","['78964310da1668310f866792519953fde753e9c44c62d93d64771f62dad85934', '0c64a150a3b498351a0d1382a12442dea8c399ffc38b254b633e437e6e18e516', '229f6f6af89373fe5d0c1b35618c970b4c5fd0eed148790b8677c6423d59ae88', '3cfebdebd907f34b0a7aea3bc80a3520d6ef748e983e19aa34c122c7fd541b2d', 'b671fc9d0481cb8decdd2e9d0e460a22f87af3e93fd08ae0f0d1481090cb5823', 'f1acd6faa28020864e0ed050d33d17becf9cb1dbd321efbe4e6c6f14189b3033', '68c3a57ac66f53bf547db1c72bee0b82c1515545274b8e03f14a64edbd77fd74', '260ef547fd7438770fe4bab10e6a46f218dbeb5766a0f66dae4e6e5cccbdec39', '824e3ccd72435ced32a1d514a15464fb2603340f0758850d3f893b72f9bd3a66', '3abd8355a2907800a1e330028e470a40c5beb9542c5b1901c8c31dd22ee6ce0a', 'c2d9434f32554ed45231ff04a14388b2e3f0d4318d5f306deff886051602eedf', '9c34ed49258d2d3ee7b61bb477fdcd1036bd728ddefb54d6b839f2849e5a806d', '6a5d5a8203d8efa9ca2344a6c0ef652666151aff257184cffbae63db30e2df27', 'bd8451e07d86aca7d761525fd09e2afaf5bf224b6e82e102e49bbb605c5f20dc', '135cca5e50c0dbcfe0e2f2cfcf4de21f54c07d57ae7b73e0d0973e821cf9699f', '27a6dd0e68191aa1e059589d2af2562996d8500eb8d52e267b5dfebb5b340909', 'a3b324cd0bbaa310c5c0690769e7d558fd56eb459a1bb2d3b94543ad4edb96dc', '32ead81a7b89168dc472d162a3d7654db02d99bb88b32ab0764d2644f55f3b00', 'eda89587ae7a2f55c991243882c908f7d4d8d006d33ca8f3f0a1575bfefb2037', '4ab0f0af6294370c3015596f8fe237ceed7d218d622e9b9e6747d3b12b4bfe09', 'd0a06c7f3c5a24fc40bda1f684c0280ea9eaffb6ba77b28acaa73a3e0f93d270', '39eb729e3abd2e5bbe51b2fc20a9c50b110ce5a951bb997077d68c1e499805a8', '6bc242248f71c5028a30c6a4e0a66788a79f27820945bd9b2dd041a43b733498', '176d8cb4568c6f48e1a6236083073039cd8d611cf0f36e6f2355b93d067b3dac', '69c42b98e67a7fda4adcf9e9778828c571da43b9a05686bea2857aac007ff4cd']",1547784237949
527,5afa1190c639a5732e68ff16e4ba0d2f345597c2cce651195fc15fbc6cad044e,"[-0.05992061644792557, -0.22928866744041443, 0.19111177325248718, 0.053800929337739944, 0.05847439914941788, -0.17732827365398407, -0.053963787853717804, -0.057681918144226074, 0.4369022250175476, -0.12273333221673965, -0.12007968127727509, 0.20176666975021362, -0.002004663459956646, 0.03603709116578102, 0.14912810921669006, 0.03313625231385231, -0.01425114180892706, -0.10510305315256119, -0.0027179569005966187, -0.09579228609800339, 0.19286170601844788, -0.001870446838438511, 0.06342878192663193, 0.12365221977233887, -0.007126695476472378, -0.03784234821796417, 0.07815942913293839, 0.030819615349173546, -0.044832199811935425, -0.11270488053560257, 0.022733408957719803, 0.03308998420834541, -0.07352270931005478, 0.014921337366104126, 0.17159917950630188, -0.01660410314798355, 0.048568591475486755, 0.014379058964550495, 0.034449175000190735, 0.02449057251214981, 0.001673431135714054, 0.03371131420135498, 0.03514980897307396, 0.054821573197841644, -0.04168087989091873, 0.0016370434314012527, -0.03587484359741211, -0.0023143980652093887, -0.0475955531001091, -0.02051965706050396]","['92961b493453cf6330fb534260c5e4ae8f16a521b19510cd241e683a45b4e236', '92961b493453cf6330fb534260c5e4ae8f16a521b19510cd241e683a45b4e236', '92961b493453cf6330fb534260c5e4ae8f16a521b19510cd241e683a45b4e236']","['78964310da1668310f866792519953fde753e9c44c62d93d64771f62dad85934', '0c64a150a3b498351a0d1382a12442dea8c399ffc38b254b633e437e6e18e516', '229f6f6af89373fe5d0c1b35618c970b4c5fd0eed148790b8677c6423d59ae88', '3cfebdebd907f34b0a7aea3bc80a3520d6ef748e983e19aa34c122c7fd541b2d', 'b671fc9d0481cb8decdd2e9d0e460a22f87af3e93fd08ae0f0d1481090cb5823', 'f1acd6faa28020864e0ed050d33d17becf9cb1dbd321efbe4e6c6f14189b3033', '68c3a57ac66f53bf547db1c72bee0b82c1515545274b8e03f14a64edbd77fd74', '260ef547fd7438770fe4bab10e6a46f218dbeb5766a0f66dae4e6e5cccbdec39', '824e3ccd72435ced32a1d514a15464fb2603340f0758850d3f893b72f9bd3a66', '3abd8355a2907800a1e330028e470a40c5beb9542c5b1901c8c31dd22ee6ce0a', 'c2d9434f32554ed45231ff04a14388b2e3f0d4318d5f306deff886051602eedf', '9c34ed49258d2d3ee7b61bb477fdcd1036bd728ddefb54d6b839f2849e5a806d', '6a5d5a8203d8efa9ca2344a6c0ef652666151aff257184cffbae63db30e2df27', 'bd8451e07d86aca7d761525fd09e2afaf5bf224b6e82e102e49bbb605c5f20dc', '135cca5e50c0dbcfe0e2f2cfcf4de21f54c07d57ae7b73e0d0973e821cf9699f', '27a6dd0e68191aa1e059589d2af2562996d8500eb8d52e267b5dfebb5b340909', 'a3b324cd0bbaa310c5c0690769e7d558fd56eb459a1bb2d3b94543ad4edb96dc', '32ead81a7b89168dc472d162a3d7654db02d99bb88b32ab0764d2644f55f3b00', 'eda89587ae7a2f55c991243882c908f7d4d8d006d33ca8f3f0a1575bfefb2037', '4ab0f0af6294370c3015596f8fe237ceed7d218d622e9b9e6747d3b12b4bfe09', 'd0a06c7f3c5a24fc40bda1f684c0280ea9eaffb6ba77b28acaa73a3e0f93d270', '39eb729e3abd2e5bbe51b2fc20a9c50b110ce5a951bb997077d68c1e499805a8', '6bc242248f71c5028a30c6a4e0a66788a79f27820945bd9b2dd041a43b733498', '176d8cb4568c6f48e1a6236083073039cd8d611cf0f36e6f2355b93d067b3dac', '69c42b98e67a7fda4adcf9e9778828c571da43b9a05686bea2857aac007ff4cd']",1547784237949
528,5afa1190c639a5732e68ff16e4ba0d2f345597c2cce651195fc15fbc6cad044e,"[-0.05992061644792557, -0.22928866744041443, 0.19111177325248718, 0.053800929337739944, 0.05847439914941788, -0.17732827365398407, -0.053963787853717804, -0.057681918144226074, 0.4369022250175476, -0.12273333221673965, -0.12007968127727509, 0.20176666975021362, -0.002004663459956646, 0.03603709116578102, 0.14912810921669006, 0.03313625231385231, -0.01425114180892706, -0.10510305315256119, -0.0027179569005966187, -0.09579228609800339, 0.19286170601844788, -0.001870446838438511, 0.06342878192663193, 0.12365221977233887, -0.007126695476472378, -0.03784234821796417, 0.07815942913293839, 0.030819615349173546, -0.044832199811935425, -0.11270488053560257, 0.022733408957719803, 0.03308998420834541, -0.07352270931005478, 0.014921337366104126, 0.17159917950630188, -0.01660410314798355, 0.048568591475486755, 0.014379058964550495, 0.034449175000190735, 0.02449057251214981, 0.001673431135714054, 0.03371131420135498, 0.03514980897307396, 0.054821573197841644, -0.04168087989091873, 0.0016370434314012527, -0.03587484359741211, -0.0023143980652093887, -0.0475955531001091, -0.02051965706050396]","['92961b493453cf6330fb534260c5e4ae8f16a521b19510cd241e683a45b4e236', '92961b493453cf6330fb534260c5e4ae8f16a521b19510cd241e683a45b4e236', '92961b493453cf6330fb534260c5e4ae8f16a521b19510cd241e683a45b4e236']","['78964310da1668310f866792519953fde753e9c44c62d93d64771f62dad85934', '0c64a150a3b498351a0d1382a12442dea8c399ffc38b254b633e437e6e18e516', '229f6f6af89373fe5d0c1b35618c970b4c5fd0eed148790b8677c6423d59ae88', '3cfebdebd907f34b0a7aea3bc80a3520d6ef748e983e19aa34c122c7fd541b2d', 'b671fc9d0481cb8decdd2e9d0e460a22f87af3e93fd08ae0f0d1481090cb5823', 'f1acd6faa28020864e0ed050d33d17becf9cb1dbd321efbe4e6c6f14189b3033', '68c3a57ac66f53bf547db1c72bee0b82c1515545274b8e03f14a64edbd77fd74', '260ef547fd7438770fe4bab10e6a46f218dbeb5766a0f66dae4e6e5cccbdec39', '824e3ccd72435ced32a1d514a15464fb2603340f0758850d3f893b72f9bd3a66', '3abd8355a2907800a1e330028e470a40c5beb9542c5b1901c8c31dd22ee6ce0a', 'c2d9434f32554ed45231ff04a14388b2e3f0d4318d5f306deff886051602eedf', '9c34ed49258d2d3ee7b61bb477fdcd1036bd728ddefb54d6b839f2849e5a806d', '6a5d5a8203d8efa9ca2344a6c0ef652666151aff257184cffbae63db30e2df27', 'bd8451e07d86aca7d761525fd09e2afaf5bf224b6e82e102e49bbb605c5f20dc', '135cca5e50c0dbcfe0e2f2cfcf4de21f54c07d57ae7b73e0d0973e821cf9699f', '27a6dd0e68191aa1e059589d2af2562996d8500eb8d52e267b5dfebb5b340909', 'a3b324cd0bbaa310c5c0690769e7d558fd56eb459a1bb2d3b94543ad4edb96dc', '32ead81a7b89168dc472d162a3d7654db02d99bb88b32ab0764d2644f55f3b00', 'eda89587ae7a2f55c991243882c908f7d4d8d006d33ca8f3f0a1575bfefb2037', '4ab0f0af6294370c3015596f8fe237ceed7d218d622e9b9e6747d3b12b4bfe09', 'd0a06c7f3c5a24fc40bda1f684c0280ea9eaffb6ba77b28acaa73a3e0f93d270', '39eb729e3abd2e5bbe51b2fc20a9c50b110ce5a951bb997077d68c1e499805a8', '6bc242248f71c5028a30c6a4e0a66788a79f27820945bd9b2dd041a43b733498', '176d8cb4568c6f48e1a6236083073039cd8d611cf0f36e6f2355b93d067b3dac', '69c42b98e67a7fda4adcf9e9778828c571da43b9a05686bea2857aac007ff4cd']",1547784237949
529,e24f46bd910be13041d153f6ce52d2824b203aaedf78d1a286c92ce51fb2c5af,"[0.018795954063534737, -0.27281850576400757, 0.0009708218276500702, 0.07800537347793579, -0.022222261875867844, 0.011857613921165466, -0.023275334388017654, 0.06420725584030151, 0.04411916062235832, 0.04427168890833855, 0.033912159502506256, -0.0587247833609581, -0.05393880605697632, 0.060077421367168427, 0.016694409772753716, -0.07417698204517365, 0.0011888258159160614, -0.028575312346220016, -0.1424298733472824, -0.025836747139692307, 0.03093656897544861, -0.03740767389535904, -0.09059521555900574, -0.03869505971670151, -0.05213197320699692, -0.04119102656841278, -0.0651172399520874, -0.006055615842342377, 0.08729153871536255, 0.01743120513856411, 0.02968156337738037, -0.0005090590566396713, -0.008310506120324135, -0.02745863050222397, -0.02949913963675499, -0.01481043640524149, 0.046511948108673096, -0.07021356374025345, -0.004476653877645731, -0.05917742848396301, -0.03510738164186478, 0.022547468543052673, -0.020887523889541626, -9.340699762105942e-06, 0.019303707405924797, -0.030276518315076828, -0.11688719689846039, -0.036725834012031555, -0.06018809229135513, 0.05355216562747955]",,,1547738372680
530,e24f46bd910be13041d153f6ce52d2824b203aaedf78d1a286c92ce51fb2c5af,"[-0.004375670105218887, -0.28261810541152954, 0.0024916771799325943, 0.08343775570392609, -0.005429726094007492, 0.01634260267019272, -0.01258140616118908, 0.06067507714033127, 0.05480912700295448, 0.06301882117986679, 0.027090080082416534, -0.029361296445131302, -0.03202364221215248, 0.06770741939544678, 0.00422642519697547, -0.10376594215631485, -0.018006816506385803, -0.04327775165438652, -0.13100188970565796, -0.016161933541297913, 0.045097868889570236, -0.024373319000005722, -0.08681283891201019, -0.055365536361932755, -0.029337547719478607, -0.022041426971554756, -0.055129148066043854, 0.0025968775153160095, 0.1104496568441391, 0.001435237005352974, 0.04422568157315254, 0.005673171952366829, -0.03254102170467377, -0.03587227314710617, -0.044145021587610245, -0.0029668989591300488, 0.04761853069067001, -0.1018456518650055, -0.008738192729651928, -0.062454670667648315, -0.027812810614705086, 0.042235005646944046, -0.04540412873029709, -0.018244313076138496, 0.020580299198627472, -0.032464928925037384, -0.11877726018428802, -0.02959873154759407, -0.060589499771595, 0.07897254824638367]",,"['103830adcc5c599ab4f1a6a9de9fa6de12fd6210fb960d0db9fc32cab855c8e4', '4599d3942acd8b9f3c0bb02fe6fa8b6d391526b929535f940ff40908b156ab04', 'a678a735764d3797936dfce3d7605050713d386b1bc7e0a93080f5f6b7a94d2b', '728fb44f81818405f906d22af7e9c6124063ee0244e1a1bc7889aa1a0ecf9675', '6b902d51198040e66d912222a60ed4ea9953f1d243befe54ee2c305cfb408029', '1dbcadb1424b64e3bd23ed4d40dd5406e4a5110849d3139d7f711ec83c5d3588', '8a382d33dac0eb2f633064091477f17e4d4c8324a0a5dda9d0d1418eb8da4704', '8703b2f3422b6a6ba69aae9984670b129d0229910a1cce153018c96e67da8ed6', '517d7ef15e005aca0a0f59cbed7ede8808a29fd1196214242cac7da3c8a9ae45', 'ba5ae79fe8853ba43f826dfbdfea506233857e4f92c7e9b49d86f924e6954836', 'e6ff6b670cd67c7490aa0925320b855d4e4e0bd957389581f49751c45638ca2a', '8a408d1a78002ec7d9e42fb45dcddb491fa47ec08642a9db7e3727b19708fde4', '39d071f765746462556978cbdf384b83a2fd9567505a675a39055dcb501197e5', 'b79edae58292493958b2f9979f5de6ec97b0e4f15079da93572e0f3a4b00f5d7', 'dd9a9ff89e169f3b6ab37cf96b855e7718312de0ca4b5641af5e1af6a1edb332', 'e0e9e866c2e44067e1cffa12656fb8e3179c5ffee82881ffe62f28cb322cc7ed', '453a46b5cd74148fd6250b55874f3ec8e92869d6368cd1849d06043545705484', 'd4a70b6b342f8a0be7484089eb7f0792d94a3539e829fdc5a45b671c3094835a', 'c21b00e246c7bd5dd3140e49bd785ac27959897958246fc1c6380547d317ded3', '53a8c47d63194831d9c1db5245c61161e7ca912cff9a4871f29f5e6d2490be58', 'c4e914a5d83fe3dfa69f62461404521d8972ff60d7663d0994ccd13998417157', '41445caa61fdaeb2823834807e4663e5efdf09f492bd0c1724d6a464a40a7697', '5223acf7e7569489e895ca24a2926208c8a19c6297ca09f2f551897865439572', '0165a717e0172a0646427f51e7de39db6e9807d533d6895fba4d00952cc5d7b3', '0440c8fdad4aac58cc582ab3328ab8e078d7704ba3ff5f4bdacf31251e1e3fec']",1547738381735
531,756f060edc92b62628c9df324ab8224a46b41c16c1d837c928b9ee537dece088,"[0.10220588743686676, -0.33142706751823425, 0.10337544232606888, 0.09566850960254669, 0.1660611927509308, 0.006157885771244764, 0.00354874599725008, 0.023060757666826248, 0.023290960118174553, 0.17502567172050476, 0.05201128125190735, 0.02292785607278347, -0.0021236990578472614, -0.0008679106831550598, -0.004641152918338776, -0.03375070542097092, 0.03615817800164223, -0.05629328265786171, 0.05714476853609085, -0.01954418420791626, -0.019135568290948868, -0.06974226981401443, -0.08689809590578079, 0.05868588760495186, -0.12449730187654495, 0.0037115979939699173, 0.004281412810087204, -0.035224270075559616, 0.03766840696334839, -0.037914589047431946, 0.034218162298202515, -0.044411800801754, -0.07445783913135529, -0.026714593172073364, 0.03785951808094978, 0.04307901859283447, -0.03338693827390671, 0.00372250284999609, -0.04841172695159912, -0.005631385371088982, 0.003532839473336935, -0.031178027391433716, 0.002998343901708722, -0.05567071586847305, 0.057351354509592056, 0.07254746556282043, 0.011357562616467476, 0.03851434588432312, -0.014999868348240852, 0.016977204009890556]",,,1549830684749
532,756f060edc92b62628c9df324ab8224a46b41c16c1d837c928b9ee537dece088,"[-0.20123344659805298, 0.16115686297416687, 0.3843422532081604, 0.17500168085098267, -0.08323294669389725, -0.042635634541511536, 0.03471856936812401, 0.018646875396370888, -0.06776201725006104, 0.038866836577653885, 0.018974818289279938, -0.041692089289426804, 0.04514869302511215, -0.06190803647041321, 0.025208141654729843, 0.04340851679444313, 0.08364440500736237, 0.04747530072927475, 0.052980173379182816, -0.08563563227653503, 0.03951956331729889, 0.014218715950846672, 0.0541311651468277, -0.016728542745113373, -0.03772067651152611, 0.032307494431734085, -0.0062362924218177795, -0.015597010031342506, -0.041983287781476974, -0.008986511267721653, -0.019647570326924324, 0.02191866561770439, 0.006137813441455364, -0.020090000703930855, 0.06395044177770615, -0.04245350509881973, 0.006870301906019449, 0.0011860562954097986, -0.06507594138383865, -0.023929111659526825, 0.010214020498096943, -0.03989468142390251, -0.04318350926041603, -0.033708423376083374, 0.016114559024572372, -0.061431314796209335, -0.007028997875750065, 0.004813493229448795, -0.046917278319597244, 0.011599203571677208]",,"['998fc7a388347818a2dfed2b6bda35c850c243b2398a805eca5e23bfc08db4f4', 'e4ab007af78b7a412eff8602738d480e35244ffef57b581d2f0db39555f6a0aa', 'f7ffb504d40b9cb07022f1a0f5bdb44bcaacbe1d8110e74e2c3aa657601074a7', '0e8ef2bd775b78597cb2dd97fceb6e340af07f57b99ef530603e6d1dcd92b4bc', 'ce7ec5936964b33a682191ec195f343cde5105dd1bb345240a06236931c04a84', '8844913b133460455b70fdf27ec0c9b9f68a34da199b83af2a4186fe25257268', '2101ae40346102279e086abb3bc4be5e9bb652a32533e3c209f3f5f4cde92c52', 'e19b58992b75a5b7d3d6df7e222a3111491630a95d00ada8e09d2168cff4638b', 'fa1984a7e2f929dedaf438614ac5fdc31fea02c498d89d4c1cea65526ce71dcd', 'd5df2032b7c546c85c42e7d723379db51f08661f54b9ed770b88d4da0d760c63', '0956eb2afb92378f0bde04609dacc2cf4fde804410c83eae28e252fc5130dba8', '3a20d2e8d667b556725a5c5e6c28c92b6fe608001963945ac9ab4eaa6d0acb71', 'eaaf33f32d720adf432bf79afe6672f95d56d13ba8327f35a405c5325263bc91', '7fbcf2fa57b4bff4b6498c653b11b24581536dec7fa992b29dbb2fc1db860aaf', '61c0e8d37b0521ef9c8eaa85e348ff0d5d927b7e2819ef9fb7643e7d05757cf8', '953b41e2bd52acbc76ed0bf07f8fd6e1150391c7ddd154ed07c8f551a7c49e81', '0bd9533210cd00d3b0ff3fabd16c784be6d64f2997712d402313b145b452b347', 'd887d48af932b3433a6935981d9a8b8bf592e25a9da1d6581fa98ae585b1c655', 'eb179257aa8f88d6f2d679d86b66075514f6f2c730c819b4c9196391d1a059f3', 'e469482cb64cb69dbebbb4c32eb9eacb07024a47874dcd3b9666304927da9b9e', '2b1a0211c652ed1494a4330ed277a8b4655c4d2e4a38b9a607ecf694b65fc64c', 'eda924fdc1d3b399e4d593bfef7cebb67b04fddffc3189c63e539640a1f870f4', 'c21e4a2785a272ca7233c7de217f6570b734b451bfff3da9d7404fa599473842', 'a5a3f653ad0a0bbb6dbc59f4b43d0e808db2c70e3b4ba018df885700cbc8bc1a', 'faedcabe1cf014091d7329c922de6ae4b5cb93020f005a82cecd3334ddee4dab']",1549832172680
533,8bf89217029df01c91afb47aef6f4399469f0f44c566911be6a33047fd33bfbd,"[-0.007598065305501223, -0.22274214029312134, 0.03604448586702347, 0.028671178966760635, -0.00029405043460428715, -0.023582644760608673, -0.03253937512636185, -0.00175991072319448, -0.013871116563677788, 0.043533917516469955, 0.047758977860212326, -0.046474650502204895, -0.025734208524227142, -0.01524879690259695, -0.0304616279900074, -0.017212413251399994, -0.01918778009712696, 0.015082942321896553, 0.014658544212579727, -0.00801184494048357, 0.0063287485390901566, 0.016211621463298798, 0.05028318613767624, 0.012861044146120548, -0.02616647630929947, -0.03653976693749428, -0.012213253416121006, 0.022994473576545715, -0.020603980869054794, -0.004562744405120611, 0.007619759999215603, 0.03180726617574692, -0.04414205998182297, 0.012374977581202984, -0.0021070828661322594, -0.00039464980363845825, -0.01806061714887619, -0.016326654702425003, -0.0011063276324421167, -0.04336833953857422, -0.02451947331428528, 0.003371588885784149, 0.012171497568488121, -0.03028072416782379, -0.012304617092013359, 0.0034373654052615166, -0.043294455856084824, -0.006788867525756359, 0.053361065685749054, -0.017578501254320145]",,,1548211771650
534,8bf89217029df01c91afb47aef6f4399469f0f44c566911be6a33047fd33bfbd,"[-0.2212744653224945, 0.025549426674842834, 0.015487532131373882, -0.18353277444839478, 0.04115358740091324, -0.04827506095170975, 0.20846009254455566, 0.2832498252391815, 0.08131813257932663, 0.07780082523822784, 0.01942838355898857, 0.02529960498213768, 0.009976936504244804, -0.1270141303539276, 0.09260037541389465, 0.005946914665400982, -0.0537433847784996, 0.021057212725281715, -0.02160724624991417, 0.03941085934638977, -0.053167376667261124, 0.017080163583159447, 0.005381923168897629, -0.02899165078997612, -0.015575678087770939, -0.0070647625252604485, 0.05501346290111542, -0.010839815251529217, -0.04671768844127655, 0.06330043822526932, -0.02734329178929329, -0.006851838435977697, 0.011185371316969395, 0.04227786511182785, -0.06861557066440582, 0.043259236961603165, 0.005441144108772278, 0.03105185367166996, 0.006467578932642937, -0.007166070863604546, -0.0331263430416584, 0.01722126640379429, 0.02387259714305401, -0.00944804958999157, -0.04085683077573776, 0.005225697532296181, -0.01603485457599163, -0.022108353674411774, -0.012362109497189522, -0.040590010583400726]",['15adf7c10b3a1b53668f951f5c13aaafc5503b5d3ac20f38b236c4017da88ad3'],"['a04f3744b89371edafb46c6622931cb03780aa27f94cbbef2461553a63f44829', '905500d8701d3600e5c13002e6e1af6646d8296258c24668030259a356fa376e', '4a8ce5b81f1805c72a9d51423fb11786b6271c32885e0892807e28887c9092b8', '80bf017e1bc8cfe3f598e9722383452e0785830639e2d6fe4f212c524a1b8d33', 'bbcdcf11e74fde6f7f61570aca4c7a0768b0ba19fbdebaf9a173551d42742ff3', '961d42efe0bd966e87633188e025b3b7d2b0192b4ea15ba104ff118334d1f715', 'c5d1ef15520424f0a554fd7cf29593f9d473380be209641d52921a086531efab', 'ec3e028738c98d00e1cc9c5b233c582ab69a71dedfaceb6a10f23205a4668904', '8c482b2c39a33b2fe8eb74f949b91ff7a9ba2010f5058b779fcbb5bbe53ff572', '07926344ad34cfd66bdfc8897e8bd1cc5f1b420eed148f4d9c9f829ce5ed2451', '6127f741f57625d8077bf556eb6861b744ea802b043fd88a425a438d5d0ca7f2', '76b3a18c2da766f8ed972096808fd5c17190e0e6200d6432bfc8b9e1372921b5', '2d0788e5bd3f29377bc89d85b7db72c2f7a80327919cb38c9c48a639c21c027d', '8be490719d118aef4cdfae8ff5e8c2aaec22c7486ba2b0b462c35a0dd61caf66', '21960b84fc03316414f1764ef72fa44929311e3f4934113ead7a1c13d9bb1713', '046c08e8142614bac028248e13a6d494334b98df452b113545595d2210b7cf8a', 'f33ca3a143d4f3bc8a9963320a47d15510994875f218f6d4f7bef4ce862a5f97', '4d4cdff37380de0fa7ed896099962cc29cbf3ff74f8bf6150d3a436a9bf30fb3', 'd46728e2cb177cf8e386501afcf9cc4b7a078f3f1726355e5d1fb215f4b722ed', 'a98c96174cbc66e262dab5b4843ac19f00a89b022ba61e8f1534c7fbd0386ae5', '34183cf588ec41e5263076a68217cffcf94047fd47002c77643e3a0e830acfbf', 'fee4f2ab3ff2ec7848d4101b7ab8061e2c058e630e3c2fcd36690cbf94277548', 'a03208a494cf15a1d8a12f3a9732476ea2f43c62e6a137b64f0305b7468f084a', '005d9c979f6f8f03ff2bb143d5f1fdf03d9f8cb40d37eb5949bd4e2fd1aa2810', 'c6b8745f3f5d55bdb9e08070215d715166683bfeebe918dabc936c7e7fd38d8e']",1548212412440
535,8bf89217029df01c91afb47aef6f4399469f0f44c566911be6a33047fd33bfbd,"[0.10508611798286438, -0.30449897050857544, 0.09609340131282806, 0.09532296657562256, 0.2124418020248413, 0.003212147392332554, 0.02517079934477806, 0.047392576932907104, 0.022496560588479042, 0.1811370551586151, 0.05881234630942345, 0.06324593722820282, 0.01280688401311636, -0.02964838594198227, -0.020287660881876945, 0.0049149710685014725, 0.05994398146867752, -0.004836062900722027, 0.057143792510032654, -0.04717466980218887, 0.034788187593221664, -0.13174965977668762, -0.055000048130750656, 0.026831138879060745, -0.07835324108600616, -0.042376644909381866, -0.0038522519171237946, 0.00012182444334030151, 0.06582141667604446, -0.03940219059586525, -0.010212155058979988, -0.05439518392086029, -0.05066074803471565, -0.010594179853796959, -0.009990599006414413, 0.05823539197444916, -0.017114287242293358, 0.03811641037464142, -0.04103928431868553, -0.05640321224927902, -0.023470653221011162, -0.029892880469560623, 0.048004329204559326, -0.05250076204538345, 0.023650504648685455, 0.05933564156293869, 0.004268469754606485, 0.016384588554501534, 0.0004722476005554199, -0.032763898372650146]",,"['d909d2e7d8371ed0f2abc5d42552c4d42498ab16c4579b5b082346b677712a3a', '43517b9e0504a69e87a9c0a5f290c41580c5ef012bdba06900ffc1de0c328f81', '39f6cc9cbb5e655a14b285e9ffe02451eda39ba0be413416fcbabc82b9e182ac', '9ee9ffd7e2529a65f9a0b0c9eaae6330df85cf2e3af33ef58dcf70fb5856c86a', '3450940d4347e75a5a1d918b8748946e6d2dc751d00e5d7321fb066771e6ff73', 'a9e338bfa52d22ce20e1a8b8e4b6cb003fc71b82d04582fa83e862a9af196317', '4ddc21155b5117d2ddda0d8955ec3f72e05c756e98413d461aeba7df19ee03e9', '9fa4db179b1e420ebdc3af159760984705301c940b05f85287134e2f1f407540', '4367f3b54eded7d6f8800a381dec2970e3751dc9c14a1be6861ce25347662994', '186c609c7d09bdf89972e9219a8999ae06f791d310ccea55d02f4fbe78513cc2', '54f0f45519bbff585a55899d88e4cca03e61b88f90783edf17454131f9a5bb73', '6e83cedad4484d0c38b4cde3bfea0e4314331cb1c641bccb92a7732a0f87eecb', '575fff0d0e8c925038acaf4628f4fee2f2a97335912b4314bf5f9773063cb4f6']",1548214060277
536,8bf89217029df01c91afb47aef6f4399469f0f44c566911be6a33047fd33bfbd,"[-0.11641218513250351, -0.18233023583889008, 0.11244531720876694, 0.005000609904527664, -0.19214171171188354, -0.004407371394336224, 0.1168111190199852, 0.14942479133605957, -0.08718155324459076, 0.08461646735668182, -0.027282707393169403, -0.07803452759981155, 0.04889434948563576, 0.042243704199790955, -0.033451683819293976, -0.011025453917682171, 0.05006129667162895, -0.05959854647517204, 0.07230354845523834, 0.06856217235326767, 0.11127232015132904, -0.06942561268806458, -0.12826836109161377, -0.05906983092427254, -0.002888306975364685, -0.10740046948194504, 0.024378739297389984, 0.12864160537719727, -0.030274387449026108, 0.10818429291248322, 0.027016837149858475, 0.018057025969028473, -0.006964694708585739, -0.02291891537606716, 0.006255164742469788, 0.17212516069412231, 0.0975947380065918, 0.17445820569992065, 0.07948234677314758, -0.015999842435121536, -0.07196219265460968, -0.06727133691310883, 0.16088828444480896, 0.0007174350321292877, -0.005706695839762688, 0.010609406046569347, 0.01695917919278145, -0.03311137109994888, -0.0048399497754871845, 0.05590454116463661]",,"['5dbab6b023b19b5c39dee478f49299ec8fe369d9a28bbf43a01b145f3a877266', '3d05eb3e12722e5929804ffcc742162c1c1d94e90832ce1320692489e596b009', '47afcb87977d14883f002113838ece9d30950cd23ae34999a443d6b956575500', 'e1eff7b75fdad04121e36e67179b687de3227c9cb7f23ef187e5d57584b44276', '5ea63f09d57c2687097d590fd7ef19b1067936f8f0dbfefc7e91e96502f1cdb0', '5a23196a79d858f2acb8944f22b4989121fb1d532948d34c7ad1d1f2d0234c47', '3dbd195ca8a126f4e04083fd5049ef1f22692a7253a18c8ce0bdf31aade1d86a', 'bd5ee51467a5805a2445fea933b0492cb449a93d016dc06377614858cdcc0013', 'd7b9fbec4f47d290c37dc679508a56d855a32cc4427a3553e46898a1ba05b9b1', '39b9f991c6f6f78c9a2f1384291e8d378367542e8ec24d8f5c518f9bdb0a41e1', 'df8f95e4f94b61e6796aa4d253b3b2e8c88279427168c8b406853f513f51b81e', '82b8efd818b20e74d98edff10b56b3cebbb57b83b5a5fd10bf0162598713b477', '9486eac23aba638d1291c380454624acb0fdd932869bccdb4fbbbbd06b08cdf7', 'c2baf33577724b719ffed9d9d8cb39d91bc7bc40ae35d85d59d5949cde4960af', '8085f83dabdb06707522e1b2bc0a25331c92d0a820872277a4680ae38e25dd63', '478e8e1c95297cff600577a5e4da9f9a18cbefd2b095d234a16a614b9d8c62f2', '039b1e651c46bd5c097ce8bf1c4fd5df4a473c5c3281a8e2641d89701fbe09a5', '4ccb062945f75a811066f404318a5d855976e9fcf6aa4432e74c5c3bd038278f', 'eed704224a8840e8e9d112c34895728c53e2d1aab1cd1b76e79c0091f8625586', '4332b8cbc31f45ec3d0e871b3497168d6aa2ea78057b162d76ce5d7d90d00647', 'b964f71a8d1c42439e3c74f8e96f036b47b2b381b9827036f001f3686c3ee98f', '8397473a1dff8d1d5b07835326b7f0d75a748880a6cc6b194c17248e32d33082', '4ee1d69a1637c72cb637661d952106a80bd34fc94c440a1492e02a84aed47916', '0652a942f08b7bcc5ca07d8d707a6642a5a7a63b17f76dca1387d7f4fec45127', '2bd5124ba6779bc4067a5f9d138752c988e085ba8124cbffbb8255d41198385a']",1548214103162
537,8bf89217029df01c91afb47aef6f4399469f0f44c566911be6a33047fd33bfbd,"[-0.0014643222093582153, -0.24862903356552124, 0.12391948699951172, 0.09715195000171661, 0.06674899160861969, -0.009411136619746685, -0.14083555340766907, -0.02982906624674797, 0.05959140509366989, 0.10584360361099243, 0.08135561645030975, -0.17835062742233276, 0.078340545296669, 0.04390060901641846, -0.05854843929409981, -0.055155523121356964, -0.01304672285914421, -0.06862404197454453, 0.11202231049537659, -0.027742836624383926, 0.038560446351766586, 0.029047247022390366, 0.006742488592863083, -0.059634000062942505, -0.09109024703502655, 0.049269746989011765, -0.09863580763339996, 0.03183877095580101, 0.04001355916261673, -0.05128783732652664, 0.00771020632237196, -0.05898115783929825, -0.10530366748571396, 0.03868485242128372, -0.011061586439609528, 0.14587582647800446, -0.0018921061418950558, -0.06415128707885742, -0.03533216565847397, 0.031247572973370552, -0.0005325375823304057, 0.03010251745581627, -0.027317296713590622, -0.05837266892194748, -0.027336668223142624, 0.05600755661725998, 0.054356902837753296, 0.06548433005809784, -0.027961844578385353, 0.07326488941907883]",,"['cb683bec5780e7cef18967a884c195f3805673abd6e641b1e0916a92402be291', '749969a0954d7a3140e28f5c4ed33dd31d17bf95b28f14bdf9b163dedcee6ebe', '0aea76bc482309a44ac4bb8a461446004855a9418029da36b2ce89a4fca3dd3a', 'b71ab0a84b084aabf8e1034e34d032b673fcc589f11101649581d31300de3d40', '8721b5ebd79b7a35ab787d1cd8a013eea80ffc99cf16b62268241d58b08ef121', 'e2420f45d8f2e67708e5d0310e8361415be7f462663a18af7f256f9c7665b038', '969aa90dd55696360524ba84fc39e77f13e75f9e0a667098b73d252c717f76f2', 'f82741bfc42307158e1366f0a0b0daf392be42ae0ae485c07b444c418f332793', 'a5f5bfa5a1d6acfbc2369571667c473b159e17650b6cdff08612cb249228ad4a', '56e9531819044bb70b80b2e3f798dbd4f71b08cd7a1a052c0fb7859c9aabaf07', '6d227bdd4e07f8b2536d04513fd2e4003b9550292a657c72cec6a8c9a1878371', '65c8589a43d383bc05623774d15c6a09c86c3ffd6d97a37b71f02ed30155064b', 'f34d087da9e1e9dc25a300c6571b9e768e46f350971b9c2460b562e6104bc49c']",1548214168680
538,8bf89217029df01c91afb47aef6f4399469f0f44c566911be6a33047fd33bfbd,"[-0.017851898446679115, -0.257421612739563, 0.11078828573226929, 0.043142568320035934, -0.12935975193977356, -0.014942392706871033, 0.08786650747060776, 0.059670817106962204, 0.05900368094444275, 0.024630196392536163, 0.12280835956335068, -0.12418950349092484, -0.029336512088775635, 0.03892495483160019, -0.06141943112015724, -0.06973624229431152, -0.06023643538355827, 0.06817364692687988, 0.015558759681880474, 0.00511622428894043, 0.04539627581834793, 0.017840418964624405, -0.050907932221889496, -0.02491098828613758, 0.10119567811489105, 0.05323547124862671, -0.07471669465303421, 0.1355155110359192, 0.04657755792140961, 0.0622682198882103, 0.12012159824371338, -0.06123651936650276, 0.005028183571994305, -0.024290861561894417, 0.13464951515197754, 0.050228677690029144, -0.04069162532687187, -0.14093811810016632, 0.0013087168335914612, -0.07062529027462006, 0.01333513855934143, 0.1313541829586029, 0.034777894616127014, 0.09328746795654297, 0.018660224974155426, -0.06487923860549927, 0.04118404537439346, 0.07097385823726654, -0.021674692630767822, -0.011497698724269867]",,,1548214535076
539,900895bf0189ac93466ed1711a9b6ee1ceae09b95870d5975eaf02656708b644,"[-0.096270352602005, 0.058467552065849304, -0.2514086365699768, 0.09127703309059143, -0.0839085727930069, -0.0597466379404068, -0.028470510616898537, -0.052702005952596664, -0.05093714967370033, 0.004986933898180723, -0.04582701623439789, 0.016579698771238327, -0.04182472079992294, -0.024600911885499954, -0.060156501829624176, -0.04503177851438522, -0.0607207790017128, -0.21655777096748352, -0.008908936753869057, -0.027723314240574837, -0.0780385285615921, 0.09793488681316376, -0.029516784474253654, -0.048185061663389206, -0.038491275161504745, -0.15457604825496674, -0.0279096532613039, -0.06663163006305695, -0.19850124418735504, -0.1631268709897995, 0.11131718754768372, 0.08481980115175247, 0.052000492811203, -0.004962017759680748, -0.03294195234775543, 0.01672445237636566, -0.06258219480514526, -0.004389725625514984, -0.005923510529100895, -0.1399461030960083, 0.0017047859728336334, 0.0009426239412277937, 0.006606359034776688, -0.018154438585042953, 0.02247186377644539, 0.049120932817459106, 0.06918295472860336, -0.04237794876098633, 0.11969989538192749, -0.00435751723125577]",,"['173b93bfa1ae97fa4add94a74f22803e2a472eeb4924652e1f33ae503a33f286', '443bf9fb3fc32e86fd3e29f59d66a9b326289fa8cb7608356ecd880413304519', '2f427eb6809969a8fc04070339645060b0b4b101d4f70b09dfe420eab1cf5ef3', '8155a18b8288dd00ff503db9f32f6f87eac9dc93581cb4abeb6c07a16e247f1a', 'fd37b09ede490907ff3bf6cc9dec1c07947cbe453dbe9925d98106c7654e296c', '1938661213876cd1d4aef1f1be50921a1b39f6fc5f5664aeedf9ff802fe6e4cb', '1ec6f8b2c01aac37ce21f4a5dcd6e17d3b54669d70c7d51e554ded5f18124539', 'e2bfc11fb40dda1b2b561166bf1062da98049b65cc0697ca09d7184496851993', 'b9381d4ffcb80b7bdc66514f30dad0f6415af50f31ee751369c3e40f19d35611', 'dd38de9d550a257189e4e446ff9d30133ffb017aed57ea5e3cedf704ea3431dc', '70f4c824092b809324f2e4d5217284c7133b357c67ada06f95ed686020a9e8d2', 'a08e60614a67426d58c6ee39ac2a487d0c5ee75a25e982d5c6d4059efae2f49a', '7e74ba2457113a23de56c16f87507711b7b3a97452939e8e539610a30cde1c39', '1a86f68ca74ce7d4f9e2e28a609d8d6ffacae5005efcdf482d31171b932cfc0a', 'bf6d42b2de1892b21c0c4bc3c295106bf25e9f185ebadc351bb776a89c5ca4db', '875a12dd76ed0b9df7b499774c27c0b0ed5ad8e4338a89b16c540f3873710779', '669b6524e3cf2930772e0aead3fb40e13aa92007869c0a107cf33b8455b3204b', '06d59cf83cff25d20a8bc741738b6711aa67704d1dfce2de52cd5953c19c76d2', '04c97fe82511ef28c3248e417073bbfa461e12ab354e68c409b483eb03ee43d9', 'ac728cb913304d86b14ba42f5a6b746415d6ad0b4b40e321b76670f82dabdec4', '123409d971f33c298dedce3bde1927af64d87ef1ab4a2bb11fdd6899d3fae3a4', '06790414f6861e44ae6a086aa00a2665a48660f4c696ae9a00a9a61f1d7bc6ee', '146219033bf143ec6b311eeee908601b103beb31ce859952861bee5fd683f669', '891781862186a625918fc8d17692fc23185e7d02a66542688d3edab4c71a84f4', 'fca4d531698f05eb60604d4dcabebc559a1cf6abd39e91bb7f7483e9f9b3cb47']",1548083724589
540,900895bf0189ac93466ed1711a9b6ee1ceae09b95870d5975eaf02656708b644,"[-0.096270352602005, 0.058467552065849304, -0.2514086365699768, 0.09127703309059143, -0.0839085727930069, -0.0597466379404068, -0.028470510616898537, -0.052702005952596664, -0.05093714967370033, 0.004986933898180723, -0.04582701623439789, 0.016579698771238327, -0.04182472079992294, -0.024600911885499954, -0.060156501829624176, -0.04503177851438522, -0.0607207790017128, -0.21655777096748352, -0.008908936753869057, -0.027723314240574837, -0.0780385285615921, 0.09793488681316376, -0.029516784474253654, -0.048185061663389206, -0.038491275161504745, -0.15457604825496674, -0.0279096532613039, -0.06663163006305695, -0.19850124418735504, -0.1631268709897995, 0.11131718754768372, 0.08481980115175247, 0.052000492811203, -0.004962017759680748, -0.03294195234775543, 0.01672445237636566, -0.06258219480514526, -0.004389725625514984, -0.005923510529100895, -0.1399461030960083, 0.0017047859728336334, 0.0009426239412277937, 0.006606359034776688, -0.018154438585042953, 0.02247186377644539, 0.049120932817459106, 0.06918295472860336, -0.04237794876098633, 0.11969989538192749, -0.00435751723125577]",,"['173b93bfa1ae97fa4add94a74f22803e2a472eeb4924652e1f33ae503a33f286', '443bf9fb3fc32e86fd3e29f59d66a9b326289fa8cb7608356ecd880413304519', '2f427eb6809969a8fc04070339645060b0b4b101d4f70b09dfe420eab1cf5ef3', '8155a18b8288dd00ff503db9f32f6f87eac9dc93581cb4abeb6c07a16e247f1a', 'fd37b09ede490907ff3bf6cc9dec1c07947cbe453dbe9925d98106c7654e296c', '1938661213876cd1d4aef1f1be50921a1b39f6fc5f5664aeedf9ff802fe6e4cb', '1ec6f8b2c01aac37ce21f4a5dcd6e17d3b54669d70c7d51e554ded5f18124539', 'e2bfc11fb40dda1b2b561166bf1062da98049b65cc0697ca09d7184496851993', 'b9381d4ffcb80b7bdc66514f30dad0f6415af50f31ee751369c3e40f19d35611', 'dd38de9d550a257189e4e446ff9d30133ffb017aed57ea5e3cedf704ea3431dc', '70f4c824092b809324f2e4d5217284c7133b357c67ada06f95ed686020a9e8d2', 'a08e60614a67426d58c6ee39ac2a487d0c5ee75a25e982d5c6d4059efae2f49a', '7e74ba2457113a23de56c16f87507711b7b3a97452939e8e539610a30cde1c39', '1a86f68ca74ce7d4f9e2e28a609d8d6ffacae5005efcdf482d31171b932cfc0a', 'bf6d42b2de1892b21c0c4bc3c295106bf25e9f185ebadc351bb776a89c5ca4db', '875a12dd76ed0b9df7b499774c27c0b0ed5ad8e4338a89b16c540f3873710779', '669b6524e3cf2930772e0aead3fb40e13aa92007869c0a107cf33b8455b3204b', '06d59cf83cff25d20a8bc741738b6711aa67704d1dfce2de52cd5953c19c76d2', '04c97fe82511ef28c3248e417073bbfa461e12ab354e68c409b483eb03ee43d9', 'ac728cb913304d86b14ba42f5a6b746415d6ad0b4b40e321b76670f82dabdec4', '123409d971f33c298dedce3bde1927af64d87ef1ab4a2bb11fdd6899d3fae3a4', '06790414f6861e44ae6a086aa00a2665a48660f4c696ae9a00a9a61f1d7bc6ee', '146219033bf143ec6b311eeee908601b103beb31ce859952861bee5fd683f669', '891781862186a625918fc8d17692fc23185e7d02a66542688d3edab4c71a84f4', 'fca4d531698f05eb60604d4dcabebc559a1cf6abd39e91bb7f7483e9f9b3cb47']",1548083724589
541,900895bf0189ac93466ed1711a9b6ee1ceae09b95870d5975eaf02656708b644,"[-0.096270352602005, 0.058467552065849304, -0.2514086365699768, 0.09127703309059143, -0.0839085727930069, -0.0597466379404068, -0.028470510616898537, -0.052702005952596664, -0.05093714967370033, 0.004986933898180723, -0.04582701623439789, 0.016579698771238327, -0.04182472079992294, -0.024600911885499954, -0.060156501829624176, -0.04503177851438522, -0.0607207790017128, -0.21655777096748352, -0.008908936753869057, -0.027723314240574837, -0.0780385285615921, 0.09793488681316376, -0.029516784474253654, -0.048185061663389206, -0.038491275161504745, -0.15457604825496674, -0.0279096532613039, -0.06663163006305695, -0.19850124418735504, -0.1631268709897995, 0.11131718754768372, 0.08481980115175247, 0.052000492811203, -0.004962017759680748, -0.03294195234775543, 0.01672445237636566, -0.06258219480514526, -0.004389725625514984, -0.005923510529100895, -0.1399461030960083, 0.0017047859728336334, 0.0009426239412277937, 0.006606359034776688, -0.018154438585042953, 0.02247186377644539, 0.049120932817459106, 0.06918295472860336, -0.04237794876098633, 0.11969989538192749, -0.00435751723125577]",,"['173b93bfa1ae97fa4add94a74f22803e2a472eeb4924652e1f33ae503a33f286', '443bf9fb3fc32e86fd3e29f59d66a9b326289fa8cb7608356ecd880413304519', '2f427eb6809969a8fc04070339645060b0b4b101d4f70b09dfe420eab1cf5ef3', '8155a18b8288dd00ff503db9f32f6f87eac9dc93581cb4abeb6c07a16e247f1a', 'fd37b09ede490907ff3bf6cc9dec1c07947cbe453dbe9925d98106c7654e296c', '1938661213876cd1d4aef1f1be50921a1b39f6fc5f5664aeedf9ff802fe6e4cb', '1ec6f8b2c01aac37ce21f4a5dcd6e17d3b54669d70c7d51e554ded5f18124539', 'e2bfc11fb40dda1b2b561166bf1062da98049b65cc0697ca09d7184496851993', 'b9381d4ffcb80b7bdc66514f30dad0f6415af50f31ee751369c3e40f19d35611', 'dd38de9d550a257189e4e446ff9d30133ffb017aed57ea5e3cedf704ea3431dc', '70f4c824092b809324f2e4d5217284c7133b357c67ada06f95ed686020a9e8d2', 'a08e60614a67426d58c6ee39ac2a487d0c5ee75a25e982d5c6d4059efae2f49a', '7e74ba2457113a23de56c16f87507711b7b3a97452939e8e539610a30cde1c39', '1a86f68ca74ce7d4f9e2e28a609d8d6ffacae5005efcdf482d31171b932cfc0a', 'bf6d42b2de1892b21c0c4bc3c295106bf25e9f185ebadc351bb776a89c5ca4db', '875a12dd76ed0b9df7b499774c27c0b0ed5ad8e4338a89b16c540f3873710779', '669b6524e3cf2930772e0aead3fb40e13aa92007869c0a107cf33b8455b3204b', '06d59cf83cff25d20a8bc741738b6711aa67704d1dfce2de52cd5953c19c76d2', '04c97fe82511ef28c3248e417073bbfa461e12ab354e68c409b483eb03ee43d9', 'ac728cb913304d86b14ba42f5a6b746415d6ad0b4b40e321b76670f82dabdec4', '123409d971f33c298dedce3bde1927af64d87ef1ab4a2bb11fdd6899d3fae3a4', '06790414f6861e44ae6a086aa00a2665a48660f4c696ae9a00a9a61f1d7bc6ee', '146219033bf143ec6b311eeee908601b103beb31ce859952861bee5fd683f669', '891781862186a625918fc8d17692fc23185e7d02a66542688d3edab4c71a84f4', 'fca4d531698f05eb60604d4dcabebc559a1cf6abd39e91bb7f7483e9f9b3cb47']",1548083724589
542,900895bf0189ac93466ed1711a9b6ee1ceae09b95870d5975eaf02656708b644,"[-0.096270352602005, 0.058467552065849304, -0.2514086365699768, 0.09127703309059143, -0.0839085727930069, -0.0597466379404068, -0.028470510616898537, -0.052702005952596664, -0.05093714967370033, 0.004986933898180723, -0.04582701623439789, 0.016579698771238327, -0.04182472079992294, -0.024600911885499954, -0.060156501829624176, -0.04503177851438522, -0.0607207790017128, -0.21655777096748352, -0.008908936753869057, -0.027723314240574837, -0.0780385285615921, 0.09793488681316376, -0.029516784474253654, -0.048185061663389206, -0.038491275161504745, -0.15457604825496674, -0.0279096532613039, -0.06663163006305695, -0.19850124418735504, -0.1631268709897995, 0.11131718754768372, 0.08481980115175247, 0.052000492811203, -0.004962017759680748, -0.03294195234775543, 0.01672445237636566, -0.06258219480514526, -0.004389725625514984, -0.005923510529100895, -0.1399461030960083, 0.0017047859728336334, 0.0009426239412277937, 0.006606359034776688, -0.018154438585042953, 0.02247186377644539, 0.049120932817459106, 0.06918295472860336, -0.04237794876098633, 0.11969989538192749, -0.00435751723125577]",,"['173b93bfa1ae97fa4add94a74f22803e2a472eeb4924652e1f33ae503a33f286', '443bf9fb3fc32e86fd3e29f59d66a9b326289fa8cb7608356ecd880413304519', '2f427eb6809969a8fc04070339645060b0b4b101d4f70b09dfe420eab1cf5ef3', '8155a18b8288dd00ff503db9f32f6f87eac9dc93581cb4abeb6c07a16e247f1a', 'fd37b09ede490907ff3bf6cc9dec1c07947cbe453dbe9925d98106c7654e296c', '1938661213876cd1d4aef1f1be50921a1b39f6fc5f5664aeedf9ff802fe6e4cb', '1ec6f8b2c01aac37ce21f4a5dcd6e17d3b54669d70c7d51e554ded5f18124539', 'e2bfc11fb40dda1b2b561166bf1062da98049b65cc0697ca09d7184496851993', 'b9381d4ffcb80b7bdc66514f30dad0f6415af50f31ee751369c3e40f19d35611', 'dd38de9d550a257189e4e446ff9d30133ffb017aed57ea5e3cedf704ea3431dc', '70f4c824092b809324f2e4d5217284c7133b357c67ada06f95ed686020a9e8d2', 'a08e60614a67426d58c6ee39ac2a487d0c5ee75a25e982d5c6d4059efae2f49a', '7e74ba2457113a23de56c16f87507711b7b3a97452939e8e539610a30cde1c39', '1a86f68ca74ce7d4f9e2e28a609d8d6ffacae5005efcdf482d31171b932cfc0a', 'bf6d42b2de1892b21c0c4bc3c295106bf25e9f185ebadc351bb776a89c5ca4db', '875a12dd76ed0b9df7b499774c27c0b0ed5ad8e4338a89b16c540f3873710779', '669b6524e3cf2930772e0aead3fb40e13aa92007869c0a107cf33b8455b3204b', '06d59cf83cff25d20a8bc741738b6711aa67704d1dfce2de52cd5953c19c76d2', '04c97fe82511ef28c3248e417073bbfa461e12ab354e68c409b483eb03ee43d9', 'ac728cb913304d86b14ba42f5a6b746415d6ad0b4b40e321b76670f82dabdec4', '123409d971f33c298dedce3bde1927af64d87ef1ab4a2bb11fdd6899d3fae3a4', '06790414f6861e44ae6a086aa00a2665a48660f4c696ae9a00a9a61f1d7bc6ee', '146219033bf143ec6b311eeee908601b103beb31ce859952861bee5fd683f669', '891781862186a625918fc8d17692fc23185e7d02a66542688d3edab4c71a84f4', 'fca4d531698f05eb60604d4dcabebc559a1cf6abd39e91bb7f7483e9f9b3cb47']",1548083724589
543,900895bf0189ac93466ed1711a9b6ee1ceae09b95870d5975eaf02656708b644,"[-0.04652419686317444, -0.05447661504149437, 0.07737057656049728, 0.19475141167640686, 0.0079469233751297, 0.17891216278076172, 0.057613156735897064, 0.17417797446250916, 0.08569550514221191, -0.2127639204263687, 0.1835547834634781, 0.06943431496620178, -0.07199984788894653, -0.02087673917412758, -0.01783292181789875, 0.15275517106056213, 0.06652291119098663, -0.12478405237197876, 0.09475521743297577, -0.1550564169883728, -0.018924178555607796, 0.03247068077325821, 0.09401042759418488, -0.07564452290534973, -0.0007567256689071655, -0.00817393884062767, 0.0240447036921978, -0.1267344206571579, 0.03513669595122337, 0.07299201190471649, -0.011814124882221222, 0.03857235983014107, 0.15609332919120789, -0.03634432703256607, 0.03836352378129959, 0.13006854057312012, 0.011313256807625294, -0.007655930705368519, -0.1274484395980835, -0.0647880807518959, -0.06352395564317703, 0.07112094759941101, 0.005203233100473881, 0.019047915935516357, 0.11363931000232697, -0.03487041965126991, 0.005928749684244394, 0.010879149660468102, -0.02998136542737484, 0.03243367001414299]",,,1548085270163
544,900895bf0189ac93466ed1711a9b6ee1ceae09b95870d5975eaf02656708b644,"[-0.04652419686317444, -0.05447661504149437, 0.07737057656049728, 0.19475141167640686, 0.0079469233751297, 0.17891216278076172, 0.057613156735897064, 0.17417797446250916, 0.08569550514221191, -0.2127639204263687, 0.1835547834634781, 0.06943431496620178, -0.07199984788894653, -0.02087673917412758, -0.01783292181789875, 0.15275517106056213, 0.06652291119098663, -0.12478405237197876, 0.09475521743297577, -0.1550564169883728, -0.018924178555607796, 0.03247068077325821, 0.09401042759418488, -0.07564452290534973, -0.0007567256689071655, -0.00817393884062767, 0.0240447036921978, -0.1267344206571579, 0.03513669595122337, 0.07299201190471649, -0.011814124882221222, 0.03857235983014107, 0.15609332919120789, -0.03634432703256607, 0.03836352378129959, 0.13006854057312012, 0.011313256807625294, -0.007655930705368519, -0.1274484395980835, -0.0647880807518959, -0.06352395564317703, 0.07112094759941101, 0.005203233100473881, 0.019047915935516357, 0.11363931000232697, -0.03487041965126991, 0.005928749684244394, 0.010879149660468102, -0.02998136542737484, 0.03243367001414299]",,,1548085270163
545,900895bf0189ac93466ed1711a9b6ee1ceae09b95870d5975eaf02656708b644,"[-0.04652419686317444, -0.05447661504149437, 0.07737057656049728, 0.19475141167640686, 0.0079469233751297, 0.17891216278076172, 0.057613156735897064, 0.17417797446250916, 0.08569550514221191, -0.2127639204263687, 0.1835547834634781, 0.06943431496620178, -0.07199984788894653, -0.02087673917412758, -0.01783292181789875, 0.15275517106056213, 0.06652291119098663, -0.12478405237197876, 0.09475521743297577, -0.1550564169883728, -0.018924178555607796, 0.03247068077325821, 0.09401042759418488, -0.07564452290534973, -0.0007567256689071655, -0.00817393884062767, 0.0240447036921978, -0.1267344206571579, 0.03513669595122337, 0.07299201190471649, -0.011814124882221222, 0.03857235983014107, 0.15609332919120789, -0.03634432703256607, 0.03836352378129959, 0.13006854057312012, 0.011313256807625294, -0.007655930705368519, -0.1274484395980835, -0.0647880807518959, -0.06352395564317703, 0.07112094759941101, 0.005203233100473881, 0.019047915935516357, 0.11363931000232697, -0.03487041965126991, 0.005928749684244394, 0.010879149660468102, -0.02998136542737484, 0.03243367001414299]",,,1548085270163
546,900895bf0189ac93466ed1711a9b6ee1ceae09b95870d5975eaf02656708b644,"[-0.04652419686317444, -0.05447661504149437, 0.07737057656049728, 0.19475141167640686, 0.0079469233751297, 0.17891216278076172, 0.057613156735897064, 0.17417797446250916, 0.08569550514221191, -0.2127639204263687, 0.1835547834634781, 0.06943431496620178, -0.07199984788894653, -0.02087673917412758, -0.01783292181789875, 0.15275517106056213, 0.06652291119098663, -0.12478405237197876, 0.09475521743297577, -0.1550564169883728, -0.018924178555607796, 0.03247068077325821, 0.09401042759418488, -0.07564452290534973, -0.0007567256689071655, -0.00817393884062767, 0.0240447036921978, -0.1267344206571579, 0.03513669595122337, 0.07299201190471649, -0.011814124882221222, 0.03857235983014107, 0.15609332919120789, -0.03634432703256607, 0.03836352378129959, 0.13006854057312012, 0.011313256807625294, -0.007655930705368519, -0.1274484395980835, -0.0647880807518959, -0.06352395564317703, 0.07112094759941101, 0.005203233100473881, 0.019047915935516357, 0.11363931000232697, -0.03487041965126991, 0.005928749684244394, 0.010879149660468102, -0.02998136542737484, 0.03243367001414299]",,,1548085270163
547,900895bf0189ac93466ed1711a9b6ee1ceae09b95870d5975eaf02656708b644,"[-0.05432254076004028, 0.12053728103637695, -0.1445896178483963, 0.2562639117240906, 0.03314827382564545, 0.029761938378214836, 0.10453931987285614, 0.10684311389923096, 0.0891469419002533, -0.1667233109474182, 0.09073162823915482, -0.01643689163029194, -0.06314629316329956, -0.027539066970348358, -0.051308587193489075, 0.06728740781545639, 0.06483159959316254, -0.24325144290924072, 0.1066952794790268, -0.1580904722213745, -0.09223031252622604, 0.05805853754281998, 0.03885825350880623, -0.13216859102249146, 0.00847790576517582, -0.1271234154701233, 0.00011023925617337227, -0.22352170944213867, -0.11784441769123077, -0.09866731613874435, 0.10048852115869522, 0.07868827879428864, 0.22764122486114502, -0.0716351866722107, -0.00512775918468833, 0.09553980082273483, -0.06595597416162491, -0.02189621888101101, -0.14821872115135193, -0.13674688339233398, -0.0361524298787117, 0.06921576708555222, 0.042507611215114594, 0.0011240104213356972, 0.10687536001205444, 0.0018072240054607391, 0.10010950267314911, -0.06772766262292862, 0.027083806693553925, -0.0056968796998262405]",,"['631e21f95473f5cef814a54ec9213205c26dc2c5f692ea726de501b9e93cbd5b', '3d1c077ec4df406d6f6875f0aaa9298deefdd03ee7a68e6a4fcb6ac31755b7cd', '9ff34a6846e837c1ae78cda597588cfaf0af05bdb210debfae489538723bae6a', 'a8dd371118516bef14b5ef5f3bb88799ed8bf4845a003767c6d2c0344e315916', 'fce0d398f5fa7ae1c0be74e21a8531f408768bdfe3816b825c6ba7a73495d7ea', '573ddc904e92e2350d3e3444086615c514a3075bf2c2751e11b505301cb48f1e', '475ccae7e43555857e62e06b885f37a1ae962817227191309c98b00ae5387af9', '1f5ee068e8f0e866ccef078dfbb87efae2a198547a544b29d4a3e720983a8f46', '8dd86c224a8360ad3f19488513a9a444c559599df7621ae46d74702fe892e132', '5724829d19bf8579eef935255a585bf135db27952331da9523fccb2e80353c5c', '7c75918ca7c5e1359d47a833222c2087550198d46898b9d9419356439072422b', '96b86dadc2484bc4131a758e9f876c7b52fabac1b827dfbd89376f8724f89378', '4266de5d5529c68741af71cb9ee9be58a20a72a250af31223b49a5a5e3de653a', '9820aeccd9768988b3223bc0731c9c9b6f08cb6ee6ba7cb8058c7553944637b8', 'ece4dc358fb981990bf0b2f83ce15c29f7a04219e89c21e5d25717acd8b4fbfe', 'faca040305181147d1f8a334ca47eab9f9255d78ef8cd44bfdf293ba062bbfa1', '832b5106f79ee5e8e5ce7a7f2763cd2e3cd5508bbe94b3a6c0331dbb79383e5e', 'd606d3dff67db76ad010e07d9b171bc5a1824f59f7c5a962564dd8ee21ed5589', 'efc92e0bfbd8946c2f7f8cfd88414145a425d906cbf25390d6e18c6d6d7fb35d', '113e645c5637c867394ba6d9adb8c5ea064a78cadef371f524aebd7cf44f7aa8', 'b651b5744dcdaf3d76dd4eeb564de3eb7907d9482d61814101d221f2363354ca', 'e946e794baa9ca1d6d6edf4efff10fd75a7c6033b7a6647dd800fc513c832955', '353d3b1ff78fa443c8ba48e33bb1c3275a69d86a0d7f74df94cd4289cf72d817', '59708edb28c93bd5d4b991bb59f348d8875529cf0dae6f9d4e0f3f33f065502d', 'f3f7f4435ebb91b37129666fa81b2b41c024a710f156952558c39a298a9670d2']",1548085286923
548,900895bf0189ac93466ed1711a9b6ee1ceae09b95870d5975eaf02656708b644,"[-0.05432254076004028, 0.12053728103637695, -0.1445896178483963, 0.2562639117240906, 0.03314827382564545, 0.029761938378214836, 0.10453931987285614, 0.10684311389923096, 0.0891469419002533, -0.1667233109474182, 0.09073162823915482, -0.01643689163029194, -0.06314629316329956, -0.027539066970348358, -0.051308587193489075, 0.06728740781545639, 0.06483159959316254, -0.24325144290924072, 0.1066952794790268, -0.1580904722213745, -0.09223031252622604, 0.05805853754281998, 0.03885825350880623, -0.13216859102249146, 0.00847790576517582, -0.1271234154701233, 0.00011023925617337227, -0.22352170944213867, -0.11784441769123077, -0.09866731613874435, 0.10048852115869522, 0.07868827879428864, 0.22764122486114502, -0.0716351866722107, -0.00512775918468833, 0.09553980082273483, -0.06595597416162491, -0.02189621888101101, -0.14821872115135193, -0.13674688339233398, -0.0361524298787117, 0.06921576708555222, 0.042507611215114594, 0.0011240104213356972, 0.10687536001205444, 0.0018072240054607391, 0.10010950267314911, -0.06772766262292862, 0.027083806693553925, -0.0056968796998262405]",,"['631e21f95473f5cef814a54ec9213205c26dc2c5f692ea726de501b9e93cbd5b', '3d1c077ec4df406d6f6875f0aaa9298deefdd03ee7a68e6a4fcb6ac31755b7cd', '9ff34a6846e837c1ae78cda597588cfaf0af05bdb210debfae489538723bae6a', 'a8dd371118516bef14b5ef5f3bb88799ed8bf4845a003767c6d2c0344e315916', 'fce0d398f5fa7ae1c0be74e21a8531f408768bdfe3816b825c6ba7a73495d7ea', '573ddc904e92e2350d3e3444086615c514a3075bf2c2751e11b505301cb48f1e', '475ccae7e43555857e62e06b885f37a1ae962817227191309c98b00ae5387af9', '1f5ee068e8f0e866ccef078dfbb87efae2a198547a544b29d4a3e720983a8f46', '8dd86c224a8360ad3f19488513a9a444c559599df7621ae46d74702fe892e132', '5724829d19bf8579eef935255a585bf135db27952331da9523fccb2e80353c5c', '7c75918ca7c5e1359d47a833222c2087550198d46898b9d9419356439072422b', '96b86dadc2484bc4131a758e9f876c7b52fabac1b827dfbd89376f8724f89378', '4266de5d5529c68741af71cb9ee9be58a20a72a250af31223b49a5a5e3de653a', '9820aeccd9768988b3223bc0731c9c9b6f08cb6ee6ba7cb8058c7553944637b8', 'ece4dc358fb981990bf0b2f83ce15c29f7a04219e89c21e5d25717acd8b4fbfe', 'faca040305181147d1f8a334ca47eab9f9255d78ef8cd44bfdf293ba062bbfa1', '832b5106f79ee5e8e5ce7a7f2763cd2e3cd5508bbe94b3a6c0331dbb79383e5e', 'd606d3dff67db76ad010e07d9b171bc5a1824f59f7c5a962564dd8ee21ed5589', 'efc92e0bfbd8946c2f7f8cfd88414145a425d906cbf25390d6e18c6d6d7fb35d', '113e645c5637c867394ba6d9adb8c5ea064a78cadef371f524aebd7cf44f7aa8', 'b651b5744dcdaf3d76dd4eeb564de3eb7907d9482d61814101d221f2363354ca', 'e946e794baa9ca1d6d6edf4efff10fd75a7c6033b7a6647dd800fc513c832955', '353d3b1ff78fa443c8ba48e33bb1c3275a69d86a0d7f74df94cd4289cf72d817', '59708edb28c93bd5d4b991bb59f348d8875529cf0dae6f9d4e0f3f33f065502d', 'f3f7f4435ebb91b37129666fa81b2b41c024a710f156952558c39a298a9670d2']",1548085286923
549,900895bf0189ac93466ed1711a9b6ee1ceae09b95870d5975eaf02656708b644,"[-0.05432254076004028, 0.12053728103637695, -0.1445896178483963, 0.2562639117240906, 0.03314827382564545, 0.029761938378214836, 0.10453931987285614, 0.10684311389923096, 0.0891469419002533, -0.1667233109474182, 0.09073162823915482, -0.01643689163029194, -0.06314629316329956, -0.027539066970348358, -0.051308587193489075, 0.06728740781545639, 0.06483159959316254, -0.24325144290924072, 0.1066952794790268, -0.1580904722213745, -0.09223031252622604, 0.05805853754281998, 0.03885825350880623, -0.13216859102249146, 0.00847790576517582, -0.1271234154701233, 0.00011023925617337227, -0.22352170944213867, -0.11784441769123077, -0.09866731613874435, 0.10048852115869522, 0.07868827879428864, 0.22764122486114502, -0.0716351866722107, -0.00512775918468833, 0.09553980082273483, -0.06595597416162491, -0.02189621888101101, -0.14821872115135193, -0.13674688339233398, -0.0361524298787117, 0.06921576708555222, 0.042507611215114594, 0.0011240104213356972, 0.10687536001205444, 0.0018072240054607391, 0.10010950267314911, -0.06772766262292862, 0.027083806693553925, -0.0056968796998262405]",,"['631e21f95473f5cef814a54ec9213205c26dc2c5f692ea726de501b9e93cbd5b', '3d1c077ec4df406d6f6875f0aaa9298deefdd03ee7a68e6a4fcb6ac31755b7cd', '9ff34a6846e837c1ae78cda597588cfaf0af05bdb210debfae489538723bae6a', 'a8dd371118516bef14b5ef5f3bb88799ed8bf4845a003767c6d2c0344e315916', 'fce0d398f5fa7ae1c0be74e21a8531f408768bdfe3816b825c6ba7a73495d7ea', '573ddc904e92e2350d3e3444086615c514a3075bf2c2751e11b505301cb48f1e', '475ccae7e43555857e62e06b885f37a1ae962817227191309c98b00ae5387af9', '1f5ee068e8f0e866ccef078dfbb87efae2a198547a544b29d4a3e720983a8f46', '8dd86c224a8360ad3f19488513a9a444c559599df7621ae46d74702fe892e132', '5724829d19bf8579eef935255a585bf135db27952331da9523fccb2e80353c5c', '7c75918ca7c5e1359d47a833222c2087550198d46898b9d9419356439072422b', '96b86dadc2484bc4131a758e9f876c7b52fabac1b827dfbd89376f8724f89378', '4266de5d5529c68741af71cb9ee9be58a20a72a250af31223b49a5a5e3de653a', '9820aeccd9768988b3223bc0731c9c9b6f08cb6ee6ba7cb8058c7553944637b8', 'ece4dc358fb981990bf0b2f83ce15c29f7a04219e89c21e5d25717acd8b4fbfe', 'faca040305181147d1f8a334ca47eab9f9255d78ef8cd44bfdf293ba062bbfa1', '832b5106f79ee5e8e5ce7a7f2763cd2e3cd5508bbe94b3a6c0331dbb79383e5e', 'd606d3dff67db76ad010e07d9b171bc5a1824f59f7c5a962564dd8ee21ed5589', 'efc92e0bfbd8946c2f7f8cfd88414145a425d906cbf25390d6e18c6d6d7fb35d', '113e645c5637c867394ba6d9adb8c5ea064a78cadef371f524aebd7cf44f7aa8', 'b651b5744dcdaf3d76dd4eeb564de3eb7907d9482d61814101d221f2363354ca', 'e946e794baa9ca1d6d6edf4efff10fd75a7c6033b7a6647dd800fc513c832955', '353d3b1ff78fa443c8ba48e33bb1c3275a69d86a0d7f74df94cd4289cf72d817', '59708edb28c93bd5d4b991bb59f348d8875529cf0dae6f9d4e0f3f33f065502d', 'f3f7f4435ebb91b37129666fa81b2b41c024a710f156952558c39a298a9670d2']",1548085286923
550,900895bf0189ac93466ed1711a9b6ee1ceae09b95870d5975eaf02656708b644,"[-0.05432254076004028, 0.12053728103637695, -0.1445896178483963, 0.2562639117240906, 0.03314827382564545, 0.029761938378214836, 0.10453931987285614, 0.10684311389923096, 0.0891469419002533, -0.1667233109474182, 0.09073162823915482, -0.01643689163029194, -0.06314629316329956, -0.027539066970348358, -0.051308587193489075, 0.06728740781545639, 0.06483159959316254, -0.24325144290924072, 0.1066952794790268, -0.1580904722213745, -0.09223031252622604, 0.05805853754281998, 0.03885825350880623, -0.13216859102249146, 0.00847790576517582, -0.1271234154701233, 0.00011023925617337227, -0.22352170944213867, -0.11784441769123077, -0.09866731613874435, 0.10048852115869522, 0.07868827879428864, 0.22764122486114502, -0.0716351866722107, -0.00512775918468833, 0.09553980082273483, -0.06595597416162491, -0.02189621888101101, -0.14821872115135193, -0.13674688339233398, -0.0361524298787117, 0.06921576708555222, 0.042507611215114594, 0.0011240104213356972, 0.10687536001205444, 0.0018072240054607391, 0.10010950267314911, -0.06772766262292862, 0.027083806693553925, -0.0056968796998262405]",,"['631e21f95473f5cef814a54ec9213205c26dc2c5f692ea726de501b9e93cbd5b', '3d1c077ec4df406d6f6875f0aaa9298deefdd03ee7a68e6a4fcb6ac31755b7cd', '9ff34a6846e837c1ae78cda597588cfaf0af05bdb210debfae489538723bae6a', 'a8dd371118516bef14b5ef5f3bb88799ed8bf4845a003767c6d2c0344e315916', 'fce0d398f5fa7ae1c0be74e21a8531f408768bdfe3816b825c6ba7a73495d7ea', '573ddc904e92e2350d3e3444086615c514a3075bf2c2751e11b505301cb48f1e', '475ccae7e43555857e62e06b885f37a1ae962817227191309c98b00ae5387af9', '1f5ee068e8f0e866ccef078dfbb87efae2a198547a544b29d4a3e720983a8f46', '8dd86c224a8360ad3f19488513a9a444c559599df7621ae46d74702fe892e132', '5724829d19bf8579eef935255a585bf135db27952331da9523fccb2e80353c5c', '7c75918ca7c5e1359d47a833222c2087550198d46898b9d9419356439072422b', '96b86dadc2484bc4131a758e9f876c7b52fabac1b827dfbd89376f8724f89378', '4266de5d5529c68741af71cb9ee9be58a20a72a250af31223b49a5a5e3de653a', '9820aeccd9768988b3223bc0731c9c9b6f08cb6ee6ba7cb8058c7553944637b8', 'ece4dc358fb981990bf0b2f83ce15c29f7a04219e89c21e5d25717acd8b4fbfe', 'faca040305181147d1f8a334ca47eab9f9255d78ef8cd44bfdf293ba062bbfa1', '832b5106f79ee5e8e5ce7a7f2763cd2e3cd5508bbe94b3a6c0331dbb79383e5e', 'd606d3dff67db76ad010e07d9b171bc5a1824f59f7c5a962564dd8ee21ed5589', 'efc92e0bfbd8946c2f7f8cfd88414145a425d906cbf25390d6e18c6d6d7fb35d', '113e645c5637c867394ba6d9adb8c5ea064a78cadef371f524aebd7cf44f7aa8', 'b651b5744dcdaf3d76dd4eeb564de3eb7907d9482d61814101d221f2363354ca', 'e946e794baa9ca1d6d6edf4efff10fd75a7c6033b7a6647dd800fc513c832955', '353d3b1ff78fa443c8ba48e33bb1c3275a69d86a0d7f74df94cd4289cf72d817', '59708edb28c93bd5d4b991bb59f348d8875529cf0dae6f9d4e0f3f33f065502d', 'f3f7f4435ebb91b37129666fa81b2b41c024a710f156952558c39a298a9670d2']",1548085286923
551,e7602e0e892037395ec448e0b831497faba412e91ef302b8078c332036688d71,"[-0.019071705639362335, 0.03218892961740494, -0.1713026612997055, 0.13433334231376648, 0.11027057468891144, -0.16638541221618652, 0.06264155358076096, -0.0845864787697792, -0.09362118691205978, 0.00020590052008628845, 0.007857471704483032, -0.05715727061033249, 0.026069030165672302, 0.1472412645816803, 0.010809969156980515, 0.12198862433433533, -0.05142751336097717, 0.019164226949214935, -0.09196098893880844, -0.007481597363948822, -0.041026171296834946, -0.0004524011164903641, 0.040029652416706085, 0.008310901001095772, -0.006689039058983326, -0.02012709155678749, 0.02991016022861004, -0.08294565975666046, 0.04904741048812866, 0.03411594778299332, 0.030763329938054085, 0.04741748794913292, -0.02159203216433525, -0.019912373274564743, 0.07376854866743088, 0.005848271306604147, 0.0735044777393341, -0.008596016094088554, -0.0007494710152968764, 0.022090958431363106, -0.0876440480351448, 0.05913510546088219, 0.04940135404467583, 0.01484073419123888, -0.07297670096158981, 0.08601929247379303, -0.04378367215394974, 0.01392214372754097, -0.03411896899342537, 0.07772950828075409]",,"['fe97cd0fc52c0d193f7ca64b708b0d147ada240a444a0d066870d4b7f5771ca3', 'd198a1fcd4a99cbb94d7583ef23009442dd681101dfe17388dfbd4693837ebb7', '8258dbf129d320b37714c9c4f0294570aa5e74cba38f783db5fff2eeea9a442b', '7e91c69d87fbf09b5b4cc6e6b557f3fe56a7274da2aea53a002105309faae51c', '68c9f65cb959bc28b56974709d443d1d15c835733661c4ab07a898dd194c3f6c', '582a97a315757b83d2c73dde92c5fad1307ae0f073c7bb02cfa4809a36893c71', 'ee50dbc1fc9d508df42d6d1d267d094ac841d0dd29e64058a2b7f6b510467322', '5229ebd9306333f37640487b7ad09c6c10dc01107db68fa00f0a5404a0492d76']",1547909598145
552,e7602e0e892037395ec448e0b831497faba412e91ef302b8078c332036688d71,"[-0.019071705639362335, 0.03218892961740494, -0.1713026612997055, 0.13433334231376648, 0.11027057468891144, -0.16638541221618652, 0.06264155358076096, -0.0845864787697792, -0.09362118691205978, 0.00020590052008628845, 0.007857471704483032, -0.05715727061033249, 0.026069030165672302, 0.1472412645816803, 0.010809969156980515, 0.12198862433433533, -0.05142751336097717, 0.019164226949214935, -0.09196098893880844, -0.007481597363948822, -0.041026171296834946, -0.0004524011164903641, 0.040029652416706085, 0.008310901001095772, -0.006689039058983326, -0.02012709155678749, 0.02991016022861004, -0.08294565975666046, 0.04904741048812866, 0.03411594778299332, 0.030763329938054085, 0.04741748794913292, -0.02159203216433525, -0.019912373274564743, 0.07376854866743088, 0.005848271306604147, 0.0735044777393341, -0.008596016094088554, -0.0007494710152968764, 0.022090958431363106, -0.0876440480351448, 0.05913510546088219, 0.04940135404467583, 0.01484073419123888, -0.07297670096158981, 0.08601929247379303, -0.04378367215394974, 0.01392214372754097, -0.03411896899342537, 0.07772950828075409]",,"['fe97cd0fc52c0d193f7ca64b708b0d147ada240a444a0d066870d4b7f5771ca3', 'd198a1fcd4a99cbb94d7583ef23009442dd681101dfe17388dfbd4693837ebb7', '8258dbf129d320b37714c9c4f0294570aa5e74cba38f783db5fff2eeea9a442b', '7e91c69d87fbf09b5b4cc6e6b557f3fe56a7274da2aea53a002105309faae51c', '68c9f65cb959bc28b56974709d443d1d15c835733661c4ab07a898dd194c3f6c', '582a97a315757b83d2c73dde92c5fad1307ae0f073c7bb02cfa4809a36893c71', 'ee50dbc1fc9d508df42d6d1d267d094ac841d0dd29e64058a2b7f6b510467322', '5229ebd9306333f37640487b7ad09c6c10dc01107db68fa00f0a5404a0492d76']",1547909598145
553,e7602e0e892037395ec448e0b831497faba412e91ef302b8078c332036688d71,"[-0.00489260908216238, 0.04560422897338867, -0.1688736379146576, 0.12460312247276306, 0.10877461731433868, -0.16008666157722473, 0.057629168033599854, -0.08712560683488846, -0.0892711877822876, -0.002910905284807086, 0.007464712485671043, -0.056272298097610474, 0.033472273498773575, 0.14927908778190613, 0.013106663711369038, 0.11779116094112396, -0.06380490958690643, 0.03158607333898544, -0.09078165888786316, -0.008671361953020096, -0.0428309291601181, -0.0025943913497030735, 0.03575747832655907, 0.024700455367565155, -0.027952246367931366, -0.005538923665881157, 0.03933308646082878, -0.04772820323705673, 0.0428437776863575, -0.009683621115982533, 0.04707620292901993, 0.10901512205600739, 0.005427709314972162, 0.0011695325374603271, 0.026786282658576965, -0.006251455284655094, 0.03433113917708397, 0.009335016831755638, -0.014482519589364529, -0.007658427115529776, -0.09082117676734924, 0.04013017192482948, 0.10836674273014069, -0.0011130883358418941, -0.022295963019132614, 0.08581696450710297, -0.09649509191513062, 0.0089497659355402, -0.02035841904580593, 0.08044351637363434]",,"['11204f9fa3590bb4e284d51a377f60e153f3a56f592a11128284b95a014ed88c', '630fdce8218802ce25c60058fd0ca3d5b598816f42698bb8aa47cf289b2fa4f1', '920744baab1b72aa10744f4e9917ee1adc17a0d03b50f07fed822b6d94dad113', 'f921ce4dd47cc0446226dd37c0c4cb0a6d595f2864fb176adeb8591f5bef3013', '8e4313bf84ee8adce834096230868d1a02f2dce0d180772af295dc0b878e458d']",1547909886548
554,e7602e0e892037395ec448e0b831497faba412e91ef302b8078c332036688d71,"[-0.00489260908216238, 0.04560422897338867, -0.1688736379146576, 0.12460312247276306, 0.10877461731433868, -0.16008666157722473, 0.057629168033599854, -0.08712560683488846, -0.0892711877822876, -0.002910905284807086, 0.007464712485671043, -0.056272298097610474, 0.033472273498773575, 0.14927908778190613, 0.013106663711369038, 0.11779116094112396, -0.06380490958690643, 0.03158607333898544, -0.09078165888786316, -0.008671361953020096, -0.0428309291601181, -0.0025943913497030735, 0.03575747832655907, 0.024700455367565155, -0.027952246367931366, -0.005538923665881157, 0.03933308646082878, -0.04772820323705673, 0.0428437776863575, -0.009683621115982533, 0.04707620292901993, 0.10901512205600739, 0.005427709314972162, 0.0011695325374603271, 0.026786282658576965, -0.006251455284655094, 0.03433113917708397, 0.009335016831755638, -0.014482519589364529, -0.007658427115529776, -0.09082117676734924, 0.04013017192482948, 0.10836674273014069, -0.0011130883358418941, -0.022295963019132614, 0.08581696450710297, -0.09649509191513062, 0.0089497659355402, -0.02035841904580593, 0.08044351637363434]",,"['11204f9fa3590bb4e284d51a377f60e153f3a56f592a11128284b95a014ed88c', '630fdce8218802ce25c60058fd0ca3d5b598816f42698bb8aa47cf289b2fa4f1', '920744baab1b72aa10744f4e9917ee1adc17a0d03b50f07fed822b6d94dad113', 'f921ce4dd47cc0446226dd37c0c4cb0a6d595f2864fb176adeb8591f5bef3013', '8e4313bf84ee8adce834096230868d1a02f2dce0d180772af295dc0b878e458d']",1547909886548
555,e7602e0e892037395ec448e0b831497faba412e91ef302b8078c332036688d71,"[0.04075820371508598, 0.12642034888267517, -0.14915204048156738, 0.03848499432206154, 0.10026818513870239, -0.07586059719324112, 0.06768231093883514, -0.08060629665851593, -0.07852961122989655, -0.04138021171092987, -0.030796827748417854, -0.11876745522022247, -0.008923601359128952, 0.02453368902206421, 0.0038185366429388523, 0.009271957911550999, -0.017341243103146553, 0.01980670914053917, -0.0025038691237568855, -0.029454082250595093, -0.037943385541439056, -0.004721213597804308, 0.042322851717472076, 0.020341401919722557, 0.006163580343127251, 0.02868785709142685, 0.05710764229297638, -0.06442439556121826, 0.02493889257311821, 0.05344384163618088, -0.013703166507184505, -0.01887996308505535, -0.047023531049489975, -0.01706334576010704, 0.0484711155295372, 0.009933995082974434, 0.00411975895985961, -0.017204470932483673, 0.0288737453520298, 0.05240926519036293, -0.04268660396337509, 0.022465605288743973, 0.0071892691776156425, 0.0025481977500021458, -0.05169898271560669, 0.014195185154676437, -0.02949538081884384, 0.012016774155199528, -0.036561597138643265, 0.012800509110093117]",,"['771c66a610557597eca018bd16ca85ae5ff3f522f96cab3e42f9424bf67718f1', '761949b3a8bdf2b8c948625741a7e2b04eb0a767375e6c414c53876cd42ecbde', 'fe97cd0fc52c0d193f7ca64b708b0d147ada240a444a0d066870d4b7f5771ca3', 'd198a1fcd4a99cbb94d7583ef23009442dd681101dfe17388dfbd4693837ebb7', '68c9f65cb959bc28b56974709d443d1d15c835733661c4ab07a898dd194c3f6c', '582a97a315757b83d2c73dde92c5fad1307ae0f073c7bb02cfa4809a36893c71', 'ee50dbc1fc9d508df42d6d1d267d094ac841d0dd29e64058a2b7f6b510467322', '5229ebd9306333f37640487b7ad09c6c10dc01107db68fa00f0a5404a0492d76', '81c270b2895b026c607bd75e222ea28b436d42f4ac0e94a7af92e01b690045a9', '148863e73e23cb5e9c6e0f97f91e935d59a7c215a6b9405d92f0804e8ade1fa7', '11204f9fa3590bb4e284d51a377f60e153f3a56f592a11128284b95a014ed88c', '630fdce8218802ce25c60058fd0ca3d5b598816f42698bb8aa47cf289b2fa4f1', '8258dbf129d320b37714c9c4f0294570aa5e74cba38f783db5fff2eeea9a442b', '7e91c69d87fbf09b5b4cc6e6b557f3fe56a7274da2aea53a002105309faae51c', '8e4313bf84ee8adce834096230868d1a02f2dce0d180772af295dc0b878e458d', '9b5a776d2d14cc773cb34b5ccb028fe9bf4b46455706c2ae2a191115ed1c884f', '920744baab1b72aa10744f4e9917ee1adc17a0d03b50f07fed822b6d94dad113', 'f921ce4dd47cc0446226dd37c0c4cb0a6d595f2864fb176adeb8591f5bef3013', '7c94567755ae2249e36a22b170b5c298f96c0c7e8ba31b488c781a0b0747bfc3', 'cd55268c93180016216da79ea7142cdbe19323af3f8c709b9c99142ab7627015', '986258be34addb0f4cc8f8ce0f7970add486c6a651c9c4580414e9fc1b31904b', 'c402a24a3eccb444021ede1230a153ce157a48819e35edfd38206876002970a1', '80562bb19bc23193e4e1d4767034f5917a266b61cd4498446c0523eb4ad2c9bc', 'c44b8c1621be42018ba71219b8fda948299d83ccdd37301d0f6e41a7413ba511', '848e6455a477ec99ac7e73980595e18da5ed00318731dfb3e4c481a082896c07']",1547909988949
556,e7602e0e892037395ec448e0b831497faba412e91ef302b8078c332036688d71,"[0.04075820371508598, 0.12642034888267517, -0.14915204048156738, 0.03848499432206154, 0.10026818513870239, -0.07586059719324112, 0.06768231093883514, -0.08060629665851593, -0.07852961122989655, -0.04138021171092987, -0.030796827748417854, -0.11876745522022247, -0.008923601359128952, 0.02453368902206421, 0.0038185366429388523, 0.009271957911550999, -0.017341243103146553, 0.01980670914053917, -0.0025038691237568855, -0.029454082250595093, -0.037943385541439056, -0.004721213597804308, 0.042322851717472076, 0.020341401919722557, 0.006163580343127251, 0.02868785709142685, 0.05710764229297638, -0.06442439556121826, 0.02493889257311821, 0.05344384163618088, -0.013703166507184505, -0.01887996308505535, -0.047023531049489975, -0.01706334576010704, 0.0484711155295372, 0.009933995082974434, 0.00411975895985961, -0.017204470932483673, 0.0288737453520298, 0.05240926519036293, -0.04268660396337509, 0.022465605288743973, 0.0071892691776156425, 0.0025481977500021458, -0.05169898271560669, 0.014195185154676437, -0.02949538081884384, 0.012016774155199528, -0.036561597138643265, 0.012800509110093117]",,"['771c66a610557597eca018bd16ca85ae5ff3f522f96cab3e42f9424bf67718f1', '761949b3a8bdf2b8c948625741a7e2b04eb0a767375e6c414c53876cd42ecbde', 'fe97cd0fc52c0d193f7ca64b708b0d147ada240a444a0d066870d4b7f5771ca3', 'd198a1fcd4a99cbb94d7583ef23009442dd681101dfe17388dfbd4693837ebb7', '68c9f65cb959bc28b56974709d443d1d15c835733661c4ab07a898dd194c3f6c', '582a97a315757b83d2c73dde92c5fad1307ae0f073c7bb02cfa4809a36893c71', 'ee50dbc1fc9d508df42d6d1d267d094ac841d0dd29e64058a2b7f6b510467322', '5229ebd9306333f37640487b7ad09c6c10dc01107db68fa00f0a5404a0492d76', '81c270b2895b026c607bd75e222ea28b436d42f4ac0e94a7af92e01b690045a9', '148863e73e23cb5e9c6e0f97f91e935d59a7c215a6b9405d92f0804e8ade1fa7', '11204f9fa3590bb4e284d51a377f60e153f3a56f592a11128284b95a014ed88c', '630fdce8218802ce25c60058fd0ca3d5b598816f42698bb8aa47cf289b2fa4f1', '8258dbf129d320b37714c9c4f0294570aa5e74cba38f783db5fff2eeea9a442b', '7e91c69d87fbf09b5b4cc6e6b557f3fe56a7274da2aea53a002105309faae51c', '8e4313bf84ee8adce834096230868d1a02f2dce0d180772af295dc0b878e458d', '9b5a776d2d14cc773cb34b5ccb028fe9bf4b46455706c2ae2a191115ed1c884f', '920744baab1b72aa10744f4e9917ee1adc17a0d03b50f07fed822b6d94dad113', 'f921ce4dd47cc0446226dd37c0c4cb0a6d595f2864fb176adeb8591f5bef3013', '7c94567755ae2249e36a22b170b5c298f96c0c7e8ba31b488c781a0b0747bfc3', 'cd55268c93180016216da79ea7142cdbe19323af3f8c709b9c99142ab7627015', '986258be34addb0f4cc8f8ce0f7970add486c6a651c9c4580414e9fc1b31904b', 'c402a24a3eccb444021ede1230a153ce157a48819e35edfd38206876002970a1', '80562bb19bc23193e4e1d4767034f5917a266b61cd4498446c0523eb4ad2c9bc', 'c44b8c1621be42018ba71219b8fda948299d83ccdd37301d0f6e41a7413ba511', '848e6455a477ec99ac7e73980595e18da5ed00318731dfb3e4c481a082896c07']",1547909988949
557,4dd21784367f3d7af9202fd23eb6b6cc1098d52c8f2016d01d5b02e092604d4e,"[-0.29376018047332764, 0.25603267550468445, 0.2815384566783905, -0.011386336758732796, 0.09542860090732574, -0.03212451934814453, -0.015554672107100487, 0.18608789145946503, -0.12378687411546707, 0.12824949622154236, -0.10716472566127777, -0.04294908791780472, 0.006088368594646454, -0.07326888293027878, 0.1263960897922516, -0.015990667045116425, -0.034945204854011536, 0.023945126682519913, -0.014331242069602013, -0.010598018765449524, 0.055458880960941315, -0.043599050492048264, -0.0375368595123291, -0.025885645300149918, -0.021767904981970787, -0.004297327250242233, 0.008303731679916382, 0.008609186857938766, -0.04722626507282257, -0.01266908273100853, -0.06760040670633316, 0.03430428355932236, 0.01782412827014923, 0.041577912867069244, -0.033088311553001404, -0.003922596573829651, 0.031188132241368294, -0.03788246959447861, 0.023175865411758423, 0.044632215052843094, 0.027023380622267723, 0.01710183545947075, 0.005802001804113388, 0.04311220347881317, -0.04050038754940033, -0.04370158165693283, 0.011661377735435963, 0.009577312506735325, 0.014584537595510483, 0.02341962233185768]",,"['2ab1ba02f7ca5ec008fd4286405f1f1ef7ae86f144010c8d353e1d2dfbab5431', '0801bda8c47e45e91ea33414f16311cb775583a93fda17bd142b04af70e57257', 'e4fbf04dff4c4b1e8526441145c45d41ac71b74d23de7d2b7887344c93de0b67', '32a1514f5936da9bdd7efa9a669dcf051795ac1b04997d6d16d2b6ed04c09204', '12fcdeb510fa500c3ba80cbfe595c56602a966ebb59772740df8970aa8f6230f', '602134898d9ef7c38879a6edc117f46aa0174cd4d4e94233fdceb398485c7eb2', 'c7486d134ebdef5378c67d408a42572ddd8b67d722cd6e8a87ae817a681824d1', 'ed313a8fb3d5bd09e8fca83b01fed2036a8f37e50fbee0230b18b1c3a8e960c7', '51f6e7b9c69889f74ec6248ddbeb4453329666640c2e623c1b56ec70cd691d35', '2117cef90db4e2d2030ff2bb1c7051860eee1456b82680e1d5fa6da13a61f427', '808477f80ad2aef7b924bd6c5b23467f638c50ad046f91f510dd317567c87a71', '99c131c0d5565a6f2c6b04187150f1c949ec73cdf99d3b26cbcf275fb598f6ae', '0ae538e84bde797b5ec5c571bf09f496b22fefa9a440c852fc7a6b3c945c2fe5', 'bf34aaa99f07a3cbdea194415938b48ce3a1cbc6790522153e67df1cf949e73c', 'e416bd5655dcaec7da7270032b1c7cf5e8ae9cca6994753aed05778d27fe52fc', 'e3729bbe3f580c11d145105e2153246f1cd031a72cdbd4d37bf2c8ac29003ca5', 'd46ba22c0525b5035387c6543137f783c512e4e115a482f7091d2c440cf77eab', '7699b0145a3bcf93c793c99423b6fe4055de16aa3a25453aeda8954bfcb5e165', '604d18ffe6890c43c3e3b7b12d16e870607c92f26d12c7b215d83aff043d4d4d', '86b549d55543157703077f420daca28a3defc296661afb07c5ab2653f4facbe8', '2b59ad4527d542b0a1b252ac12aa092628776f46112fbb3a0eeafddeeceeb0ae', 'e51843dedb117566b4dd4f8a98b4c90de876877af24e0629007b5e565076bfdd', '7f0a2f0565ce9d08949a07692d376ae9124a7fd8bcb152b69a80e23285da300d', 'f5cb6e688243d605a74bd31476884e96dae902e04f168b3d5e2b08c8bd8ac088', 'e102e45cf16f77027c455ab845e9ff48cd2d758fb8c7f2ed5f140b6613fe2ef2']",1548769574490
558,4dd21784367f3d7af9202fd23eb6b6cc1098d52c8f2016d01d5b02e092604d4e,"[-0.29376018047332764, 0.25603267550468445, 0.2815384566783905, -0.011386336758732796, 0.09542860090732574, -0.03212451934814453, -0.015554672107100487, 0.18608789145946503, -0.12378687411546707, 0.12824949622154236, -0.10716472566127777, -0.04294908791780472, 0.006088368594646454, -0.07326888293027878, 0.1263960897922516, -0.015990667045116425, -0.034945204854011536, 0.023945126682519913, -0.014331242069602013, -0.010598018765449524, 0.055458880960941315, -0.043599050492048264, -0.0375368595123291, -0.025885645300149918, -0.021767904981970787, -0.004297327250242233, 0.008303731679916382, 0.008609186857938766, -0.04722626507282257, -0.01266908273100853, -0.06760040670633316, 0.03430428355932236, 0.01782412827014923, 0.041577912867069244, -0.033088311553001404, -0.003922596573829651, 0.031188132241368294, -0.03788246959447861, 0.023175865411758423, 0.044632215052843094, 0.027023380622267723, 0.01710183545947075, 0.005802001804113388, 0.04311220347881317, -0.04050038754940033, -0.04370158165693283, 0.011661377735435963, 0.009577312506735325, 0.014584537595510483, 0.02341962233185768]",,"['2ab1ba02f7ca5ec008fd4286405f1f1ef7ae86f144010c8d353e1d2dfbab5431', '0801bda8c47e45e91ea33414f16311cb775583a93fda17bd142b04af70e57257', 'e4fbf04dff4c4b1e8526441145c45d41ac71b74d23de7d2b7887344c93de0b67', '32a1514f5936da9bdd7efa9a669dcf051795ac1b04997d6d16d2b6ed04c09204', '12fcdeb510fa500c3ba80cbfe595c56602a966ebb59772740df8970aa8f6230f', '602134898d9ef7c38879a6edc117f46aa0174cd4d4e94233fdceb398485c7eb2', 'c7486d134ebdef5378c67d408a42572ddd8b67d722cd6e8a87ae817a681824d1', 'ed313a8fb3d5bd09e8fca83b01fed2036a8f37e50fbee0230b18b1c3a8e960c7', '51f6e7b9c69889f74ec6248ddbeb4453329666640c2e623c1b56ec70cd691d35', '2117cef90db4e2d2030ff2bb1c7051860eee1456b82680e1d5fa6da13a61f427', '808477f80ad2aef7b924bd6c5b23467f638c50ad046f91f510dd317567c87a71', '99c131c0d5565a6f2c6b04187150f1c949ec73cdf99d3b26cbcf275fb598f6ae', '0ae538e84bde797b5ec5c571bf09f496b22fefa9a440c852fc7a6b3c945c2fe5', 'bf34aaa99f07a3cbdea194415938b48ce3a1cbc6790522153e67df1cf949e73c', 'e416bd5655dcaec7da7270032b1c7cf5e8ae9cca6994753aed05778d27fe52fc', 'e3729bbe3f580c11d145105e2153246f1cd031a72cdbd4d37bf2c8ac29003ca5', 'd46ba22c0525b5035387c6543137f783c512e4e115a482f7091d2c440cf77eab', '7699b0145a3bcf93c793c99423b6fe4055de16aa3a25453aeda8954bfcb5e165', '604d18ffe6890c43c3e3b7b12d16e870607c92f26d12c7b215d83aff043d4d4d', '86b549d55543157703077f420daca28a3defc296661afb07c5ab2653f4facbe8', '2b59ad4527d542b0a1b252ac12aa092628776f46112fbb3a0eeafddeeceeb0ae', 'e51843dedb117566b4dd4f8a98b4c90de876877af24e0629007b5e565076bfdd', '7f0a2f0565ce9d08949a07692d376ae9124a7fd8bcb152b69a80e23285da300d', 'f5cb6e688243d605a74bd31476884e96dae902e04f168b3d5e2b08c8bd8ac088', 'e102e45cf16f77027c455ab845e9ff48cd2d758fb8c7f2ed5f140b6613fe2ef2']",1548769574490
559,1c0806f61470cac975db78ec38acaf089cfcda7859a3ab25d2386acae2c4f7f3,"[-0.03477025032043457, -0.24716489017009735, -0.024145469069480896, 0.13391870260238647, 0.001504635438323021, 0.08582071959972382, 0.006310326047241688, 0.07953043282032013, 0.0890612080693245, -0.03556547313928604, 0.02509484998881817, -0.047827016562223434, -0.049441833049058914, 0.06734690070152283, -0.007490981835871935, -0.0753559023141861, -0.006525377742946148, 0.0016033025458455086, -0.08808750659227371, 0.031052878126502037, -0.018133047968149185, 0.03825013339519501, -0.08944462239742279, -0.04324754327535629, -0.05376533791422844, -0.07230689376592636, -0.08095206320285797, 0.051082029938697815, 0.06318912655115128, 0.03386839106678963, 0.0777648314833641, 0.018023179844021797, 0.018424132838845253, 0.02395046129822731, 0.06144799664616585, 0.017338281497359276, 0.04649375379085541, -0.05911184102296829, 0.030643146485090256, -0.062449418008327484, -0.0579274520277977, 0.027857059612870216, -0.0327085517346859, 0.057040758430957794, 0.01780947856605053, -0.07786396890878677, -0.1491990089416504, -0.09467525780200958, -0.19232705235481262, 0.08731384575366974]","['39d071f765746462556978cbdf384b83a2fd9567505a675a39055dcb501197e5', '1dbcadb1424b64e3bd23ed4d40dd5406e4a5110849d3139d7f711ec83c5d3588', '1dbcadb1424b64e3bd23ed4d40dd5406e4a5110849d3139d7f711ec83c5d3588', '39d071f765746462556978cbdf384b83a2fd9567505a675a39055dcb501197e5']","['4f188a5cca658bdd9bc9e091b9f6a9a5c81f64cc86080e8d3e1b7a20750e0229', 'b4fcea6906b0c2c63e934d685ab6f3d44ac28927995898117d7ee961e3581de4', 'd556b9ca129c9ae9920e3171cc96ca88a523ec5dc53eabe026c711751dcd1056', '9c38a05c7563a7668e5b98d75d5786d8ed60645606e89019d07928890f0c9b15', 'a6c545f801b1bc9f4b85c5eebb395d286ac9b0fbe72d46fc50bcb45f3dd867e0', '765d9205f968dfc10a1a920c3fe4abddcb3064a9223cf2a8e252db1ff4cc2fa9', '4bbb3255266eab84571b844e3b6c01508668c4b4509fa8ab51c8adcf3f3a30f7', '1dbcadb1424b64e3bd23ed4d40dd5406e4a5110849d3139d7f711ec83c5d3588', 'f7f65c3630781b03080646ff834a7e8b51565c08f15a4cd80eb18fe06398458f', '103830adcc5c599ab4f1a6a9de9fa6de12fd6210fb960d0db9fc32cab855c8e4', 'b82dfa38ee355e44d6b917e99262b8da3a5c0aa9354184b614384263fcc1f1ad', 'ce1424d3642b9daea11320a02ead3c4c919140465b42eefc9442b21ea0e487a0', 'ba5ae79fe8853ba43f826dfbdfea506233857e4f92c7e9b49d86f924e6954836', 'd4a70b6b342f8a0be7484089eb7f0792d94a3539e829fdc5a45b671c3094835a', '53a8c47d63194831d9c1db5245c61161e7ca912cff9a4871f29f5e6d2490be58', 'c4e914a5d83fe3dfa69f62461404521d8972ff60d7663d0994ccd13998417157', '2ce5bedd8918b8f5f48ef326d59262b3b472bd08b8848ff2698588586ad248c1', '8703b2f3422b6a6ba69aae9984670b129d0229910a1cce153018c96e67da8ed6', '517d7ef15e005aca0a0f59cbed7ede8808a29fd1196214242cac7da3c8a9ae45', '39d071f765746462556978cbdf384b83a2fd9567505a675a39055dcb501197e5', 'c21b00e246c7bd5dd3140e49bd785ac27959897958246fc1c6380547d317ded3', '5223acf7e7569489e895ca24a2926208c8a19c6297ca09f2f551897865439572', 'dd9a9ff89e169f3b6ab37cf96b855e7718312de0ca4b5641af5e1af6a1edb332', 'e0e9e866c2e44067e1cffa12656fb8e3179c5ffee82881ffe62f28cb322cc7ed', '453a46b5cd74148fd6250b55874f3ec8e92869d6368cd1849d06043545705484']",1550026086500
560,1c0806f61470cac975db78ec38acaf089cfcda7859a3ab25d2386acae2c4f7f3,"[-0.03477025032043457, -0.24716489017009735, -0.024145469069480896, 0.13391870260238647, 0.001504635438323021, 0.08582071959972382, 0.006310326047241688, 0.07953043282032013, 0.0890612080693245, -0.03556547313928604, 0.02509484998881817, -0.047827016562223434, -0.049441833049058914, 0.06734690070152283, -0.007490981835871935, -0.0753559023141861, -0.006525377742946148, 0.0016033025458455086, -0.08808750659227371, 0.031052878126502037, -0.018133047968149185, 0.03825013339519501, -0.08944462239742279, -0.04324754327535629, -0.05376533791422844, -0.07230689376592636, -0.08095206320285797, 0.051082029938697815, 0.06318912655115128, 0.03386839106678963, 0.0777648314833641, 0.018023179844021797, 0.018424132838845253, 0.02395046129822731, 0.06144799664616585, 0.017338281497359276, 0.04649375379085541, -0.05911184102296829, 0.030643146485090256, -0.062449418008327484, -0.0579274520277977, 0.027857059612870216, -0.0327085517346859, 0.057040758430957794, 0.01780947856605053, -0.07786396890878677, -0.1491990089416504, -0.09467525780200958, -0.19232705235481262, 0.08731384575366974]","['39d071f765746462556978cbdf384b83a2fd9567505a675a39055dcb501197e5', '1dbcadb1424b64e3bd23ed4d40dd5406e4a5110849d3139d7f711ec83c5d3588', '1dbcadb1424b64e3bd23ed4d40dd5406e4a5110849d3139d7f711ec83c5d3588', '39d071f765746462556978cbdf384b83a2fd9567505a675a39055dcb501197e5']","['4f188a5cca658bdd9bc9e091b9f6a9a5c81f64cc86080e8d3e1b7a20750e0229', 'b4fcea6906b0c2c63e934d685ab6f3d44ac28927995898117d7ee961e3581de4', 'd556b9ca129c9ae9920e3171cc96ca88a523ec5dc53eabe026c711751dcd1056', '9c38a05c7563a7668e5b98d75d5786d8ed60645606e89019d07928890f0c9b15', 'a6c545f801b1bc9f4b85c5eebb395d286ac9b0fbe72d46fc50bcb45f3dd867e0', '765d9205f968dfc10a1a920c3fe4abddcb3064a9223cf2a8e252db1ff4cc2fa9', '4bbb3255266eab84571b844e3b6c01508668c4b4509fa8ab51c8adcf3f3a30f7', '1dbcadb1424b64e3bd23ed4d40dd5406e4a5110849d3139d7f711ec83c5d3588', 'f7f65c3630781b03080646ff834a7e8b51565c08f15a4cd80eb18fe06398458f', '103830adcc5c599ab4f1a6a9de9fa6de12fd6210fb960d0db9fc32cab855c8e4', 'b82dfa38ee355e44d6b917e99262b8da3a5c0aa9354184b614384263fcc1f1ad', 'ce1424d3642b9daea11320a02ead3c4c919140465b42eefc9442b21ea0e487a0', 'ba5ae79fe8853ba43f826dfbdfea506233857e4f92c7e9b49d86f924e6954836', 'd4a70b6b342f8a0be7484089eb7f0792d94a3539e829fdc5a45b671c3094835a', '53a8c47d63194831d9c1db5245c61161e7ca912cff9a4871f29f5e6d2490be58', 'c4e914a5d83fe3dfa69f62461404521d8972ff60d7663d0994ccd13998417157', '2ce5bedd8918b8f5f48ef326d59262b3b472bd08b8848ff2698588586ad248c1', '8703b2f3422b6a6ba69aae9984670b129d0229910a1cce153018c96e67da8ed6', '517d7ef15e005aca0a0f59cbed7ede8808a29fd1196214242cac7da3c8a9ae45', '39d071f765746462556978cbdf384b83a2fd9567505a675a39055dcb501197e5', 'c21b00e246c7bd5dd3140e49bd785ac27959897958246fc1c6380547d317ded3', '5223acf7e7569489e895ca24a2926208c8a19c6297ca09f2f551897865439572', 'dd9a9ff89e169f3b6ab37cf96b855e7718312de0ca4b5641af5e1af6a1edb332', 'e0e9e866c2e44067e1cffa12656fb8e3179c5ffee82881ffe62f28cb322cc7ed', '453a46b5cd74148fd6250b55874f3ec8e92869d6368cd1849d06043545705484']",1550026086500
561,1c0806f61470cac975db78ec38acaf089cfcda7859a3ab25d2386acae2c4f7f3,"[-0.03477025032043457, -0.24716489017009735, -0.024145469069480896, 0.13391870260238647, 0.001504635438323021, 0.08582071959972382, 0.006310326047241688, 0.07953043282032013, 0.0890612080693245, -0.03556547313928604, 0.02509484998881817, -0.047827016562223434, -0.049441833049058914, 0.06734690070152283, -0.007490981835871935, -0.0753559023141861, -0.006525377742946148, 0.0016033025458455086, -0.08808750659227371, 0.031052878126502037, -0.018133047968149185, 0.03825013339519501, -0.08944462239742279, -0.04324754327535629, -0.05376533791422844, -0.07230689376592636, -0.08095206320285797, 0.051082029938697815, 0.06318912655115128, 0.03386839106678963, 0.0777648314833641, 0.018023179844021797, 0.018424132838845253, 0.02395046129822731, 0.06144799664616585, 0.017338281497359276, 0.04649375379085541, -0.05911184102296829, 0.030643146485090256, -0.062449418008327484, -0.0579274520277977, 0.027857059612870216, -0.0327085517346859, 0.057040758430957794, 0.01780947856605053, -0.07786396890878677, -0.1491990089416504, -0.09467525780200958, -0.19232705235481262, 0.08731384575366974]","['39d071f765746462556978cbdf384b83a2fd9567505a675a39055dcb501197e5', '1dbcadb1424b64e3bd23ed4d40dd5406e4a5110849d3139d7f711ec83c5d3588', '1dbcadb1424b64e3bd23ed4d40dd5406e4a5110849d3139d7f711ec83c5d3588', '39d071f765746462556978cbdf384b83a2fd9567505a675a39055dcb501197e5']","['4f188a5cca658bdd9bc9e091b9f6a9a5c81f64cc86080e8d3e1b7a20750e0229', 'b4fcea6906b0c2c63e934d685ab6f3d44ac28927995898117d7ee961e3581de4', 'd556b9ca129c9ae9920e3171cc96ca88a523ec5dc53eabe026c711751dcd1056', '9c38a05c7563a7668e5b98d75d5786d8ed60645606e89019d07928890f0c9b15', 'a6c545f801b1bc9f4b85c5eebb395d286ac9b0fbe72d46fc50bcb45f3dd867e0', '765d9205f968dfc10a1a920c3fe4abddcb3064a9223cf2a8e252db1ff4cc2fa9', '4bbb3255266eab84571b844e3b6c01508668c4b4509fa8ab51c8adcf3f3a30f7', '1dbcadb1424b64e3bd23ed4d40dd5406e4a5110849d3139d7f711ec83c5d3588', 'f7f65c3630781b03080646ff834a7e8b51565c08f15a4cd80eb18fe06398458f', '103830adcc5c599ab4f1a6a9de9fa6de12fd6210fb960d0db9fc32cab855c8e4', 'b82dfa38ee355e44d6b917e99262b8da3a5c0aa9354184b614384263fcc1f1ad', 'ce1424d3642b9daea11320a02ead3c4c919140465b42eefc9442b21ea0e487a0', 'ba5ae79fe8853ba43f826dfbdfea506233857e4f92c7e9b49d86f924e6954836', 'd4a70b6b342f8a0be7484089eb7f0792d94a3539e829fdc5a45b671c3094835a', '53a8c47d63194831d9c1db5245c61161e7ca912cff9a4871f29f5e6d2490be58', 'c4e914a5d83fe3dfa69f62461404521d8972ff60d7663d0994ccd13998417157', '2ce5bedd8918b8f5f48ef326d59262b3b472bd08b8848ff2698588586ad248c1', '8703b2f3422b6a6ba69aae9984670b129d0229910a1cce153018c96e67da8ed6', '517d7ef15e005aca0a0f59cbed7ede8808a29fd1196214242cac7da3c8a9ae45', '39d071f765746462556978cbdf384b83a2fd9567505a675a39055dcb501197e5', 'c21b00e246c7bd5dd3140e49bd785ac27959897958246fc1c6380547d317ded3', '5223acf7e7569489e895ca24a2926208c8a19c6297ca09f2f551897865439572', 'dd9a9ff89e169f3b6ab37cf96b855e7718312de0ca4b5641af5e1af6a1edb332', 'e0e9e866c2e44067e1cffa12656fb8e3179c5ffee82881ffe62f28cb322cc7ed', '453a46b5cd74148fd6250b55874f3ec8e92869d6368cd1849d06043545705484']",1550026086500
562,1c0806f61470cac975db78ec38acaf089cfcda7859a3ab25d2386acae2c4f7f3,"[-0.03477025032043457, -0.24716489017009735, -0.024145469069480896, 0.13391870260238647, 0.001504635438323021, 0.08582071959972382, 0.006310326047241688, 0.07953043282032013, 0.0890612080693245, -0.03556547313928604, 0.02509484998881817, -0.047827016562223434, -0.049441833049058914, 0.06734690070152283, -0.007490981835871935, -0.0753559023141861, -0.006525377742946148, 0.0016033025458455086, -0.08808750659227371, 0.031052878126502037, -0.018133047968149185, 0.03825013339519501, -0.08944462239742279, -0.04324754327535629, -0.05376533791422844, -0.07230689376592636, -0.08095206320285797, 0.051082029938697815, 0.06318912655115128, 0.03386839106678963, 0.0777648314833641, 0.018023179844021797, 0.018424132838845253, 0.02395046129822731, 0.06144799664616585, 0.017338281497359276, 0.04649375379085541, -0.05911184102296829, 0.030643146485090256, -0.062449418008327484, -0.0579274520277977, 0.027857059612870216, -0.0327085517346859, 0.057040758430957794, 0.01780947856605053, -0.07786396890878677, -0.1491990089416504, -0.09467525780200958, -0.19232705235481262, 0.08731384575366974]","['39d071f765746462556978cbdf384b83a2fd9567505a675a39055dcb501197e5', '1dbcadb1424b64e3bd23ed4d40dd5406e4a5110849d3139d7f711ec83c5d3588', '1dbcadb1424b64e3bd23ed4d40dd5406e4a5110849d3139d7f711ec83c5d3588', '39d071f765746462556978cbdf384b83a2fd9567505a675a39055dcb501197e5']","['4f188a5cca658bdd9bc9e091b9f6a9a5c81f64cc86080e8d3e1b7a20750e0229', 'b4fcea6906b0c2c63e934d685ab6f3d44ac28927995898117d7ee961e3581de4', 'd556b9ca129c9ae9920e3171cc96ca88a523ec5dc53eabe026c711751dcd1056', '9c38a05c7563a7668e5b98d75d5786d8ed60645606e89019d07928890f0c9b15', 'a6c545f801b1bc9f4b85c5eebb395d286ac9b0fbe72d46fc50bcb45f3dd867e0', '765d9205f968dfc10a1a920c3fe4abddcb3064a9223cf2a8e252db1ff4cc2fa9', '4bbb3255266eab84571b844e3b6c01508668c4b4509fa8ab51c8adcf3f3a30f7', '1dbcadb1424b64e3bd23ed4d40dd5406e4a5110849d3139d7f711ec83c5d3588', 'f7f65c3630781b03080646ff834a7e8b51565c08f15a4cd80eb18fe06398458f', '103830adcc5c599ab4f1a6a9de9fa6de12fd6210fb960d0db9fc32cab855c8e4', 'b82dfa38ee355e44d6b917e99262b8da3a5c0aa9354184b614384263fcc1f1ad', 'ce1424d3642b9daea11320a02ead3c4c919140465b42eefc9442b21ea0e487a0', 'ba5ae79fe8853ba43f826dfbdfea506233857e4f92c7e9b49d86f924e6954836', 'd4a70b6b342f8a0be7484089eb7f0792d94a3539e829fdc5a45b671c3094835a', '53a8c47d63194831d9c1db5245c61161e7ca912cff9a4871f29f5e6d2490be58', 'c4e914a5d83fe3dfa69f62461404521d8972ff60d7663d0994ccd13998417157', '2ce5bedd8918b8f5f48ef326d59262b3b472bd08b8848ff2698588586ad248c1', '8703b2f3422b6a6ba69aae9984670b129d0229910a1cce153018c96e67da8ed6', '517d7ef15e005aca0a0f59cbed7ede8808a29fd1196214242cac7da3c8a9ae45', '39d071f765746462556978cbdf384b83a2fd9567505a675a39055dcb501197e5', 'c21b00e246c7bd5dd3140e49bd785ac27959897958246fc1c6380547d317ded3', '5223acf7e7569489e895ca24a2926208c8a19c6297ca09f2f551897865439572', 'dd9a9ff89e169f3b6ab37cf96b855e7718312de0ca4b5641af5e1af6a1edb332', 'e0e9e866c2e44067e1cffa12656fb8e3179c5ffee82881ffe62f28cb322cc7ed', '453a46b5cd74148fd6250b55874f3ec8e92869d6368cd1849d06043545705484']",1550026086500
563,0d3512a2e160bf25ad344cc52920628799d29ab551d13e8de80dd4b0ffaf8cfd,"[0.02448914386332035, -0.24720700085163116, 0.039092592895030975, 0.09761704504489899, -0.10288982093334198, 0.01706840842962265, -0.07464264333248138, 0.026302257552742958, 0.02080603688955307, -0.005508593283593655, -0.07767703384160995, -0.12312421947717667, -0.05292067676782608, -0.09410013258457184, -0.027453674003481865, -0.01661180704832077, 0.019785720854997635, 0.09773452579975128, 0.08017592132091522, -0.05920526385307312, 0.009288221597671509, -0.025641795247793198, 0.1028904989361763, 0.06013057753443718, -0.010113141499459743, 0.08482107520103455, 0.013982970267534256, 0.05351802706718445, -0.018356164917349815, 0.01653534732758999, 0.07926374673843384, -0.007241141051054001, -0.03900253772735596, -0.09530986845493317, -0.030019769445061684, -0.007498241029679775, 0.06643637269735336, 0.0510905459523201, -0.04391830042004585, 0.0321212001144886, -0.035477928817272186, 0.035920411348342896, 0.002899063751101494, 0.023649059236049652, 0.04987746849656105, 0.06792446970939636, -0.013532940298318863, -0.011964707635343075, 0.06457293778657913, -0.039218347519636154]",,,1549636051279
564,0d3512a2e160bf25ad344cc52920628799d29ab551d13e8de80dd4b0ffaf8cfd,"[0.02448914386332035, -0.24720700085163116, 0.039092592895030975, 0.09761704504489899, -0.10288982093334198, 0.01706840842962265, -0.07464264333248138, 0.026302257552742958, 0.02080603688955307, -0.005508593283593655, -0.07767703384160995, -0.12312421947717667, -0.05292067676782608, -0.09410013258457184, -0.027453674003481865, -0.01661180704832077, 0.019785720854997635, 0.09773452579975128, 0.08017592132091522, -0.05920526385307312, 0.009288221597671509, -0.025641795247793198, 0.1028904989361763, 0.06013057753443718, -0.010113141499459743, 0.08482107520103455, 0.013982970267534256, 0.05351802706718445, -0.018356164917349815, 0.01653534732758999, 0.07926374673843384, -0.007241141051054001, -0.03900253772735596, -0.09530986845493317, -0.030019769445061684, -0.007498241029679775, 0.06643637269735336, 0.0510905459523201, -0.04391830042004585, 0.0321212001144886, -0.035477928817272186, 0.035920411348342896, 0.002899063751101494, 0.023649059236049652, 0.04987746849656105, 0.06792446970939636, -0.013532940298318863, -0.011964707635343075, 0.06457293778657913, -0.039218347519636154]",,,1549636051279
565,0d3512a2e160bf25ad344cc52920628799d29ab551d13e8de80dd4b0ffaf8cfd,"[-0.1609354019165039, 0.08910804241895676, 0.07512519508600235, 0.06330084800720215, 0.09227494895458221, 0.03157154843211174, 0.05209745466709137, -0.06496001780033112, 0.12557977437973022, 0.02281283587217331, 0.23590633273124695, -0.004449863918125629, -0.0027480414137244225, 0.09824812412261963, -0.04566162824630737, 0.08402381837368011, 0.02580704540014267, -0.1021532267332077, 0.09651497006416321, -0.00552204716950655, -0.08703374862670898, 0.11392420530319214, 0.013731606304645538, -0.12783540785312653, -0.007971505634486675, 0.2529202699661255, 0.06896696984767914, -0.06672202050685883, -0.018161779269576073, -0.024876605719327927, -0.08219528198242188, 0.020241253077983856, -0.00236649252474308, -0.00574408657848835, 0.013914957642555237, 0.04546576738357544, -0.0007874076254665852, -0.04107058793306351, -0.017662717029452324, 0.04423146694898605, -0.06116336211562157, 0.00033856555819511414, -0.014308365061879158, -0.03840520232915878, 0.005451680161058903, -0.0329233817756176, -0.04114861041307449, -0.09112881124019623, -0.009168632328510284, 0.03402712196111679]","['b963d0f4f5da707f833f8dc1c4fc8e6f987ab87918bcc48be13b01b96a29ab65', 'b963d0f4f5da707f833f8dc1c4fc8e6f987ab87918bcc48be13b01b96a29ab65']","['8fdb0768d09d017f5ea5e1e1258b8a8d37e21a5cfc933dd149b06dc033a36ba3', 'dca45635af90abbcbd002b664955a6495ec1bec44017c54e5db4cbf5851c01e0', 'b963d0f4f5da707f833f8dc1c4fc8e6f987ab87918bcc48be13b01b96a29ab65', 'a27496708698fc99e7ffef793d6882021baa46c4eb7569ac1c2c8172e7738c39', '63a5b1cbb0c2c467185119dd41f517fc71d7f40649e8293bdb388ffdf55866d9', 'fcacc31b6e218711522546406bbd088900a7ab84d41b580086ea180b28e0eb86', 'd70cb834de90088b0d224bbf187196337e2cca1a55d71b67ec378891ffe9d423', '5152ce04ed2d75b4384e974adb9e23ecd2dbc3335bbf9ee2f6c6e632acb2f39d', '3c20cd80e1a24d3c21680b72f0270d6daebccb935c6e7c012418d7c740fb24cd', '6eb14050e07c5d065ec8140f5e1b640ce834b1d86840098ff8bd070ee70b9090', '2fbbb0fcf4c46a3883a51c87e99a217176fec75febacbca385ce3097027dbc44', '53ec4e00dfc1955be39f4aa1f0caf3fcc67bb50bb25fc7641af4ea41b13ca990', '7bb4254125aa3ea76a44e4c931e4d8fb95ff85367e83f62c35d67af3bc9b7742', '99841567277be1d1ddf35a434437ca73cbf611d563329fe99d44ddbac98a0ae7', '7d67532cea27df443a17e4268a14efe77686c3f275021457c3fa52d754f61e4d', '49391c35c2ed19baa9305a156eb44cfe470aeebc3106d60e438908baa69010e2', '384f3d737f97560e25b15c1d122a6d947884db37f08192b826ffd5694d2c9595', '7dc7c6d51ee354c10527e58bb6f022adaf489c35eb3ea5bcbf2562e8b3c17ff8', '16c8d7027459220f515974660bfd3107293e2a2821925b65178c5b02e72c8c3c', '29b30dba46635a41e74dde036cec01f171b97b517e94c5987e54428f1ca4dd7b', 'f0a59347c41c56fa2857cf478008c8aba07d3fe7df821066ec4eea4748be3f38', '9c9f981535d4c80ad22ef1202d37b53b51b50496b72026c25963a1ba6a9d25e8', 'fb5e5439f52d42519b4f8b4bf8e99720516e3b5bce09e2707ddb42fdae2157f6', '0d9935aaffebe54cf6883b7e65d914873f999a3c17610910ae234434c3ee3c61', 'b9f7ff2d0c2177fb33bc9dc71198882cb812b85b9de7c2855bea0923836e5d1c']",1549636064170
566,0d3512a2e160bf25ad344cc52920628799d29ab551d13e8de80dd4b0ffaf8cfd,"[-0.1609354019165039, 0.08910804241895676, 0.07512519508600235, 0.06330084800720215, 0.09227494895458221, 0.03157154843211174, 0.05209745466709137, -0.06496001780033112, 0.12557977437973022, 0.02281283587217331, 0.23590633273124695, -0.004449863918125629, -0.0027480414137244225, 0.09824812412261963, -0.04566162824630737, 0.08402381837368011, 0.02580704540014267, -0.1021532267332077, 0.09651497006416321, -0.00552204716950655, -0.08703374862670898, 0.11392420530319214, 0.013731606304645538, -0.12783540785312653, -0.007971505634486675, 0.2529202699661255, 0.06896696984767914, -0.06672202050685883, -0.018161779269576073, -0.024876605719327927, -0.08219528198242188, 0.020241253077983856, -0.00236649252474308, -0.00574408657848835, 0.013914957642555237, 0.04546576738357544, -0.0007874076254665852, -0.04107058793306351, -0.017662717029452324, 0.04423146694898605, -0.06116336211562157, 0.00033856555819511414, -0.014308365061879158, -0.03840520232915878, 0.005451680161058903, -0.0329233817756176, -0.04114861041307449, -0.09112881124019623, -0.009168632328510284, 0.03402712196111679]","['b963d0f4f5da707f833f8dc1c4fc8e6f987ab87918bcc48be13b01b96a29ab65', 'b963d0f4f5da707f833f8dc1c4fc8e6f987ab87918bcc48be13b01b96a29ab65']","['8fdb0768d09d017f5ea5e1e1258b8a8d37e21a5cfc933dd149b06dc033a36ba3', 'dca45635af90abbcbd002b664955a6495ec1bec44017c54e5db4cbf5851c01e0', 'b963d0f4f5da707f833f8dc1c4fc8e6f987ab87918bcc48be13b01b96a29ab65', 'a27496708698fc99e7ffef793d6882021baa46c4eb7569ac1c2c8172e7738c39', '63a5b1cbb0c2c467185119dd41f517fc71d7f40649e8293bdb388ffdf55866d9', 'fcacc31b6e218711522546406bbd088900a7ab84d41b580086ea180b28e0eb86', 'd70cb834de90088b0d224bbf187196337e2cca1a55d71b67ec378891ffe9d423', '5152ce04ed2d75b4384e974adb9e23ecd2dbc3335bbf9ee2f6c6e632acb2f39d', '3c20cd80e1a24d3c21680b72f0270d6daebccb935c6e7c012418d7c740fb24cd', '6eb14050e07c5d065ec8140f5e1b640ce834b1d86840098ff8bd070ee70b9090', '2fbbb0fcf4c46a3883a51c87e99a217176fec75febacbca385ce3097027dbc44', '53ec4e00dfc1955be39f4aa1f0caf3fcc67bb50bb25fc7641af4ea41b13ca990', '7bb4254125aa3ea76a44e4c931e4d8fb95ff85367e83f62c35d67af3bc9b7742', '99841567277be1d1ddf35a434437ca73cbf611d563329fe99d44ddbac98a0ae7', '7d67532cea27df443a17e4268a14efe77686c3f275021457c3fa52d754f61e4d', '49391c35c2ed19baa9305a156eb44cfe470aeebc3106d60e438908baa69010e2', '384f3d737f97560e25b15c1d122a6d947884db37f08192b826ffd5694d2c9595', '7dc7c6d51ee354c10527e58bb6f022adaf489c35eb3ea5bcbf2562e8b3c17ff8', '16c8d7027459220f515974660bfd3107293e2a2821925b65178c5b02e72c8c3c', '29b30dba46635a41e74dde036cec01f171b97b517e94c5987e54428f1ca4dd7b', 'f0a59347c41c56fa2857cf478008c8aba07d3fe7df821066ec4eea4748be3f38', '9c9f981535d4c80ad22ef1202d37b53b51b50496b72026c25963a1ba6a9d25e8', 'fb5e5439f52d42519b4f8b4bf8e99720516e3b5bce09e2707ddb42fdae2157f6', '0d9935aaffebe54cf6883b7e65d914873f999a3c17610910ae234434c3ee3c61', 'b9f7ff2d0c2177fb33bc9dc71198882cb812b85b9de7c2855bea0923836e5d1c']",1549636064170
567,c7e8655988511cc7ccd38515b732f85e65761ec2876b5e8aa75b11cd87dccae6,"[-0.009125594049692154, 0.1379116177558899, -0.2941552996635437, 0.1889217495918274, -0.009274872951209545, 0.16152355074882507, 0.08526234328746796, -0.0549653023481369, 0.13039176166057587, 0.14070121943950653, -0.1769830584526062, -0.1464378535747528, -0.03905033692717552, -0.042076606303453445, 0.032915644347667694, -0.07583122700452805, 0.03449258580803871, -0.09667301177978516, 0.024501372128725052, -0.07342712581157684, 0.008822900243103504, -0.018861887976527214, 0.03340412676334381, -0.006166081875562668, 0.06253025680780411, 0.11329898983240128, -0.125828817486763, -0.04561702534556389, -0.026571298018097878, 0.006182727869600058, -0.025447724387049675, 0.07075219601392746, -0.009193003177642822, 0.05476321280002594, 0.03742096573114395, 0.07493938505649567, -0.009979980066418648, 0.1003061830997467, -0.011083727702498436, -0.049771420657634735, 0.0783236175775528, 0.06397663801908493, 0.03290438652038574, 0.019818589091300964, 0.003002103418111801, -0.04710553586483002, -0.06298181414604187, 0.03651680052280426, 0.015028717927634716, -0.03360513970255852]","['493aaab581b7b0c3d900ec57e072071bd710aa5e5a8be3781c761ac46c138ef4', '493aaab581b7b0c3d900ec57e072071bd710aa5e5a8be3781c761ac46c138ef4', '493aaab581b7b0c3d900ec57e072071bd710aa5e5a8be3781c761ac46c138ef4', '493aaab581b7b0c3d900ec57e072071bd710aa5e5a8be3781c761ac46c138ef4']","['17e0fdc759338ce9b4063fbf587ed552153220956c71b55ba58dee5a0cd742e2', 'f2b4418dadddafd5c538ef0f37001853fe74690689f987fef142ff26722b288b', 'f48105e564f1077da3a33e178e850453652eded75cd402013c3da84835f0f611', 'd9072b798e7153da666d3cfcde90d27b9d742b13ed4c9d0213f9368bc78bfbaa', '1b32b4eb5b1f2bf45889a47dfff8f38306bbe4549f4c20b641f2386474721f4c', '705f5c4306427c95e5662cf7e913ba906f1074b1cc953e1c58b4c205647c48f3', '732826d0e46eed4025cbacb6a3fe658fc1af90e5be468f12484f15da864c1167', 'b0b0645f1cdabde0228e558056458405c959a85c9b85e1e5951c0b650776e885', '7a3156449e2e8c3fee13bacc518e87439590f6b9766f3a05f2c248402f7fff07', '3a62198d671b861ee178dd025f321ac66c28ba2e6967c6d70248ef6d17a25dab', '9abbf12061040c3fcf87d83c8e2b4a379c4e80b5f16412a0d5f378052414edc1', '27c532e40e5d741f1260dadab2ae1b3895cb766d51b204998e283193af8752cd', '5bb43927e635d7490c4e764722aac22a98a5be17c952cfc021bee9feb1bb016b', '09ea2838c692af4af8dd0b6dcfedf5b8a5bd7c6ef7f3974fb8ef36fc4efc388d', 'd18874bbdf4c1838c89661c2747b584976737daf214c9fca18ed12b0ea8b40fb', '9d52b0a11ce94d1c2f7b4eccc6077fc886514e17b49a38c2f40300546d107abc', 'f60d4bb1b822ac1fd28fc7dfb8684ca597fe264b694eea74241b018a46c9b8a6', '493aaab581b7b0c3d900ec57e072071bd710aa5e5a8be3781c761ac46c138ef4']",1548766724479
568,aa43b7fff5ffd802961823f127e60511bb54ef908253ddcd2fa90bffd294cea1,"[-0.05343829095363617, -0.1683838963508606, 0.037975065410137177, 0.005758092738687992, 0.11633622646331787, 0.02431299164891243, 0.07888332009315491, -0.08063981682062149, -0.03014807030558586, -0.04655188322067261, -0.01497805304825306, -0.02458314597606659, 0.009523728862404823, -0.01414565835148096, -0.0017472561448812485, 0.017586294561624527, -0.013113178312778473, -0.00028207222931087017, 0.003747054375708103, 0.02192070707678795, 0.02997666224837303, 0.007591011002659798, 0.004929225891828537, -0.018130522221326828, 0.02107350528240204, -0.00392869021743536, -0.0148856732994318, 0.0017262515611946583, 0.0015481878072023392, -0.005211569368839264, -0.00013435212895274162, -0.009865048341453075, -0.02803376317024231, 0.018785640597343445, -0.01611044444143772, -0.01180140022188425, -0.01535036787390709, 0.00994873046875, -0.014017917215824127, 0.013018886558711529, 0.01298227533698082, -0.012399167753756046, 0.00031223008409142494, -0.012835264205932617, 0.003981287125498056, -0.011487917974591255, -0.002791482489556074, 0.01482146605849266, 0.016487272456288338, 0.006591205019503832]",,,1549668520805
569,6cfe6e2f89fa679eace3a0fe244b3169ce26c2a0ead1d163523af4187438f205,"[-0.12595534324645996, -0.12925845384597778, 0.021519755944609642, -0.11227977275848389, -0.09651939570903778, -0.030998490750789642, -0.10897208750247955, -0.047669004648923874, -0.016248952597379684, -0.031051792204380035, -0.0038578305393457413, -0.08244585990905762, 0.026226598769426346, -0.0076758237555623055, -0.031162619590759277, 0.047186486423015594, 0.003493117168545723, 0.008855706080794334, 0.023879636079072952, 0.028772609308362007, -0.010332891717553139, 0.00896917749196291, 0.0024312031455338, -0.025811949744820595, -0.013621384277939796, 0.025252671912312508, -0.025847744196653366, 0.008926967158913612, -0.03320999816060066, 0.0026348503306508064, 0.016758214682340622, 0.029195163398981094, -0.012075996957719326, -0.04836075007915497, 0.025317372754216194, -0.0046638548374176025, -0.022628910839557648, 0.005893241614103317, -0.01406871434301138, 0.044081248342990875, 0.0023853699676692486, -0.01334722712635994, 0.022760378196835518, 0.003707708790898323, 0.004015856422483921, 0.02024858072400093, 0.02722446247935295, 0.003037197981029749, -0.03424665331840515, -0.03961079940199852]",,"['775e4c551aa16017a6d386630bbd8ea63a2a590ce5b1634aac6c189502d5636b', 'bf06e967e2cddd2263c5c498aed3a0781d8f0c3440f4364dbcc60cd3f11d596e', 'b543e07ce627ef8934ecd9040604e11f6db97a6ac3f45b14ac1d99e92fc5e069', 'b97728ae57453f98a82fe47f63f29c40d4d9a78f4e9f005b57655e17ec22049f', '75181376e9467f36cd7af14adcd215fbbfba71fafd7295369fadeb7076beab37', 'd8e4461f6ae1d101065af05b40a384895a2f1e2817467cbb33c02eb20a2a8b57', 'ebb890f8ab7ff23d6c9a4ba84c09d05ecf2017f4464c828086c522a155b613df', 'b24ea2685865c8175d2d0f074f0e303b7d11dc6ff33b346e21ad97c8ea9d546e', '7d9e40d6ede226cdf39665484c221e258d482c8f6c0612e40a2e8c80d954989e', 'dc54bf44370e80feec2a0c5480d293eb9b5e20a4c2729d2b26a4dd1b42fe2e10', '6753365c5d2bde0f2e2459c815123071595739484d3fe1bf19bd3a88b026b693', 'c88215b32da4e9d29facfd287712c7021aed5530b4ebf170a9cdf9673951962e', 'b458bc0b9e6697ccb698ebe1e1f0255d8d6759250cd25fb3372356dd485427b1', '7d08162aca8840277e8e7cb661d75f8884378e3a99b0ac3a5d264233f2e51f10', 'ade23f24c63b4818c47ff37797c37178a1e77fb8789a8d7cfb597aebe849edd5', '66b0d28c0cd2ddf79fcf48c2dfdacf987e04645706266088740d992eb7e89335', 'f54d3f616fc117f9ce51e5bbcabd6c2d5da2c39c35c834959858783afdf5bf3f', '94fca16af58a36f21cebd595979f0862d046a4051fb0b9e2e5f1571ed0294866', 'ffbfa9bcf84e9fafde10df2315da17ce58f0ed6cf82a66f48622424790e07b4c', 'ebbc3e63d79ddfcb96b855abe7888049849b44273a41345db0dd121f76449c69', 'a8fb3ae19670d18ef803f477158f467c3559e1ffe27403cbe1a1c22d02fe716e', '81729e96b43ffc7d5a17931761c0636bafdc33f5098ee426a62321badb770d2f', 'c4b8f3ef81aae29fbd313b7bd95fd85c4f43992bd7bdcf68fb46beb174761625', '2821677c7601d823d049a57961ce6fef7a5f9214b732e480ed31bbe98e6862e9', '15d5b9b4d0c7dbd327e7c0b11c9f1fa3946e483308f4a4f316bd85d98db85ada']",1547776567190
570,6cfe6e2f89fa679eace3a0fe244b3169ce26c2a0ead1d163523af4187438f205,"[-0.12595534324645996, -0.12925845384597778, 0.021519755944609642, -0.11227977275848389, -0.09651939570903778, -0.030998490750789642, -0.10897208750247955, -0.047669004648923874, -0.016248952597379684, -0.031051792204380035, -0.0038578305393457413, -0.08244585990905762, 0.026226598769426346, -0.0076758237555623055, -0.031162619590759277, 0.047186486423015594, 0.003493117168545723, 0.008855706080794334, 0.023879636079072952, 0.028772609308362007, -0.010332891717553139, 0.00896917749196291, 0.0024312031455338, -0.025811949744820595, -0.013621384277939796, 0.025252671912312508, -0.025847744196653366, 0.008926967158913612, -0.03320999816060066, 0.0026348503306508064, 0.016758214682340622, 0.029195163398981094, -0.012075996957719326, -0.04836075007915497, 0.025317372754216194, -0.0046638548374176025, -0.022628910839557648, 0.005893241614103317, -0.01406871434301138, 0.044081248342990875, 0.0023853699676692486, -0.01334722712635994, 0.022760378196835518, 0.003707708790898323, 0.004015856422483921, 0.02024858072400093, 0.02722446247935295, 0.003037197981029749, -0.03424665331840515, -0.03961079940199852]",,"['775e4c551aa16017a6d386630bbd8ea63a2a590ce5b1634aac6c189502d5636b', 'bf06e967e2cddd2263c5c498aed3a0781d8f0c3440f4364dbcc60cd3f11d596e', 'b543e07ce627ef8934ecd9040604e11f6db97a6ac3f45b14ac1d99e92fc5e069', 'b97728ae57453f98a82fe47f63f29c40d4d9a78f4e9f005b57655e17ec22049f', '75181376e9467f36cd7af14adcd215fbbfba71fafd7295369fadeb7076beab37', 'd8e4461f6ae1d101065af05b40a384895a2f1e2817467cbb33c02eb20a2a8b57', 'ebb890f8ab7ff23d6c9a4ba84c09d05ecf2017f4464c828086c522a155b613df', 'b24ea2685865c8175d2d0f074f0e303b7d11dc6ff33b346e21ad97c8ea9d546e', '7d9e40d6ede226cdf39665484c221e258d482c8f6c0612e40a2e8c80d954989e', 'dc54bf44370e80feec2a0c5480d293eb9b5e20a4c2729d2b26a4dd1b42fe2e10', '6753365c5d2bde0f2e2459c815123071595739484d3fe1bf19bd3a88b026b693', 'c88215b32da4e9d29facfd287712c7021aed5530b4ebf170a9cdf9673951962e', 'b458bc0b9e6697ccb698ebe1e1f0255d8d6759250cd25fb3372356dd485427b1', '7d08162aca8840277e8e7cb661d75f8884378e3a99b0ac3a5d264233f2e51f10', 'ade23f24c63b4818c47ff37797c37178a1e77fb8789a8d7cfb597aebe849edd5', '66b0d28c0cd2ddf79fcf48c2dfdacf987e04645706266088740d992eb7e89335', 'f54d3f616fc117f9ce51e5bbcabd6c2d5da2c39c35c834959858783afdf5bf3f', '94fca16af58a36f21cebd595979f0862d046a4051fb0b9e2e5f1571ed0294866', 'ffbfa9bcf84e9fafde10df2315da17ce58f0ed6cf82a66f48622424790e07b4c', 'ebbc3e63d79ddfcb96b855abe7888049849b44273a41345db0dd121f76449c69', 'a8fb3ae19670d18ef803f477158f467c3559e1ffe27403cbe1a1c22d02fe716e', '81729e96b43ffc7d5a17931761c0636bafdc33f5098ee426a62321badb770d2f', 'c4b8f3ef81aae29fbd313b7bd95fd85c4f43992bd7bdcf68fb46beb174761625', '2821677c7601d823d049a57961ce6fef7a5f9214b732e480ed31bbe98e6862e9', '15d5b9b4d0c7dbd327e7c0b11c9f1fa3946e483308f4a4f316bd85d98db85ada']",1547776567190
571,6cfe6e2f89fa679eace3a0fe244b3169ce26c2a0ead1d163523af4187438f205,"[-0.12595534324645996, -0.12925845384597778, 0.021519755944609642, -0.11227977275848389, -0.09651939570903778, -0.030998490750789642, -0.10897208750247955, -0.047669004648923874, -0.016248952597379684, -0.031051792204380035, -0.0038578305393457413, -0.08244585990905762, 0.026226598769426346, -0.0076758237555623055, -0.031162619590759277, 0.047186486423015594, 0.003493117168545723, 0.008855706080794334, 0.023879636079072952, 0.028772609308362007, -0.010332891717553139, 0.00896917749196291, 0.0024312031455338, -0.025811949744820595, -0.013621384277939796, 0.025252671912312508, -0.025847744196653366, 0.008926967158913612, -0.03320999816060066, 0.0026348503306508064, 0.016758214682340622, 0.029195163398981094, -0.012075996957719326, -0.04836075007915497, 0.025317372754216194, -0.0046638548374176025, -0.022628910839557648, 0.005893241614103317, -0.01406871434301138, 0.044081248342990875, 0.0023853699676692486, -0.01334722712635994, 0.022760378196835518, 0.003707708790898323, 0.004015856422483921, 0.02024858072400093, 0.02722446247935295, 0.003037197981029749, -0.03424665331840515, -0.03961079940199852]",,"['775e4c551aa16017a6d386630bbd8ea63a2a590ce5b1634aac6c189502d5636b', 'bf06e967e2cddd2263c5c498aed3a0781d8f0c3440f4364dbcc60cd3f11d596e', 'b543e07ce627ef8934ecd9040604e11f6db97a6ac3f45b14ac1d99e92fc5e069', 'b97728ae57453f98a82fe47f63f29c40d4d9a78f4e9f005b57655e17ec22049f', '75181376e9467f36cd7af14adcd215fbbfba71fafd7295369fadeb7076beab37', 'd8e4461f6ae1d101065af05b40a384895a2f1e2817467cbb33c02eb20a2a8b57', 'ebb890f8ab7ff23d6c9a4ba84c09d05ecf2017f4464c828086c522a155b613df', 'b24ea2685865c8175d2d0f074f0e303b7d11dc6ff33b346e21ad97c8ea9d546e', '7d9e40d6ede226cdf39665484c221e258d482c8f6c0612e40a2e8c80d954989e', 'dc54bf44370e80feec2a0c5480d293eb9b5e20a4c2729d2b26a4dd1b42fe2e10', '6753365c5d2bde0f2e2459c815123071595739484d3fe1bf19bd3a88b026b693', 'c88215b32da4e9d29facfd287712c7021aed5530b4ebf170a9cdf9673951962e', 'b458bc0b9e6697ccb698ebe1e1f0255d8d6759250cd25fb3372356dd485427b1', '7d08162aca8840277e8e7cb661d75f8884378e3a99b0ac3a5d264233f2e51f10', 'ade23f24c63b4818c47ff37797c37178a1e77fb8789a8d7cfb597aebe849edd5', '66b0d28c0cd2ddf79fcf48c2dfdacf987e04645706266088740d992eb7e89335', 'f54d3f616fc117f9ce51e5bbcabd6c2d5da2c39c35c834959858783afdf5bf3f', '94fca16af58a36f21cebd595979f0862d046a4051fb0b9e2e5f1571ed0294866', 'ffbfa9bcf84e9fafde10df2315da17ce58f0ed6cf82a66f48622424790e07b4c', 'ebbc3e63d79ddfcb96b855abe7888049849b44273a41345db0dd121f76449c69', 'a8fb3ae19670d18ef803f477158f467c3559e1ffe27403cbe1a1c22d02fe716e', '81729e96b43ffc7d5a17931761c0636bafdc33f5098ee426a62321badb770d2f', 'c4b8f3ef81aae29fbd313b7bd95fd85c4f43992bd7bdcf68fb46beb174761625', '2821677c7601d823d049a57961ce6fef7a5f9214b732e480ed31bbe98e6862e9', '15d5b9b4d0c7dbd327e7c0b11c9f1fa3946e483308f4a4f316bd85d98db85ada']",1547776567190
572,6cfe6e2f89fa679eace3a0fe244b3169ce26c2a0ead1d163523af4187438f205,"[0.00867827795445919, -0.3432416021823883, 0.12477976083755493, 0.06864017248153687, 0.012026374228298664, -0.025825437158346176, -0.10025924444198608, -0.05687165632843971, 0.02833334542810917, -0.025876933708786964, -0.039943329989910126, -0.14217638969421387, 0.10904090851545334, -0.03061777725815773, 0.016809683293104172, -0.012132436037063599, -0.042733628302812576, -0.017311668023467064, 0.15037471055984497, 0.010804698802530766, 0.006617031060159206, 0.035349756479263306, 0.0496356301009655, 0.026933293789625168, -0.030925976112484932, -0.015955405309796333, -0.06374063342809677, 0.07045137137174606, 0.01739095151424408, 0.018922584131360054, -0.03605861961841583, 0.022421635687351227, -0.03504455089569092, 0.04762573540210724, 0.0627073347568512, 0.07904240489006042, -0.0016796095296740532, -0.023596616461873055, -0.03556004539132118, 0.010699091479182243, -0.03782730549573898, -0.03717687353491783, -0.03710610046982765, -0.0946383848786354, -0.015803657472133636, -0.019107192754745483, 0.04969441890716553, -0.002556789666414261, -0.033919092267751694, 0.05938597023487091]",,,1547776592095
573,6cfe6e2f89fa679eace3a0fe244b3169ce26c2a0ead1d163523af4187438f205,"[0.00867827795445919, -0.3432416021823883, 0.12477976083755493, 0.06864017248153687, 0.012026374228298664, -0.025825437158346176, -0.10025924444198608, -0.05687165632843971, 0.02833334542810917, -0.025876933708786964, -0.039943329989910126, -0.14217638969421387, 0.10904090851545334, -0.03061777725815773, 0.016809683293104172, -0.012132436037063599, -0.042733628302812576, -0.017311668023467064, 0.15037471055984497, 0.010804698802530766, 0.006617031060159206, 0.035349756479263306, 0.0496356301009655, 0.026933293789625168, -0.030925976112484932, -0.015955405309796333, -0.06374063342809677, 0.07045137137174606, 0.01739095151424408, 0.018922584131360054, -0.03605861961841583, 0.022421635687351227, -0.03504455089569092, 0.04762573540210724, 0.0627073347568512, 0.07904240489006042, -0.0016796095296740532, -0.023596616461873055, -0.03556004539132118, 0.010699091479182243, -0.03782730549573898, -0.03717687353491783, -0.03710610046982765, -0.0946383848786354, -0.015803657472133636, -0.019107192754745483, 0.04969441890716553, -0.002556789666414261, -0.033919092267751694, 0.05938597023487091]",,,1547776592095
574,6cfe6e2f89fa679eace3a0fe244b3169ce26c2a0ead1d163523af4187438f205,"[0.00867827795445919, -0.3432416021823883, 0.12477976083755493, 0.06864017248153687, 0.012026374228298664, -0.025825437158346176, -0.10025924444198608, -0.05687165632843971, 0.02833334542810917, -0.025876933708786964, -0.039943329989910126, -0.14217638969421387, 0.10904090851545334, -0.03061777725815773, 0.016809683293104172, -0.012132436037063599, -0.042733628302812576, -0.017311668023467064, 0.15037471055984497, 0.010804698802530766, 0.006617031060159206, 0.035349756479263306, 0.0496356301009655, 0.026933293789625168, -0.030925976112484932, -0.015955405309796333, -0.06374063342809677, 0.07045137137174606, 0.01739095151424408, 0.018922584131360054, -0.03605861961841583, 0.022421635687351227, -0.03504455089569092, 0.04762573540210724, 0.0627073347568512, 0.07904240489006042, -0.0016796095296740532, -0.023596616461873055, -0.03556004539132118, 0.010699091479182243, -0.03782730549573898, -0.03717687353491783, -0.03710610046982765, -0.0946383848786354, -0.015803657472133636, -0.019107192754745483, 0.04969441890716553, -0.002556789666414261, -0.033919092267751694, 0.05938597023487091]",,,1547776592095
575,a9d4279f7003ad5ee68ccbe0e44e94719cccf3d978107cfdc75971d6b7d84d9b,"[0.014910586178302765, -0.32639533281326294, 0.06664624810218811, 0.13905483484268188, -0.08692289888858795, 0.1370520442724228, 0.06359729915857315, 0.02168526127934456, 0.06000548228621483, 0.01787816546857357, -0.0654442235827446, -0.06152185797691345, 0.03953387588262558, -0.03713224083185196, -0.006146655417978764, -0.0008060376858338714, -0.05509156733751297, 0.038648657500743866, 0.013890184462070465, 0.09376610815525055, 0.00211979728192091, -0.004965193569660187, 0.011836791411042213, 0.009845798835158348, 0.07667979598045349, -0.02505844458937645, 0.04596804082393646, 0.0786832869052887, 0.034308891743421555, -0.0026421663351356983, 0.05782594531774521, -0.04975109547376633, -0.06880968809127808, 0.04272051155567169, 0.013684920966625214, -0.0030395518988370895, 0.06522125750780106, -0.05559451878070831, -0.00761501444503665, -0.046543095260858536, 0.0013902857899665833, 0.002465854398906231, -0.026856711134314537, 0.025211211293935776, 0.05190443992614746, 0.0020313477143645287, -0.022511452436447144, -0.02880415879189968, -0.014176733791828156, -0.016305046156048775]",,,1547650537003
576,a9d4279f7003ad5ee68ccbe0e44e94719cccf3d978107cfdc75971d6b7d84d9b,"[0.014910586178302765, -0.32639533281326294, 0.06664624810218811, 0.13905483484268188, -0.08692289888858795, 0.1370520442724228, 0.06359729915857315, 0.02168526127934456, 0.06000548228621483, 0.01787816546857357, -0.0654442235827446, -0.06152185797691345, 0.03953387588262558, -0.03713224083185196, -0.006146655417978764, -0.0008060376858338714, -0.05509156733751297, 0.038648657500743866, 0.013890184462070465, 0.09376610815525055, 0.00211979728192091, -0.004965193569660187, 0.011836791411042213, 0.009845798835158348, 0.07667979598045349, -0.02505844458937645, 0.04596804082393646, 0.0786832869052887, 0.034308891743421555, -0.0026421663351356983, 0.05782594531774521, -0.04975109547376633, -0.06880968809127808, 0.04272051155567169, 0.013684920966625214, -0.0030395518988370895, 0.06522125750780106, -0.05559451878070831, -0.00761501444503665, -0.046543095260858536, 0.0013902857899665833, 0.002465854398906231, -0.026856711134314537, 0.025211211293935776, 0.05190443992614746, 0.0020313477143645287, -0.022511452436447144, -0.02880415879189968, -0.014176733791828156, -0.016305046156048775]",,,1547650537003
577,96019d08c3182cc1085bba56e32871475a6248f81dd0e52900230c0f2ea62a29,"[-0.20572945475578308, 0.1878800094127655, -0.30983492732048035, 0.10265456885099411, 0.006949394941329956, 0.025579320266842842, 0.08337035775184631, -0.04610292986035347, 0.011914640665054321, 0.04970509558916092, -0.15460774302482605, -0.14508572220802307, 0.00036405492573976517, -0.008468762040138245, -0.09569036215543747, 0.2007494568824768, 0.10707380622625351, -0.03328649327158928, -0.13153347373008728, -0.042827852070331573, -0.07743507623672485, 0.0789576917886734, -0.08340080082416534, 0.14276468753814697, 0.18189266324043274, 0.01177096739411354, 0.09650416672229767, 0.16491250693798065, 0.14820219576358795, -0.003454013727605343, -0.1626359522342682, -0.09617053717374802, -0.06885185092687607, 0.012690521776676178, -0.024936731904745102, -0.09317035973072052, -0.157595694065094, 0.01966291479766369, 0.015663303434848785, -0.07064447551965714, -0.0938548669219017, -0.06299945712089539, -0.0006553344428539276, 0.034967124462127686, -0.02325401082634926, 0.15247589349746704, 0.05317670851945877, -0.12760010361671448, 0.04735713452100754, 0.039819907397031784]",['7dbbfb8c210ad74d75a5c096f468798b77e685abc81c2d601a79c0d10d04f8da'],"['d226ae6af58fc3c8146021a6415baca4f98bce38f0f2d1720b2f0c8c8abcbb8f', '183edd8510692faaf6d650584d11e341eef1f9c723841edf236e13ca6efd218d', 'bc2e10e11fe88259f38a563a03a034d7738ac2cccd0ddf3a6e29c627aad5bb4c', '2fe8e3a547ba4c8715fb7f3df882986b02148104aabf9d320153c5e75c5fdbc4', '231c63f0fe7f8d3d4aad9881609ecca32ca752cf1defdbb8fd7645d549e0cd24', '7dbbfb8c210ad74d75a5c096f468798b77e685abc81c2d601a79c0d10d04f8da', '3021cd8af0d794596d8489b339f2d7612b0a195d24b1aa94b8b69f14ce3e9146']",1549659838681
578,96019d08c3182cc1085bba56e32871475a6248f81dd0e52900230c0f2ea62a29,"[-0.20572945475578308, 0.1878800094127655, -0.30983492732048035, 0.10265456885099411, 0.006949394941329956, 0.025579320266842842, 0.08337035775184631, -0.04610292986035347, 0.011914640665054321, 0.04970509558916092, -0.15460774302482605, -0.14508572220802307, 0.00036405492573976517, -0.008468762040138245, -0.09569036215543747, 0.2007494568824768, 0.10707380622625351, -0.03328649327158928, -0.13153347373008728, -0.042827852070331573, -0.07743507623672485, 0.0789576917886734, -0.08340080082416534, 0.14276468753814697, 0.18189266324043274, 0.01177096739411354, 0.09650416672229767, 0.16491250693798065, 0.14820219576358795, -0.003454013727605343, -0.1626359522342682, -0.09617053717374802, -0.06885185092687607, 0.012690521776676178, -0.024936731904745102, -0.09317035973072052, -0.157595694065094, 0.01966291479766369, 0.015663303434848785, -0.07064447551965714, -0.0938548669219017, -0.06299945712089539, -0.0006553344428539276, 0.034967124462127686, -0.02325401082634926, 0.15247589349746704, 0.05317670851945877, -0.12760010361671448, 0.04735713452100754, 0.039819907397031784]",['7dbbfb8c210ad74d75a5c096f468798b77e685abc81c2d601a79c0d10d04f8da'],"['d226ae6af58fc3c8146021a6415baca4f98bce38f0f2d1720b2f0c8c8abcbb8f', '183edd8510692faaf6d650584d11e341eef1f9c723841edf236e13ca6efd218d', 'bc2e10e11fe88259f38a563a03a034d7738ac2cccd0ddf3a6e29c627aad5bb4c', '2fe8e3a547ba4c8715fb7f3df882986b02148104aabf9d320153c5e75c5fdbc4', '231c63f0fe7f8d3d4aad9881609ecca32ca752cf1defdbb8fd7645d549e0cd24', '7dbbfb8c210ad74d75a5c096f468798b77e685abc81c2d601a79c0d10d04f8da', '3021cd8af0d794596d8489b339f2d7612b0a195d24b1aa94b8b69f14ce3e9146']",1549659838681
579,96019d08c3182cc1085bba56e32871475a6248f81dd0e52900230c0f2ea62a29,"[-0.17431509494781494, 0.24329909682273865, -0.30223163962364197, 0.10420003533363342, 0.019888952374458313, 0.005117818713188171, 0.09471870958805084, -0.08298765867948532, -0.012646405957639217, 0.037442855536937714, -0.1657887101173401, -0.16648335754871368, 0.0049852351658046246, -0.009414540603756905, -0.11620679497718811, 0.18426430225372314, 0.049512360244989395, 0.015502352267503738, -0.085275799036026, -0.0600971058011055, -0.0938165932893753, 0.06943720579147339, -0.061273351311683655, 0.1557253748178482, 0.18225978314876556, 0.016617296263575554, 0.09116899967193604, 0.1464078724384308, 0.18257789313793182, -0.023849748075008392, -0.1868395358324051, -0.10645675659179688, -0.08946894109249115, 0.02643144130706787, 0.005671263672411442, -0.07542547583580017, -0.1323356330394745, -0.00143135036341846, 0.03807726502418518, -0.08569332212209702, -0.08974963426589966, -0.0530938096344471, 0.02350698411464691, 0.014121951535344124, 0.006671212613582611, 0.14397908747196198, 0.06277894228696823, -0.09699001908302307, 0.02276621200144291, 0.04271286725997925]",['7dbbfb8c210ad74d75a5c096f468798b77e685abc81c2d601a79c0d10d04f8da'],"['d56b5821926cdf6b4061582c909dd6f4523119177c4168789bec93dd04fb73ca', 'd1695e2cc171981ce39ac4bf71bc462931fcfbda66af409e74c49c9a640a8361', 'bc2e10e11fe88259f38a563a03a034d7738ac2cccd0ddf3a6e29c627aad5bb4c', '2fe8e3a547ba4c8715fb7f3df882986b02148104aabf9d320153c5e75c5fdbc4', '7dbbfb8c210ad74d75a5c096f468798b77e685abc81c2d601a79c0d10d04f8da', '3021cd8af0d794596d8489b339f2d7612b0a195d24b1aa94b8b69f14ce3e9146', 'd226ae6af58fc3c8146021a6415baca4f98bce38f0f2d1720b2f0c8c8abcbb8f', '183edd8510692faaf6d650584d11e341eef1f9c723841edf236e13ca6efd218d', '231c63f0fe7f8d3d4aad9881609ecca32ca752cf1defdbb8fd7645d549e0cd24', '43c8748ccb84d59e29ddab837a3c488104f567bff979a61399a3de3a35bff6a5', '2e3eff7b512f58639a481fb243c02b8ea9953649d594b4ab324cea85d0ef1f87', '1cc573c4c2766c4acc588cbc9c88a9d2adeb187a4be68ac0d96f3ec1de9c0f02', '341e6d2577f529ef63c91067d04363384a04ce448461f8631cf9d8b06e4985d3', '31327bccde75493798a761385b86502d666af0022bf588aad0ffdb313ba4dc7e', 'f3cd908178655f7d625dec16e5772a5f423a6db61d2b713aec76b2fb4da3eed5', 'c42bb1d9fd23d9c3c245cd66bb11c2914b7cde6680f5e4de40b6f19b43d139f6', '4e50d2b0a9bf10e706847bc2311aa92f3766342465441113539f27e5633f542f', '63008f10db399ffd4997f7e2b8cd43ac0c950464f6c165b6c5fddd9053025950', '613c7f3242a6fa586dcbe256424d58e78a918ace339724d773ac3324dc505d78', '7974a18a15554224e2c54077d8d93176823e336f1a72d6f13be09f1c1437ec0c', '039b1e651c46bd5c097ce8bf1c4fd5df4a473c5c3281a8e2641d89701fbe09a5', '333dbf1885258e5d2581cd92a45827202a37ff53ed56a42cec82f76cdeca6a37', '9486eac23aba638d1291c380454624acb0fdd932869bccdb4fbbbbd06b08cdf7', '49544c014365e4dbc23be84b5507e40884a6d90fb7a0d36bad9674672984182f', '5d68d3a09535e5277d2e92c64d1a22128e26a35af1aaa8c3d5a5dc3945a8e1fe']",1549660134279
580,96019d08c3182cc1085bba56e32871475a6248f81dd0e52900230c0f2ea62a29,"[-0.17431509494781494, 0.24329909682273865, -0.30223163962364197, 0.10420003533363342, 0.019888952374458313, 0.005117818713188171, 0.09471870958805084, -0.08298765867948532, -0.012646405957639217, 0.037442855536937714, -0.1657887101173401, -0.16648335754871368, 0.0049852351658046246, -0.009414540603756905, -0.11620679497718811, 0.18426430225372314, 0.049512360244989395, 0.015502352267503738, -0.085275799036026, -0.0600971058011055, -0.0938165932893753, 0.06943720579147339, -0.061273351311683655, 0.1557253748178482, 0.18225978314876556, 0.016617296263575554, 0.09116899967193604, 0.1464078724384308, 0.18257789313793182, -0.023849748075008392, -0.1868395358324051, -0.10645675659179688, -0.08946894109249115, 0.02643144130706787, 0.005671263672411442, -0.07542547583580017, -0.1323356330394745, -0.00143135036341846, 0.03807726502418518, -0.08569332212209702, -0.08974963426589966, -0.0530938096344471, 0.02350698411464691, 0.014121951535344124, 0.006671212613582611, 0.14397908747196198, 0.06277894228696823, -0.09699001908302307, 0.02276621200144291, 0.04271286725997925]",['7dbbfb8c210ad74d75a5c096f468798b77e685abc81c2d601a79c0d10d04f8da'],"['d56b5821926cdf6b4061582c909dd6f4523119177c4168789bec93dd04fb73ca', 'd1695e2cc171981ce39ac4bf71bc462931fcfbda66af409e74c49c9a640a8361', 'bc2e10e11fe88259f38a563a03a034d7738ac2cccd0ddf3a6e29c627aad5bb4c', '2fe8e3a547ba4c8715fb7f3df882986b02148104aabf9d320153c5e75c5fdbc4', '7dbbfb8c210ad74d75a5c096f468798b77e685abc81c2d601a79c0d10d04f8da', '3021cd8af0d794596d8489b339f2d7612b0a195d24b1aa94b8b69f14ce3e9146', 'd226ae6af58fc3c8146021a6415baca4f98bce38f0f2d1720b2f0c8c8abcbb8f', '183edd8510692faaf6d650584d11e341eef1f9c723841edf236e13ca6efd218d', '231c63f0fe7f8d3d4aad9881609ecca32ca752cf1defdbb8fd7645d549e0cd24', '43c8748ccb84d59e29ddab837a3c488104f567bff979a61399a3de3a35bff6a5', '2e3eff7b512f58639a481fb243c02b8ea9953649d594b4ab324cea85d0ef1f87', '1cc573c4c2766c4acc588cbc9c88a9d2adeb187a4be68ac0d96f3ec1de9c0f02', '341e6d2577f529ef63c91067d04363384a04ce448461f8631cf9d8b06e4985d3', '31327bccde75493798a761385b86502d666af0022bf588aad0ffdb313ba4dc7e', 'f3cd908178655f7d625dec16e5772a5f423a6db61d2b713aec76b2fb4da3eed5', 'c42bb1d9fd23d9c3c245cd66bb11c2914b7cde6680f5e4de40b6f19b43d139f6', '4e50d2b0a9bf10e706847bc2311aa92f3766342465441113539f27e5633f542f', '63008f10db399ffd4997f7e2b8cd43ac0c950464f6c165b6c5fddd9053025950', '613c7f3242a6fa586dcbe256424d58e78a918ace339724d773ac3324dc505d78', '7974a18a15554224e2c54077d8d93176823e336f1a72d6f13be09f1c1437ec0c', '039b1e651c46bd5c097ce8bf1c4fd5df4a473c5c3281a8e2641d89701fbe09a5', '333dbf1885258e5d2581cd92a45827202a37ff53ed56a42cec82f76cdeca6a37', '9486eac23aba638d1291c380454624acb0fdd932869bccdb4fbbbbd06b08cdf7', '49544c014365e4dbc23be84b5507e40884a6d90fb7a0d36bad9674672984182f', '5d68d3a09535e5277d2e92c64d1a22128e26a35af1aaa8c3d5a5dc3945a8e1fe']",1549660134279
581,6598f2a4da5f87a5719ef59b85ec7dd8c23e6fc9037cb6549ba125f2b527bfd4,"[-0.10249882936477661, 0.02211836911737919, 0.3118746280670166, 0.2630349397659302, 0.04069114848971367, 0.05837276205420494, -0.04499426856637001, 0.03081241063773632, 0.14439207315444946, -0.04655768349766731, 0.11640045046806335, -0.032648857682943344, -0.028003953397274017, -0.04346329718828201, 0.03250010311603546, -0.009467769414186478, -0.015395375899970531, 0.015589835122227669, -0.01868588477373123, -0.0032084290869534016, -0.011785078793764114, -0.026617981493473053, -0.009679019451141357, 2.2251391783356667e-05, 0.06734617054462433, 0.005242072511464357, 0.03633550554513931, -0.020640896633267403, 0.02638133615255356, 0.022541124373674393, 0.05227207392454147, -0.006483395583927631, -0.0038064206019043922, 0.020620357245206833, -0.022126084193587303, 0.0419783890247345, -0.03574515879154205, -0.007252671290189028, 0.016662390902638435, -0.0046640364453196526, -0.0028397529385983944, 0.0026107323355972767, -0.01785830222070217, -0.01112273894250393, 0.01596255972981453, 0.03443240374326706, 0.015232132747769356, 0.01481824554502964, 0.01591460593044758, -0.0050589232705533504]",,,1550091495089
582,6598f2a4da5f87a5719ef59b85ec7dd8c23e6fc9037cb6549ba125f2b527bfd4,"[-0.10249882936477661, 0.02211836911737919, 0.3118746280670166, 0.2630349397659302, 0.04069114848971367, 0.05837276205420494, -0.04499426856637001, 0.03081241063773632, 0.14439207315444946, -0.04655768349766731, 0.11640045046806335, -0.032648857682943344, -0.028003953397274017, -0.04346329718828201, 0.03250010311603546, -0.009467769414186478, -0.015395375899970531, 0.015589835122227669, -0.01868588477373123, -0.0032084290869534016, -0.011785078793764114, -0.026617981493473053, -0.009679019451141357, 2.2251391783356667e-05, 0.06734617054462433, 0.005242072511464357, 0.03633550554513931, -0.020640896633267403, 0.02638133615255356, 0.022541124373674393, 0.05227207392454147, -0.006483395583927631, -0.0038064206019043922, 0.020620357245206833, -0.022126084193587303, 0.0419783890247345, -0.03574515879154205, -0.007252671290189028, 0.016662390902638435, -0.0046640364453196526, -0.0028397529385983944, 0.0026107323355972767, -0.01785830222070217, -0.01112273894250393, 0.01596255972981453, 0.03443240374326706, 0.015232132747769356, 0.01481824554502964, 0.01591460593044758, -0.0050589232705533504]",,,1550091495089
583,6598f2a4da5f87a5719ef59b85ec7dd8c23e6fc9037cb6549ba125f2b527bfd4,"[-0.2978665828704834, 0.3628636598587036, 0.19462718069553375, 0.19630326330661774, -0.028581397607922554, 0.11235423386096954, -0.12145441770553589, -0.059284474700689316, 0.0890064612030983, -0.006733093410730362, 0.22559460997581482, 0.06254187971353531, -0.01862121745944023, -0.03126539662480354, 0.041649363934993744, 0.009977128356695175, -0.020953690633177757, -0.12097042798995972, 0.047905951738357544, -0.07007915526628494, 0.010350314900279045, -0.103867307305336, 0.04211034998297691, -0.032751210033893585, 0.14232482016086578, -0.01802774891257286, 0.11027152836322784, -0.0518057681620121, 0.03621287643909454, 0.01893727295100689, -0.00915006548166275, 0.0191007349640131, 0.0016050497069954872, 0.03605663776397705, -0.037982966750860214, -0.011240093037486076, 0.05108955502510071, -0.06899496912956238, 0.02801097184419632, 0.0337102934718132, 0.08459143340587616, -0.052359603345394135, 0.07087895274162292, 0.02069902792572975, 0.021574413403868675, 0.008007786236703396, -0.08459576964378357, 0.036016516387462616, 0.09354797005653381, 0.0581652969121933]",['b36a4e52cf0271d87e5aa10379c16ebad726713d021d1b15ab359c8fb6b9c461'],"['6c7dc02ce458111ccfc0186611fe9ea882ae5f25700677e7ed579b1e8cc33901', 'a99a156137cd8ecd863b1ef7a7b445660ba305960da69e4e22b3b2f6c00b17d7', 'e4fd366ead2fe9e77990ac411c8ad3ffeaa232b4dd70becc7cd4c7f6223d6fd9', '4d35e6ba86b28a9576e2341bda74227f84c14914298a6e10a4c72e1f3b76413a', '8bf6e204f09a174b29e3a031cb22a2fb418693da80d0727c9b5b2591aeb2e4a3', 'b36a4e52cf0271d87e5aa10379c16ebad726713d021d1b15ab359c8fb6b9c461']",1550093094845
584,6598f2a4da5f87a5719ef59b85ec7dd8c23e6fc9037cb6549ba125f2b527bfd4,"[-0.2978665828704834, 0.3628636598587036, 0.19462718069553375, 0.19630326330661774, -0.028581397607922554, 0.11235423386096954, -0.12145441770553589, -0.059284474700689316, 0.0890064612030983, -0.006733093410730362, 0.22559460997581482, 0.06254187971353531, -0.01862121745944023, -0.03126539662480354, 0.041649363934993744, 0.009977128356695175, -0.020953690633177757, -0.12097042798995972, 0.047905951738357544, -0.07007915526628494, 0.010350314900279045, -0.103867307305336, 0.04211034998297691, -0.032751210033893585, 0.14232482016086578, -0.01802774891257286, 0.11027152836322784, -0.0518057681620121, 0.03621287643909454, 0.01893727295100689, -0.00915006548166275, 0.0191007349640131, 0.0016050497069954872, 0.03605663776397705, -0.037982966750860214, -0.011240093037486076, 0.05108955502510071, -0.06899496912956238, 0.02801097184419632, 0.0337102934718132, 0.08459143340587616, -0.052359603345394135, 0.07087895274162292, 0.02069902792572975, 0.021574413403868675, 0.008007786236703396, -0.08459576964378357, 0.036016516387462616, 0.09354797005653381, 0.0581652969121933]",['b36a4e52cf0271d87e5aa10379c16ebad726713d021d1b15ab359c8fb6b9c461'],"['6c7dc02ce458111ccfc0186611fe9ea882ae5f25700677e7ed579b1e8cc33901', 'a99a156137cd8ecd863b1ef7a7b445660ba305960da69e4e22b3b2f6c00b17d7', 'e4fd366ead2fe9e77990ac411c8ad3ffeaa232b4dd70becc7cd4c7f6223d6fd9', '4d35e6ba86b28a9576e2341bda74227f84c14914298a6e10a4c72e1f3b76413a', '8bf6e204f09a174b29e3a031cb22a2fb418693da80d0727c9b5b2591aeb2e4a3', 'b36a4e52cf0271d87e5aa10379c16ebad726713d021d1b15ab359c8fb6b9c461']",1550093094845
585,afad55a96582fdb73dd754f92fa8b701bb4f69d1ac1e7a441c7df2e9c678d340,"[0.08003861457109451, 0.09639178216457367, -0.15443763136863708, 0.15434177219867706, 0.10160550475120544, -0.13402865827083588, 0.08497344702482224, -0.062005896121263504, -0.06708119809627533, -0.04897432029247284, 0.019160576164722443, -0.02731618471443653, 0.039866089820861816, 0.13862158358097076, 0.058952685445547104, 0.13799721002578735, -0.08678330481052399, 0.08743014931678772, -0.005881624296307564, -0.019266579300165176, 0.019836273044347763, -0.0950203537940979, 0.034289948642253876, 0.11421236395835876, -0.19950953125953674, 0.12103986740112305, 0.1277759075164795, 0.11987388134002686, 0.032225389033555984, 0.029401076957583427, 0.082391157746315, 0.20690006017684937, 0.13337525725364685, 0.029623661190271378, -0.0814116895198822, -0.031117437407374382, -0.04296094924211502, -0.10654930770397186, 0.05768715962767601, -0.14105315506458282, 0.03720977157354355, 0.02855781465768814, 0.06480227410793304, 0.00401201331987977, 0.05816936492919922, -0.012816201895475388, 0.09397852420806885, -0.017712581902742386, 0.03737303242087364, -0.06832172721624374]",,"['3ed6d4d77cb461e587ebdaeb136f195a6c10467e3ec0c4aa85a8b92dd1d72e6f', '199db3e5b70d0c375bc1efbbed3e68bb70c92f65c94bbfd950e4a1982a353065', '788a92084db5c86848b869aed6cde58c1291577984715710a72e225f1936029c', 'dd9765463b625ce976fb3c6a3f08532fa047f2d7fc059210a13db78b7ac4dade', '45c7ae2d8d774431b0b333acedb484d46b3ca442f5d4f9106c0c66a0493729e1', 'ab7eb577db25137e28f68a27dc0a00667ffbf16ce7a2782d6af5d70fed0fe040', 'd26c6190e819417a5d2c2a2ad1224067569352956d6023778d5cdc9ae37e4ab5', '67c32d3346c5332971f7bec11da2a939f874a0f6fc21587a9d6215096706b402', '1974640a58c1bfb0e06abbdfd2230217b3aeb475b2073836e001836e40ac8b8d', '4326e882a453c89770d38cec3cc6df88eda74aebc3702f9bb3bdc49f1bed78cc', 'a117dc7cae89f9e90562e06f375da878dedf424157f454afa58167ca9c140d63', 'c1640ed59d4f6c9387681ab947ea5e16bf22f318d4a4f70bed215fac527e0570', '5057622a1d2cb6e3f5fbf6397a6700933441714bc6e378152c0d92a839ec5186', '91be3e68cbc3240106a4329432cb6f786353f335034080b1a3dfc197e93abff3', '5da1523be807ae08bdb81d914cc6341c2bc80b972540267dae8b9b6105191b31', 'f487eb4e2881ea233411caa94c456c69b50fe1b6899b4b5c68c47f2bce6889ea', 'd3a4a2c40c8b9851fa589e3c63e504b893d03cbc83b916e5e2122d0bc7bbca8d', 'e3fdf083d296d31fd1090b1d0370894b14b3d9ccac7f6eee0db9e482072393b6', 'fb18592a3ca69c1ec592cee381c83e1992ac6659829756af1f52690c9e80d8c6', 'a9b6bbe0b98e5200952ade6c245603fc9aff78d9010552540e1506b73f9d8be1', '2c52d9b9b6093d131d965a0d44f90c92abadbb42620bbe3f5e3b173ef6b7bbbb', '3843a18feaf29ad15eadd5d93dc2f15730286535b5faa680fcbf4b45485b85e6', '2776a5df32da9a929025a64be0272d35159875850720cfba0aa2b7f716d38d93', 'f06c28cb5272fd93e4cf86dfb519b473814ae7ece7cd151a49013160425546f9', '94f31f338bb643ecb9ef6ae15479b7aad7ec78ee5767fad0f918689fa13b02e3']",1547786320087
586,afad55a96582fdb73dd754f92fa8b701bb4f69d1ac1e7a441c7df2e9c678d340,"[-0.1013508290052414, -0.08176624774932861, -0.012167224660515785, -0.0953405499458313, 0.2214142382144928, 0.00019937334582209587, -0.05945814773440361, 0.27763593196868896, -0.02771725505590439, 0.07551437616348267, -0.005468519404530525, -0.09215174615383148, -0.01320937555283308, -0.0359400175511837, 0.09661450237035751, 0.018942462280392647, -0.013216352090239525, -0.006259634625166655, -0.0060287956148386, 0.027557142078876495, 0.045052848756313324, -0.06991530954837799, -0.053795188665390015, -0.009375271387398243, 0.010789620690047741, -0.00334332138299942, -0.010424597188830376, -0.022957012057304382, -0.05272592604160309, -0.000908905640244484, -0.06512260437011719, 0.03215561434626579, 0.02544116973876953, 0.037690673023462296, -0.017276352271437645, 0.01872103288769722, 0.014462710358202457, -0.02146967686712742, 0.03174421191215515, 0.04221498966217041, -0.0017583686858415604, 0.0463050901889801, -0.0254305899143219, 0.021272772923111916, 0.004950424190610647, -0.02650645561516285, 0.008154358714818954, 0.04086826741695404, 0.022781051695346832, 0.00884995236992836]",,,1547786569350
587,afad55a96582fdb73dd754f92fa8b701bb4f69d1ac1e7a441c7df2e9c678d340,"[-0.09809331595897675, -0.10399851948022842, -0.013677027076482773, -0.051110874861478806, -0.052101388573646545, -0.0013793259859085083, -0.05801914632320404, 0.006322929635643959, -0.026048414409160614, -0.0010261647403240204, 0.05637320876121521, -0.08982519060373306, -0.05975060164928436, 0.004010889679193497, 0.0316031314432621, 0.01155062485486269, -0.033779874444007874, 0.012588843703269958, -0.024049978703260422, -0.009026236832141876, 0.052840135991573334, -0.10436192154884338, -0.03526068478822708, 0.04365871101617813, -0.004964431747794151, -0.05037754029035568, -0.0487373024225235, -0.04334074258804321, -0.055833809077739716, -0.0012792351190000772, -0.07613159716129303, 0.009196585044264793, 0.04932817071676254, 0.05534934625029564, -0.02730512246489525, 0.018370050936937332, 0.007756405975669622, -0.041424281895160675, 0.043034862726926804, 0.0546928271651268, 0.0045760562643408775, 0.04672500491142273, -0.043787360191345215, 0.044766850769519806, -0.025392374023795128, -0.029797708615660667, 0.009254471398890018, 0.023017924278974533, 0.04251217097043991, 0.009042846970260143]",['8d54aca3c288897725cc56e8555edd735bd9a9dc49eb611e6bfab3fdf676e80d'],"['d7610e48ee3a0dfdd27f053d4f07d3c1a74b47e3705b5854580ff16cebebe050', '33794e62e224fb2ebffbfbae283c526b3c2cc93e417a9db85931e109ac84514f', '584694aebd787c6a4eb27095187bca588972e73b6b1dd4eb046371be36c2d743', '8d54aca3c288897725cc56e8555edd735bd9a9dc49eb611e6bfab3fdf676e80d', '88ab86e926fe18b9a8f04b14730edb65f864dafb06cb1c1af533d58ec672a1a2', 'eae56abc8ed5f4921817bea41a7880df350cd4db252c264b4ed2d5ae50a6c495']",1547786673650
588,afad55a96582fdb73dd754f92fa8b701bb4f69d1ac1e7a441c7df2e9c678d340,"[-0.10292822122573853, -0.03499225899577141, 0.06563712656497955, 0.03598122298717499, 0.02073635533452034, 0.0897994115948677, 0.0020692883990705013, 0.09091715514659882, 0.0680287778377533, -0.07837928086519241, 0.15982499718666077, -0.009831207804381847, -0.02662087418138981, -0.00730898417532444, -0.020995959639549255, 0.14829233288764954, 0.012828297913074493, -0.07992230355739594, 0.10910779982805252, -0.07963827252388, -0.032996419817209244, -0.050368089228868484, 0.015900908038020134, -0.04316013306379318, 0.0029364507645368576, -0.04818693920969963, -0.022506998851895332, -0.10633687674999237, 0.02218702621757984, 0.048194609582424164, -0.05322686955332756, 0.034193165600299835, 0.11307170987129211, 0.013955460861325264, 0.00674468232318759, -0.01522886287420988, -0.05481675639748573, -0.01389045175164938, -0.05719562992453575, 0.03458258882164955, -0.024034887552261353, -0.018923737108707428, -0.007297168485820293, 0.011279907077550888, 0.013555850833654404, -0.051577337086200714, -0.02634371817111969, -0.05396224558353424, -0.05471424758434296, -0.03434494137763977]",,"['ae8f8dbebdfa1afd54903d0ce2a407c79b0523db9a6c77d7d551a3935a72dbba', 'c53c112a4c1a6036e9ddad57739975991556845560e92aed0690081ebbf3e1ec', '4a75aff0a704b11c4ff71d847094a133cb015a8b656756cf7b5cdb6ca7d8def8', '98cf0d2707474929185394a3baeeed49d6f776eb5b885c9da0163d8dbddf2a3c', 'b7d507f1adf787c72ab5d2fb4460a35bba04dade80b1c85d77c168bfe1a0b8a3', '4811ccb1558660860b284479a624f70cdc9e4d6d26a11c9a8f240a4aadf53086', '143bd8f9f8d31bd00ef4f88eaf543ceb63e6216e1b9d31d969af9ae4d6bdce0d', '477e7e5c686a3c170b18b77d5258b6d0281a748fe4ad11ad3d8ef1507c0e033a', '12a680afa4d7068c2ba53b532efe34f345bfc2d79694e9df9eeed6fa15f53663', '13a4d6440af85fe4a8bfcd7e5a91e807b538299ca62f0ecda1327e42f7e8c746', '5b98a603bc015881ba3ef4f3130fa120347c6ad21ce31f10e033be6ac7b3d30f', '53dae5ab51268b77af2a8a8f8725ae98ca3cdd7fa92b1af4e1bcf108fa590859', '6cdf768daa61a54439351c517bc1f37f72e47b95c5de66994f94070d53006716', '83d708dc1a43bd1416f97bbef8568cfe84ec10cf134e43ab646629be3ce94936', '4a3eb4b9c3e6f480fcee713b07ffdfca4e67540ec83f190b2cc28315af8c3a7a', '6b95c1f1b5b873b0a7518555001faab40a4e3aa32badbeb16269dcb504091609', 'abbe930a1a5283ecadc4443ce68f33074efbf1ad486c5f2c42d4ddbd4f3682ca', '80a5069906474f2036722c82f88230376f4e2bcfce6c97c64245a4142f1f8ae0', '8a400fd354460f01604c00613d4ad414819b163fe28b0a3f064761435313b3e3', '370452618dc48b535b7fd6cf95b8247efd4d9f3907e3889e25bcdebdd1057578', '3917d55b9cab23c7c0e17701572b02055a7e7e2f3982571f803677603b1c5953', '62f247f9a59ccb45f0554d19baafb1e3a45759b7dd6ff4644c662d6c52ae61a2', '5c66b87cc7a7c9c7baf275e764fc40c2f4ef25b8ff38c506119b803c0c132635', 'bb41beed4dd26080e04f6adc6aa9745247d7fe17f600f204a5c4c8f0d4c0c96c', '84d062801d05282c451cf28922fcc8405998834ff07f52fb634357b167245ab8']",1547786725222
589,e050513a6d366d65f47ff2c8af9893624a02cb2c4a865377de0b1fece7571f81,"[-0.21867913007736206, -0.07819901406764984, 0.046204984188079834, -0.12454326450824738, -0.04716455191373825, -0.018188675865530968, 0.09774579107761383, -0.13092371821403503, -0.07990258932113647, 0.048297472298145294, -0.10477577149868011, -0.011055078357458115, 0.10753840208053589, 0.07012969255447388, 0.003839142620563507, 0.062271300703287125, 0.01869256980717182, -0.015415651723742485, 0.006263772025704384, 0.1117505431175232, -0.08465991169214249, 0.017007991671562195, -0.09510134160518646, 0.015698133036494255, 0.11273051053285599, 0.08870188891887665, -0.06728404760360718, -0.0614762157201767, 0.03661276027560234, -0.05365578830242157, 0.03361734747886658, 0.031116662546992302, 0.1353459656238556, 0.0747256949543953, 0.08316900581121445, 0.02105487696826458, -0.10506734251976013, 0.09743084013462067, -0.013638416305184364, 0.061695024371147156, -0.027555419132113457, -0.10986821353435516, -0.024682817980647087, 0.04207901656627655, 0.043104223906993866, -0.061255764216184616, -0.011557924561202526, -0.11743780970573425, -0.06687519699335098, 0.13212153315544128]",,"['02983f6fc7df9c2507efd9dc19a2879e98b8c8b110a77a05496ecb950f95b86e', '407e5fe8109da4ad27521ec18a378a28de6888d772f18be96cab54cf8b74b92e', '33173c24e9c7c7d42272f8fd77703eed617e4babb5cf9d1ffc664c9c056f029c', '4ba38e74d26beb2ba1fd614305074eb3d77176c814014c4d172c58327f67ae55', '2552460af2306aaaa563937a69bc7ab54324e02d5f02fd28d9121ab1e5f38bc6', '2a478334729fed491d72509aef029494c1a64d5a54545e1a73084b939e14fa29', '5d023609e1d6b75bc3f1dfd9a9bb758ae892aaed6f39b4eb65e8a37f8dec95b3', '9f9526023e1b2a442e6e3be900b027d65124cff4c0fc3b5fb9c184d974145245', '8cb98e6d508f40ca3f7102d3b5197fb36ad39cc00e0a6f05f96e52ae42c9ce6d', '8b4a4f0f52b8c5ed4910aeff490dd0d472b2910685a77ba92b1a4da40b665e26', 'cab407bee30375f7942a8618116828851d11004121eaa0b99141e2e11873cc32', '748d004151567e5e9aea241a82fba5df3389a3b3269e353b1e8cc5fac15ee9c1', '42cabff5f9a848ba85e77359dc5a37f3510b3252aa3eba65a88154aad9517fba', '262cc93457e6a4aefd0704aa5f97e5151f8b779fe91c0bde19ea63bd076d6b24', '9e4bba360b21c496aab5045720fd9271776dcf450073b1eaba216c3b57996ced', 'ef1fb9e943116a77523818f1718bfef34dc4fc3d06ccf481d2c9a2d697bb77f4']",1548711935875
590,e050513a6d366d65f47ff2c8af9893624a02cb2c4a865377de0b1fece7571f81,"[-0.21867913007736206, -0.07819901406764984, 0.046204984188079834, -0.12454326450824738, -0.04716455191373825, -0.018188675865530968, 0.09774579107761383, -0.13092371821403503, -0.07990258932113647, 0.048297472298145294, -0.10477577149868011, -0.011055078357458115, 0.10753840208053589, 0.07012969255447388, 0.003839142620563507, 0.062271300703287125, 0.01869256980717182, -0.015415651723742485, 0.006263772025704384, 0.1117505431175232, -0.08465991169214249, 0.017007991671562195, -0.09510134160518646, 0.015698133036494255, 0.11273051053285599, 0.08870188891887665, -0.06728404760360718, -0.0614762157201767, 0.03661276027560234, -0.05365578830242157, 0.03361734747886658, 0.031116662546992302, 0.1353459656238556, 0.0747256949543953, 0.08316900581121445, 0.02105487696826458, -0.10506734251976013, 0.09743084013462067, -0.013638416305184364, 0.061695024371147156, -0.027555419132113457, -0.10986821353435516, -0.024682817980647087, 0.04207901656627655, 0.043104223906993866, -0.061255764216184616, -0.011557924561202526, -0.11743780970573425, -0.06687519699335098, 0.13212153315544128]",,"['02983f6fc7df9c2507efd9dc19a2879e98b8c8b110a77a05496ecb950f95b86e', '407e5fe8109da4ad27521ec18a378a28de6888d772f18be96cab54cf8b74b92e', '33173c24e9c7c7d42272f8fd77703eed617e4babb5cf9d1ffc664c9c056f029c', '4ba38e74d26beb2ba1fd614305074eb3d77176c814014c4d172c58327f67ae55', '2552460af2306aaaa563937a69bc7ab54324e02d5f02fd28d9121ab1e5f38bc6', '2a478334729fed491d72509aef029494c1a64d5a54545e1a73084b939e14fa29', '5d023609e1d6b75bc3f1dfd9a9bb758ae892aaed6f39b4eb65e8a37f8dec95b3', '9f9526023e1b2a442e6e3be900b027d65124cff4c0fc3b5fb9c184d974145245', '8cb98e6d508f40ca3f7102d3b5197fb36ad39cc00e0a6f05f96e52ae42c9ce6d', '8b4a4f0f52b8c5ed4910aeff490dd0d472b2910685a77ba92b1a4da40b665e26', 'cab407bee30375f7942a8618116828851d11004121eaa0b99141e2e11873cc32', '748d004151567e5e9aea241a82fba5df3389a3b3269e353b1e8cc5fac15ee9c1', '42cabff5f9a848ba85e77359dc5a37f3510b3252aa3eba65a88154aad9517fba', '262cc93457e6a4aefd0704aa5f97e5151f8b779fe91c0bde19ea63bd076d6b24', '9e4bba360b21c496aab5045720fd9271776dcf450073b1eaba216c3b57996ced', 'ef1fb9e943116a77523818f1718bfef34dc4fc3d06ccf481d2c9a2d697bb77f4']",1548711935875
591,e050513a6d366d65f47ff2c8af9893624a02cb2c4a865377de0b1fece7571f81,"[-0.21867913007736206, -0.07819901406764984, 0.046204984188079834, -0.12454326450824738, -0.04716455191373825, -0.018188675865530968, 0.09774579107761383, -0.13092371821403503, -0.07990258932113647, 0.048297472298145294, -0.10477577149868011, -0.011055078357458115, 0.10753840208053589, 0.07012969255447388, 0.003839142620563507, 0.062271300703287125, 0.01869256980717182, -0.015415651723742485, 0.006263772025704384, 0.1117505431175232, -0.08465991169214249, 0.017007991671562195, -0.09510134160518646, 0.015698133036494255, 0.11273051053285599, 0.08870188891887665, -0.06728404760360718, -0.0614762157201767, 0.03661276027560234, -0.05365578830242157, 0.03361734747886658, 0.031116662546992302, 0.1353459656238556, 0.0747256949543953, 0.08316900581121445, 0.02105487696826458, -0.10506734251976013, 0.09743084013462067, -0.013638416305184364, 0.061695024371147156, -0.027555419132113457, -0.10986821353435516, -0.024682817980647087, 0.04207901656627655, 0.043104223906993866, -0.061255764216184616, -0.011557924561202526, -0.11743780970573425, -0.06687519699335098, 0.13212153315544128]",,"['02983f6fc7df9c2507efd9dc19a2879e98b8c8b110a77a05496ecb950f95b86e', '407e5fe8109da4ad27521ec18a378a28de6888d772f18be96cab54cf8b74b92e', '33173c24e9c7c7d42272f8fd77703eed617e4babb5cf9d1ffc664c9c056f029c', '4ba38e74d26beb2ba1fd614305074eb3d77176c814014c4d172c58327f67ae55', '2552460af2306aaaa563937a69bc7ab54324e02d5f02fd28d9121ab1e5f38bc6', '2a478334729fed491d72509aef029494c1a64d5a54545e1a73084b939e14fa29', '5d023609e1d6b75bc3f1dfd9a9bb758ae892aaed6f39b4eb65e8a37f8dec95b3', '9f9526023e1b2a442e6e3be900b027d65124cff4c0fc3b5fb9c184d974145245', '8cb98e6d508f40ca3f7102d3b5197fb36ad39cc00e0a6f05f96e52ae42c9ce6d', '8b4a4f0f52b8c5ed4910aeff490dd0d472b2910685a77ba92b1a4da40b665e26', 'cab407bee30375f7942a8618116828851d11004121eaa0b99141e2e11873cc32', '748d004151567e5e9aea241a82fba5df3389a3b3269e353b1e8cc5fac15ee9c1', '42cabff5f9a848ba85e77359dc5a37f3510b3252aa3eba65a88154aad9517fba', '262cc93457e6a4aefd0704aa5f97e5151f8b779fe91c0bde19ea63bd076d6b24', '9e4bba360b21c496aab5045720fd9271776dcf450073b1eaba216c3b57996ced', 'ef1fb9e943116a77523818f1718bfef34dc4fc3d06ccf481d2c9a2d697bb77f4']",1548711935875
592,aba7410614ae2971006fee389e8ded943b16d4d045807c385d484379dc59a188,"[0.0009703058749437332, -0.17332154512405396, 0.11588194966316223, 0.09317362308502197, 0.1432894766330719, 0.032974354922771454, 0.012486811727285385, -0.028851905837655067, -0.09294302761554718, -0.08880919218063354, 0.03118795156478882, 0.0599043183028698, -0.00018790829926729202, -0.019113754853606224, 0.05635615065693855, -0.02602703869342804, 0.0007770061492919922, 0.02954564243555069, -0.05101872980594635, 0.010876386426389217, 0.07131198793649673, 0.044897694140672684, -0.021882571280002594, -0.024043243378400803, -0.015578141435980797, -0.03628348931670189, -0.07860985398292542, 0.06949889659881592, 0.0029251270461827517, -0.06299491971731186, -0.04661644622683525, 0.02444305829703808, 0.08442200720310211, 0.048605576157569885, -0.010269897058606148, 0.029076723381876945, 0.03148248791694641, 0.02010621875524521, -0.06689317524433136, 0.041000451892614365, 0.04936670511960983, -0.08003521710634232, 0.003055141307413578, 0.0063957036472857, 0.07674248516559601, 0.06336984783411026, 0.024285685271024704, -0.06376756727695465, -0.04504310339689255, 0.0033032456412911415]",,,1549670844947
593,677d3375d1a4ce201311e9c76157fd6815e3aa44846d082efd05ad6113e85838,"[0.06118714064359665, -0.270275354385376, 0.10831157863140106, 0.12095805257558823, 0.01697736419737339, 0.05459962785243988, 0.014129026792943478, 0.028665151447057724, 0.09277048707008362, -0.0850033164024353, 0.10064555704593658, -0.044491034001111984, -0.05326405540108681, -0.012560206465423107, 0.049486998468637466, -0.01808539777994156, 0.0666087344288826, 0.10468794405460358, 0.005151025019586086, -0.06160145252943039, 0.011492072604596615, 0.04949149489402771, -0.05150889977812767, -0.06762540340423584, -0.053823910653591156, -0.03187735006213188, 0.055253371596336365, 0.02579594776034355, 0.03106110543012619, 0.020923389121890068, 0.022924724966287613, -0.059259116649627686, 0.01828656904399395, 0.026213159784674644, 0.05098319426178932, 0.02480987086892128, -0.030946942046284676, -0.08204152435064316, 0.043466921895742416, -0.07575534284114838, -0.06695060431957245, -0.059031613171100616, -0.008669307455420494, 0.05589527264237404, 0.03695826977491379, -0.06552047282457352, -0.030322618782520294, 0.012629902921617031, -0.07305658608675003, -0.03384064510464668]","['eb0469e38898426d1b14fe327e42e384612b8c9aac8c625c64af7c4093e3f044', '2097e8f45df785afdd6b40a7a106eaf3172dbc0871b6b9fa1ac0cd21d4f5b355', 'cd885f7027ae47bd4c388e99420ac8f797fa8dcc74cbc1f2f1b0334750a2db14']","['bbe8227b3d721a9c4b76c357716b620376fd6efc3a4c3f3c9323f686248003e9', 'c0b4cf6c44abf729eaba38dbcc283bed406384709fb84c9a016416c62740cee1', '47209f29c3e90d41fc756095dfc3cbabd46aeede22d7041930ae5e3e9cd6584f', 'b77998970097c318d26086d939cdfe9391cee1a1481ae5ec9b75f61ea0a96e89', 'e1b45342c4f73e56169328ab0591c7301de5b11ada7bf73067ef412cec15f876', '0a5e6da8189fc52c4d0b84db4e4854c3e7b92abaf028a0dbbbefd77e92dce158', '2097e8f45df785afdd6b40a7a106eaf3172dbc0871b6b9fa1ac0cd21d4f5b355', 'cd885f7027ae47bd4c388e99420ac8f797fa8dcc74cbc1f2f1b0334750a2db14', '8ff4340957d15944706b9788d4a65b18954f0b07ed0bd477c5623336e70f4b19', 'eb0469e38898426d1b14fe327e42e384612b8c9aac8c625c64af7c4093e3f044']",1549918940838
594,677d3375d1a4ce201311e9c76157fd6815e3aa44846d082efd05ad6113e85838,"[0.06118714064359665, -0.270275354385376, 0.10831157863140106, 0.12095805257558823, 0.01697736419737339, 0.05459962785243988, 0.014129026792943478, 0.028665151447057724, 0.09277048707008362, -0.0850033164024353, 0.10064555704593658, -0.044491034001111984, -0.05326405540108681, -0.012560206465423107, 0.049486998468637466, -0.01808539777994156, 0.0666087344288826, 0.10468794405460358, 0.005151025019586086, -0.06160145252943039, 0.011492072604596615, 0.04949149489402771, -0.05150889977812767, -0.06762540340423584, -0.053823910653591156, -0.03187735006213188, 0.055253371596336365, 0.02579594776034355, 0.03106110543012619, 0.020923389121890068, 0.022924724966287613, -0.059259116649627686, 0.01828656904399395, 0.026213159784674644, 0.05098319426178932, 0.02480987086892128, -0.030946942046284676, -0.08204152435064316, 0.043466921895742416, -0.07575534284114838, -0.06695060431957245, -0.059031613171100616, -0.008669307455420494, 0.05589527264237404, 0.03695826977491379, -0.06552047282457352, -0.030322618782520294, 0.012629902921617031, -0.07305658608675003, -0.03384064510464668]","['eb0469e38898426d1b14fe327e42e384612b8c9aac8c625c64af7c4093e3f044', '2097e8f45df785afdd6b40a7a106eaf3172dbc0871b6b9fa1ac0cd21d4f5b355', 'cd885f7027ae47bd4c388e99420ac8f797fa8dcc74cbc1f2f1b0334750a2db14']","['bbe8227b3d721a9c4b76c357716b620376fd6efc3a4c3f3c9323f686248003e9', 'c0b4cf6c44abf729eaba38dbcc283bed406384709fb84c9a016416c62740cee1', '47209f29c3e90d41fc756095dfc3cbabd46aeede22d7041930ae5e3e9cd6584f', 'b77998970097c318d26086d939cdfe9391cee1a1481ae5ec9b75f61ea0a96e89', 'e1b45342c4f73e56169328ab0591c7301de5b11ada7bf73067ef412cec15f876', '0a5e6da8189fc52c4d0b84db4e4854c3e7b92abaf028a0dbbbefd77e92dce158', '2097e8f45df785afdd6b40a7a106eaf3172dbc0871b6b9fa1ac0cd21d4f5b355', 'cd885f7027ae47bd4c388e99420ac8f797fa8dcc74cbc1f2f1b0334750a2db14', '8ff4340957d15944706b9788d4a65b18954f0b07ed0bd477c5623336e70f4b19', 'eb0469e38898426d1b14fe327e42e384612b8c9aac8c625c64af7c4093e3f044']",1549918940838
595,677d3375d1a4ce201311e9c76157fd6815e3aa44846d082efd05ad6113e85838,"[0.06118714064359665, -0.270275354385376, 0.10831157863140106, 0.12095805257558823, 0.01697736419737339, 0.05459962785243988, 0.014129026792943478, 0.028665151447057724, 0.09277048707008362, -0.0850033164024353, 0.10064555704593658, -0.044491034001111984, -0.05326405540108681, -0.012560206465423107, 0.049486998468637466, -0.01808539777994156, 0.0666087344288826, 0.10468794405460358, 0.005151025019586086, -0.06160145252943039, 0.011492072604596615, 0.04949149489402771, -0.05150889977812767, -0.06762540340423584, -0.053823910653591156, -0.03187735006213188, 0.055253371596336365, 0.02579594776034355, 0.03106110543012619, 0.020923389121890068, 0.022924724966287613, -0.059259116649627686, 0.01828656904399395, 0.026213159784674644, 0.05098319426178932, 0.02480987086892128, -0.030946942046284676, -0.08204152435064316, 0.043466921895742416, -0.07575534284114838, -0.06695060431957245, -0.059031613171100616, -0.008669307455420494, 0.05589527264237404, 0.03695826977491379, -0.06552047282457352, -0.030322618782520294, 0.012629902921617031, -0.07305658608675003, -0.03384064510464668]","['eb0469e38898426d1b14fe327e42e384612b8c9aac8c625c64af7c4093e3f044', '2097e8f45df785afdd6b40a7a106eaf3172dbc0871b6b9fa1ac0cd21d4f5b355', 'cd885f7027ae47bd4c388e99420ac8f797fa8dcc74cbc1f2f1b0334750a2db14']","['bbe8227b3d721a9c4b76c357716b620376fd6efc3a4c3f3c9323f686248003e9', 'c0b4cf6c44abf729eaba38dbcc283bed406384709fb84c9a016416c62740cee1', '47209f29c3e90d41fc756095dfc3cbabd46aeede22d7041930ae5e3e9cd6584f', 'b77998970097c318d26086d939cdfe9391cee1a1481ae5ec9b75f61ea0a96e89', 'e1b45342c4f73e56169328ab0591c7301de5b11ada7bf73067ef412cec15f876', '0a5e6da8189fc52c4d0b84db4e4854c3e7b92abaf028a0dbbbefd77e92dce158', '2097e8f45df785afdd6b40a7a106eaf3172dbc0871b6b9fa1ac0cd21d4f5b355', 'cd885f7027ae47bd4c388e99420ac8f797fa8dcc74cbc1f2f1b0334750a2db14', '8ff4340957d15944706b9788d4a65b18954f0b07ed0bd477c5623336e70f4b19', 'eb0469e38898426d1b14fe327e42e384612b8c9aac8c625c64af7c4093e3f044']",1549918940838
596,677d3375d1a4ce201311e9c76157fd6815e3aa44846d082efd05ad6113e85838,"[0.06118714064359665, -0.270275354385376, 0.10831157863140106, 0.12095805257558823, 0.01697736419737339, 0.05459962785243988, 0.014129026792943478, 0.028665151447057724, 0.09277048707008362, -0.0850033164024353, 0.10064555704593658, -0.044491034001111984, -0.05326405540108681, -0.012560206465423107, 0.049486998468637466, -0.01808539777994156, 0.0666087344288826, 0.10468794405460358, 0.005151025019586086, -0.06160145252943039, 0.011492072604596615, 0.04949149489402771, -0.05150889977812767, -0.06762540340423584, -0.053823910653591156, -0.03187735006213188, 0.055253371596336365, 0.02579594776034355, 0.03106110543012619, 0.020923389121890068, 0.022924724966287613, -0.059259116649627686, 0.01828656904399395, 0.026213159784674644, 0.05098319426178932, 0.02480987086892128, -0.030946942046284676, -0.08204152435064316, 0.043466921895742416, -0.07575534284114838, -0.06695060431957245, -0.059031613171100616, -0.008669307455420494, 0.05589527264237404, 0.03695826977491379, -0.06552047282457352, -0.030322618782520294, 0.012629902921617031, -0.07305658608675003, -0.03384064510464668]","['eb0469e38898426d1b14fe327e42e384612b8c9aac8c625c64af7c4093e3f044', '2097e8f45df785afdd6b40a7a106eaf3172dbc0871b6b9fa1ac0cd21d4f5b355', 'cd885f7027ae47bd4c388e99420ac8f797fa8dcc74cbc1f2f1b0334750a2db14']","['bbe8227b3d721a9c4b76c357716b620376fd6efc3a4c3f3c9323f686248003e9', 'c0b4cf6c44abf729eaba38dbcc283bed406384709fb84c9a016416c62740cee1', '47209f29c3e90d41fc756095dfc3cbabd46aeede22d7041930ae5e3e9cd6584f', 'b77998970097c318d26086d939cdfe9391cee1a1481ae5ec9b75f61ea0a96e89', 'e1b45342c4f73e56169328ab0591c7301de5b11ada7bf73067ef412cec15f876', '0a5e6da8189fc52c4d0b84db4e4854c3e7b92abaf028a0dbbbefd77e92dce158', '2097e8f45df785afdd6b40a7a106eaf3172dbc0871b6b9fa1ac0cd21d4f5b355', 'cd885f7027ae47bd4c388e99420ac8f797fa8dcc74cbc1f2f1b0334750a2db14', '8ff4340957d15944706b9788d4a65b18954f0b07ed0bd477c5623336e70f4b19', 'eb0469e38898426d1b14fe327e42e384612b8c9aac8c625c64af7c4093e3f044']",1549918940838
597,677d3375d1a4ce201311e9c76157fd6815e3aa44846d082efd05ad6113e85838,"[0.06118714064359665, -0.270275354385376, 0.10831157863140106, 0.12095805257558823, 0.01697736419737339, 0.05459962785243988, 0.014129026792943478, 0.028665151447057724, 0.09277048707008362, -0.0850033164024353, 0.10064555704593658, -0.044491034001111984, -0.05326405540108681, -0.012560206465423107, 0.049486998468637466, -0.01808539777994156, 0.0666087344288826, 0.10468794405460358, 0.005151025019586086, -0.06160145252943039, 0.011492072604596615, 0.04949149489402771, -0.05150889977812767, -0.06762540340423584, -0.053823910653591156, -0.03187735006213188, 0.055253371596336365, 0.02579594776034355, 0.03106110543012619, 0.020923389121890068, 0.022924724966287613, -0.059259116649627686, 0.01828656904399395, 0.026213159784674644, 0.05098319426178932, 0.02480987086892128, -0.030946942046284676, -0.08204152435064316, 0.043466921895742416, -0.07575534284114838, -0.06695060431957245, -0.059031613171100616, -0.008669307455420494, 0.05589527264237404, 0.03695826977491379, -0.06552047282457352, -0.030322618782520294, 0.012629902921617031, -0.07305658608675003, -0.03384064510464668]","['eb0469e38898426d1b14fe327e42e384612b8c9aac8c625c64af7c4093e3f044', '2097e8f45df785afdd6b40a7a106eaf3172dbc0871b6b9fa1ac0cd21d4f5b355', 'cd885f7027ae47bd4c388e99420ac8f797fa8dcc74cbc1f2f1b0334750a2db14']","['bbe8227b3d721a9c4b76c357716b620376fd6efc3a4c3f3c9323f686248003e9', 'c0b4cf6c44abf729eaba38dbcc283bed406384709fb84c9a016416c62740cee1', '47209f29c3e90d41fc756095dfc3cbabd46aeede22d7041930ae5e3e9cd6584f', 'b77998970097c318d26086d939cdfe9391cee1a1481ae5ec9b75f61ea0a96e89', 'e1b45342c4f73e56169328ab0591c7301de5b11ada7bf73067ef412cec15f876', '0a5e6da8189fc52c4d0b84db4e4854c3e7b92abaf028a0dbbbefd77e92dce158', '2097e8f45df785afdd6b40a7a106eaf3172dbc0871b6b9fa1ac0cd21d4f5b355', 'cd885f7027ae47bd4c388e99420ac8f797fa8dcc74cbc1f2f1b0334750a2db14', '8ff4340957d15944706b9788d4a65b18954f0b07ed0bd477c5623336e70f4b19', 'eb0469e38898426d1b14fe327e42e384612b8c9aac8c625c64af7c4093e3f044']",1549918940838
598,677d3375d1a4ce201311e9c76157fd6815e3aa44846d082efd05ad6113e85838,"[0.06118714064359665, -0.270275354385376, 0.10831157863140106, 0.12095805257558823, 0.01697736419737339, 0.05459962785243988, 0.014129026792943478, 0.028665151447057724, 0.09277048707008362, -0.0850033164024353, 0.10064555704593658, -0.044491034001111984, -0.05326405540108681, -0.012560206465423107, 0.049486998468637466, -0.01808539777994156, 0.0666087344288826, 0.10468794405460358, 0.005151025019586086, -0.06160145252943039, 0.011492072604596615, 0.04949149489402771, -0.05150889977812767, -0.06762540340423584, -0.053823910653591156, -0.03187735006213188, 0.055253371596336365, 0.02579594776034355, 0.03106110543012619, 0.020923389121890068, 0.022924724966287613, -0.059259116649627686, 0.01828656904399395, 0.026213159784674644, 0.05098319426178932, 0.02480987086892128, -0.030946942046284676, -0.08204152435064316, 0.043466921895742416, -0.07575534284114838, -0.06695060431957245, -0.059031613171100616, -0.008669307455420494, 0.05589527264237404, 0.03695826977491379, -0.06552047282457352, -0.030322618782520294, 0.012629902921617031, -0.07305658608675003, -0.03384064510464668]","['eb0469e38898426d1b14fe327e42e384612b8c9aac8c625c64af7c4093e3f044', '2097e8f45df785afdd6b40a7a106eaf3172dbc0871b6b9fa1ac0cd21d4f5b355', 'cd885f7027ae47bd4c388e99420ac8f797fa8dcc74cbc1f2f1b0334750a2db14']","['bbe8227b3d721a9c4b76c357716b620376fd6efc3a4c3f3c9323f686248003e9', 'c0b4cf6c44abf729eaba38dbcc283bed406384709fb84c9a016416c62740cee1', '47209f29c3e90d41fc756095dfc3cbabd46aeede22d7041930ae5e3e9cd6584f', 'b77998970097c318d26086d939cdfe9391cee1a1481ae5ec9b75f61ea0a96e89', 'e1b45342c4f73e56169328ab0591c7301de5b11ada7bf73067ef412cec15f876', '0a5e6da8189fc52c4d0b84db4e4854c3e7b92abaf028a0dbbbefd77e92dce158', '2097e8f45df785afdd6b40a7a106eaf3172dbc0871b6b9fa1ac0cd21d4f5b355', 'cd885f7027ae47bd4c388e99420ac8f797fa8dcc74cbc1f2f1b0334750a2db14', '8ff4340957d15944706b9788d4a65b18954f0b07ed0bd477c5623336e70f4b19', 'eb0469e38898426d1b14fe327e42e384612b8c9aac8c625c64af7c4093e3f044']",1549918940838
599,677d3375d1a4ce201311e9c76157fd6815e3aa44846d082efd05ad6113e85838,"[0.06118714064359665, -0.270275354385376, 0.10831157863140106, 0.12095805257558823, 0.01697736419737339, 0.05459962785243988, 0.014129026792943478, 0.028665151447057724, 0.09277048707008362, -0.0850033164024353, 0.10064555704593658, -0.044491034001111984, -0.05326405540108681, -0.012560206465423107, 0.049486998468637466, -0.01808539777994156, 0.0666087344288826, 0.10468794405460358, 0.005151025019586086, -0.06160145252943039, 0.011492072604596615, 0.04949149489402771, -0.05150889977812767, -0.06762540340423584, -0.053823910653591156, -0.03187735006213188, 0.055253371596336365, 0.02579594776034355, 0.03106110543012619, 0.020923389121890068, 0.022924724966287613, -0.059259116649627686, 0.01828656904399395, 0.026213159784674644, 0.05098319426178932, 0.02480987086892128, -0.030946942046284676, -0.08204152435064316, 0.043466921895742416, -0.07575534284114838, -0.06695060431957245, -0.059031613171100616, -0.008669307455420494, 0.05589527264237404, 0.03695826977491379, -0.06552047282457352, -0.030322618782520294, 0.012629902921617031, -0.07305658608675003, -0.03384064510464668]","['eb0469e38898426d1b14fe327e42e384612b8c9aac8c625c64af7c4093e3f044', '2097e8f45df785afdd6b40a7a106eaf3172dbc0871b6b9fa1ac0cd21d4f5b355', 'cd885f7027ae47bd4c388e99420ac8f797fa8dcc74cbc1f2f1b0334750a2db14']","['bbe8227b3d721a9c4b76c357716b620376fd6efc3a4c3f3c9323f686248003e9', 'c0b4cf6c44abf729eaba38dbcc283bed406384709fb84c9a016416c62740cee1', '47209f29c3e90d41fc756095dfc3cbabd46aeede22d7041930ae5e3e9cd6584f', 'b77998970097c318d26086d939cdfe9391cee1a1481ae5ec9b75f61ea0a96e89', 'e1b45342c4f73e56169328ab0591c7301de5b11ada7bf73067ef412cec15f876', '0a5e6da8189fc52c4d0b84db4e4854c3e7b92abaf028a0dbbbefd77e92dce158', '2097e8f45df785afdd6b40a7a106eaf3172dbc0871b6b9fa1ac0cd21d4f5b355', 'cd885f7027ae47bd4c388e99420ac8f797fa8dcc74cbc1f2f1b0334750a2db14', '8ff4340957d15944706b9788d4a65b18954f0b07ed0bd477c5623336e70f4b19', 'eb0469e38898426d1b14fe327e42e384612b8c9aac8c625c64af7c4093e3f044']",1549918940838
600,677d3375d1a4ce201311e9c76157fd6815e3aa44846d082efd05ad6113e85838,"[0.05355864763259888, -0.1802668571472168, 0.03604336455464363, 0.07811833918094635, 0.22248399257659912, 0.020022179931402206, 0.057167813181877136, -0.08655683696269989, -0.02178926393389702, 0.02047073096036911, 0.04608168452978134, 0.050903573632240295, -0.01815411075949669, -0.05995792895555496, -0.02917054295539856, -0.0012512831017374992, 0.008478578180074692, 0.03951280564069748, 0.039586447179317474, -0.025284714996814728, -0.0033452389761805534, -0.009451297111809254, 0.028545720502734184, -0.021040625870227814, -0.006601244211196899, -0.03787536174058914, -0.019202589988708496, -0.019870709627866745, -0.0026359923649579287, 0.025674156844615936, -0.011310247704386711, -0.006740022450685501, -0.025053590536117554, -0.0032012786250561476, -0.010655208490788937, -0.02494886890053749, -0.006689339876174927, 0.025940071791410446, 0.009609081782400608, -0.0228355061262846, 0.010707411915063858, 0.012971509248018265, 0.011029759421944618, -0.011684047058224678, -0.0014666242059320211, 0.014457644894719124, 0.01371479406952858, 0.01885930821299553, -0.00849974900484085, -0.0031282042618840933]",,,1549919181172
601,677d3375d1a4ce201311e9c76157fd6815e3aa44846d082efd05ad6113e85838,"[0.05355864763259888, -0.1802668571472168, 0.03604336455464363, 0.07811833918094635, 0.22248399257659912, 0.020022179931402206, 0.057167813181877136, -0.08655683696269989, -0.02178926393389702, 0.02047073096036911, 0.04608168452978134, 0.050903573632240295, -0.01815411075949669, -0.05995792895555496, -0.02917054295539856, -0.0012512831017374992, 0.008478578180074692, 0.03951280564069748, 0.039586447179317474, -0.025284714996814728, -0.0033452389761805534, -0.009451297111809254, 0.028545720502734184, -0.021040625870227814, -0.006601244211196899, -0.03787536174058914, -0.019202589988708496, -0.019870709627866745, -0.0026359923649579287, 0.025674156844615936, -0.011310247704386711, -0.006740022450685501, -0.025053590536117554, -0.0032012786250561476, -0.010655208490788937, -0.02494886890053749, -0.006689339876174927, 0.025940071791410446, 0.009609081782400608, -0.0228355061262846, 0.010707411915063858, 0.012971509248018265, 0.011029759421944618, -0.011684047058224678, -0.0014666242059320211, 0.014457644894719124, 0.01371479406952858, 0.01885930821299553, -0.00849974900484085, -0.0031282042618840933]",,,1549919181172
602,677d3375d1a4ce201311e9c76157fd6815e3aa44846d082efd05ad6113e85838,"[0.05355864763259888, -0.1802668571472168, 0.03604336455464363, 0.07811833918094635, 0.22248399257659912, 0.020022179931402206, 0.057167813181877136, -0.08655683696269989, -0.02178926393389702, 0.02047073096036911, 0.04608168452978134, 0.050903573632240295, -0.01815411075949669, -0.05995792895555496, -0.02917054295539856, -0.0012512831017374992, 0.008478578180074692, 0.03951280564069748, 0.039586447179317474, -0.025284714996814728, -0.0033452389761805534, -0.009451297111809254, 0.028545720502734184, -0.021040625870227814, -0.006601244211196899, -0.03787536174058914, -0.019202589988708496, -0.019870709627866745, -0.0026359923649579287, 0.025674156844615936, -0.011310247704386711, -0.006740022450685501, -0.025053590536117554, -0.0032012786250561476, -0.010655208490788937, -0.02494886890053749, -0.006689339876174927, 0.025940071791410446, 0.009609081782400608, -0.0228355061262846, 0.010707411915063858, 0.012971509248018265, 0.011029759421944618, -0.011684047058224678, -0.0014666242059320211, 0.014457644894719124, 0.01371479406952858, 0.01885930821299553, -0.00849974900484085, -0.0031282042618840933]",,,1549919181172
603,677d3375d1a4ce201311e9c76157fd6815e3aa44846d082efd05ad6113e85838,"[0.05355864763259888, -0.1802668571472168, 0.03604336455464363, 0.07811833918094635, 0.22248399257659912, 0.020022179931402206, 0.057167813181877136, -0.08655683696269989, -0.02178926393389702, 0.02047073096036911, 0.04608168452978134, 0.050903573632240295, -0.01815411075949669, -0.05995792895555496, -0.02917054295539856, -0.0012512831017374992, 0.008478578180074692, 0.03951280564069748, 0.039586447179317474, -0.025284714996814728, -0.0033452389761805534, -0.009451297111809254, 0.028545720502734184, -0.021040625870227814, -0.006601244211196899, -0.03787536174058914, -0.019202589988708496, -0.019870709627866745, -0.0026359923649579287, 0.025674156844615936, -0.011310247704386711, -0.006740022450685501, -0.025053590536117554, -0.0032012786250561476, -0.010655208490788937, -0.02494886890053749, -0.006689339876174927, 0.025940071791410446, 0.009609081782400608, -0.0228355061262846, 0.010707411915063858, 0.012971509248018265, 0.011029759421944618, -0.011684047058224678, -0.0014666242059320211, 0.014457644894719124, 0.01371479406952858, 0.01885930821299553, -0.00849974900484085, -0.0031282042618840933]",,,1549919181172
604,677d3375d1a4ce201311e9c76157fd6815e3aa44846d082efd05ad6113e85838,"[0.05355864763259888, -0.1802668571472168, 0.03604336455464363, 0.07811833918094635, 0.22248399257659912, 0.020022179931402206, 0.057167813181877136, -0.08655683696269989, -0.02178926393389702, 0.02047073096036911, 0.04608168452978134, 0.050903573632240295, -0.01815411075949669, -0.05995792895555496, -0.02917054295539856, -0.0012512831017374992, 0.008478578180074692, 0.03951280564069748, 0.039586447179317474, -0.025284714996814728, -0.0033452389761805534, -0.009451297111809254, 0.028545720502734184, -0.021040625870227814, -0.006601244211196899, -0.03787536174058914, -0.019202589988708496, -0.019870709627866745, -0.0026359923649579287, 0.025674156844615936, -0.011310247704386711, -0.006740022450685501, -0.025053590536117554, -0.0032012786250561476, -0.010655208490788937, -0.02494886890053749, -0.006689339876174927, 0.025940071791410446, 0.009609081782400608, -0.0228355061262846, 0.010707411915063858, 0.012971509248018265, 0.011029759421944618, -0.011684047058224678, -0.0014666242059320211, 0.014457644894719124, 0.01371479406952858, 0.01885930821299553, -0.00849974900484085, -0.0031282042618840933]",,,1549919181172
605,677d3375d1a4ce201311e9c76157fd6815e3aa44846d082efd05ad6113e85838,"[0.05355864763259888, -0.1802668571472168, 0.03604336455464363, 0.07811833918094635, 0.22248399257659912, 0.020022179931402206, 0.057167813181877136, -0.08655683696269989, -0.02178926393389702, 0.02047073096036911, 0.04608168452978134, 0.050903573632240295, -0.01815411075949669, -0.05995792895555496, -0.02917054295539856, -0.0012512831017374992, 0.008478578180074692, 0.03951280564069748, 0.039586447179317474, -0.025284714996814728, -0.0033452389761805534, -0.009451297111809254, 0.028545720502734184, -0.021040625870227814, -0.006601244211196899, -0.03787536174058914, -0.019202589988708496, -0.019870709627866745, -0.0026359923649579287, 0.025674156844615936, -0.011310247704386711, -0.006740022450685501, -0.025053590536117554, -0.0032012786250561476, -0.010655208490788937, -0.02494886890053749, -0.006689339876174927, 0.025940071791410446, 0.009609081782400608, -0.0228355061262846, 0.010707411915063858, 0.012971509248018265, 0.011029759421944618, -0.011684047058224678, -0.0014666242059320211, 0.014457644894719124, 0.01371479406952858, 0.01885930821299553, -0.00849974900484085, -0.0031282042618840933]",,,1549919181172
606,677d3375d1a4ce201311e9c76157fd6815e3aa44846d082efd05ad6113e85838,"[0.05355864763259888, -0.1802668571472168, 0.03604336455464363, 0.07811833918094635, 0.22248399257659912, 0.020022179931402206, 0.057167813181877136, -0.08655683696269989, -0.02178926393389702, 0.02047073096036911, 0.04608168452978134, 0.050903573632240295, -0.01815411075949669, -0.05995792895555496, -0.02917054295539856, -0.0012512831017374992, 0.008478578180074692, 0.03951280564069748, 0.039586447179317474, -0.025284714996814728, -0.0033452389761805534, -0.009451297111809254, 0.028545720502734184, -0.021040625870227814, -0.006601244211196899, -0.03787536174058914, -0.019202589988708496, -0.019870709627866745, -0.0026359923649579287, 0.025674156844615936, -0.011310247704386711, -0.006740022450685501, -0.025053590536117554, -0.0032012786250561476, -0.010655208490788937, -0.02494886890053749, -0.006689339876174927, 0.025940071791410446, 0.009609081782400608, -0.0228355061262846, 0.010707411915063858, 0.012971509248018265, 0.011029759421944618, -0.011684047058224678, -0.0014666242059320211, 0.014457644894719124, 0.01371479406952858, 0.01885930821299553, -0.00849974900484085, -0.0031282042618840933]",,,1549919181172
607,b7788651adaa89a5396f7c05497cf3ff152bf40f1a1720b43efda9c0030323d3,"[-0.181795135140419, 0.1420021951198578, 0.286369264125824, 0.1970367431640625, -0.009740844368934631, 0.06344184279441833, -0.08472020924091339, -0.003334823064506054, 0.20735295116901398, -0.10790887475013733, 0.1541728973388672, -0.02221832424402237, -0.06954912096261978, -0.027222217991948128, 0.032659973949193954, 0.025354286655783653, 0.037661127746105194, 0.07044557482004166, -0.07077473402023315, -0.007727570831775665, 0.011428404599428177, -0.011817865073680878, -0.05729561299085617, -0.06155496835708618, 0.020217441022396088, -0.027984997257590294, 0.06821087002754211, -0.045522309839725494, -0.004856254439800978, 0.04046829044818878, 0.031404297798871994, -0.039524294435977936, 0.00459558330476284, 0.009004033170640469, -0.009392540901899338, 0.043826550245285034, -0.06754345446825027, -0.048744454979896545, 0.04626088961958885, -0.04132627695798874, -0.04962501674890518, -0.04054705798625946, -0.02924802154302597, 0.01535442192107439, 0.03429407626390457, -0.03289710730314255, -0.007333135232329369, 0.02263013646006584, -0.03861921280622482, -0.027084937319159508]",['b77998970097c318d26086d939cdfe9391cee1a1481ae5ec9b75f61ea0a96e89'],"['bbe8227b3d721a9c4b76c357716b620376fd6efc3a4c3f3c9323f686248003e9', '47209f29c3e90d41fc756095dfc3cbabd46aeede22d7041930ae5e3e9cd6584f', 'b77998970097c318d26086d939cdfe9391cee1a1481ae5ec9b75f61ea0a96e89', 'e1b45342c4f73e56169328ab0591c7301de5b11ada7bf73067ef412cec15f876', '2097e8f45df785afdd6b40a7a106eaf3172dbc0871b6b9fa1ac0cd21d4f5b355', 'cd885f7027ae47bd4c388e99420ac8f797fa8dcc74cbc1f2f1b0334750a2db14', 'eb0469e38898426d1b14fe327e42e384612b8c9aac8c625c64af7c4093e3f044']",1548971704973
608,b7788651adaa89a5396f7c05497cf3ff152bf40f1a1720b43efda9c0030323d3,"[-0.2083541601896286, 0.16647297143936157, 0.27811288833618164, 0.18002784252166748, -0.06597599387168884, 0.043711695820093155, -0.11766166985034943, 0.00705505907535553, 0.13075627386569977, -0.041112251579761505, 0.022780615836381912, -0.060640305280685425, -0.03853722661733627, -0.06799446791410446, 0.002023031935095787, 0.036691635847091675, 0.027461325749754906, 0.04077789932489395, -0.03204449266195297, 0.001683808513917029, 0.002316475845873356, -0.037599533796310425, 0.046975549310445786, -0.002146563958376646, 0.056160759180784225, 0.052974216639995575, 0.019673217087984085, -0.018480613827705383, -0.032365817576646805, 0.04216833785176277, 0.07222653925418854, 0.007050937041640282, -0.02103263884782791, -0.0666334331035614, -0.0654359757900238, 0.014253274537622929, -0.012878736481070518, 0.025219185277819633, -0.003266965039074421, 0.03449489176273346, -0.015552433207631111, 0.007906786166131496, -0.017284944653511047, 0.030941305682063103, 0.0536600798368454, 0.07749160379171371, 0.008695478551089764, 0.03428090363740921, 0.04551027715206146, -0.02260195091366768]",,"['82daa5f04a476a4139e6b333857baf0c43f270714f4fbaa7259d95c5993b149d', '3f941d89e4ff62ac69a082dff082627df2f026fe1b401f2c18b3fd2f6962092b', '0d2d9efe7a2b670e6f811db5a2ca3ce14c318149dc3f772be40a9df535c5d843', '9d2d21f6e01402eabdcc4b5bb07a99759168ac1cfb6046c66712259a4701376a', '4c421650cc4f3a56e86ccae4c0aee4085d294d0560d72f3dce69ee0e51423de6', '54043288887e239417a2ee308871f333121f3a5758a26d1753aa9427561f2d96', '6cb3adaada15e431d6d0e620e641373c902972d97e3bfc816221435462a1ac3c', '5886b02ede6ffd56ddd7854d6271aa87934065846b377aae9cb0fd1813ed6d4b', '4f343b5d72b4a6e38a9140a4749c1ab826620b1c2ddc611ddb929a51dc5fa802', 'd1c9f12b613bec66a32e58dac68da51abba533a1291028aa94c3b79ca98eecc2', 'b752f1f84fba874512155ae0a7bd9b5b1f847136777dec5a62db2470779cd0af', 'f20b44a4ff11af069b7ade3b5a0af9a8ea53d693ae9f6feb108b355f37dfdb76', 'f2b9fd99e908e9774d5aefc7ee6c12cbeba7d4df1dcc561baf97f63024762356', 'a099fe3da527d4fc86dc529a1b810349e427014135f6153548d12031f909e00b', 'b0e0fbbeee35a073f18ca57fce4f9d03eccb098314ab23b334835362468e4e87', '5ebaa4d023716242de162125112478c2659ee57049d605f29177ccd0c7ed0fc1', 'd251662ba381d1fcfaa83e0fe260803856dca03d2e8bd3e0be3c66b49717c690', 'c8200f9dd922290d17919e47cb2b95ee7ebc110ee2bbe9aaec637bc6eaac98e0', 'fc30a4a8bbb6767c391b004fa0e1d99df4432598955f04d07fe480eb3211876c', 'c6417fa344f8f8136736f046bfa8f25abfd23d394b36d4c28e72407222b22001', '852777eb206ec0781e173474065ede0ed8a4f86e2d411c1ed1ff740e97aea6e9', 'bfefe7fd10a374638c629dc2442fadaa8d2a8be52e1edd16caedea9c65d55fad', '00a356648d551fde2fecc08197a1c14cccc642b0122297785e6211c7da4f7cc0', '134de3575088a107566993413291a43f88d346ea83add08cde04bdd5960324ed', 'd36710e3d2fec57f4e0779878f25a9ee716a0e75f31ba17370da3ad0d2377bbe']",1548972291237
609,b7788651adaa89a5396f7c05497cf3ff152bf40f1a1720b43efda9c0030323d3,"[-0.28010058403015137, 0.32919302582740784, 0.524298906326294, 0.3427731394767761, -0.03059515729546547, 0.053738683462142944, -0.027128374204039574, 0.025003807619214058, 0.07253991812467575, -0.016861842945218086, 0.12495632469654083, -0.021945662796497345, -0.01928846538066864, -0.020482290536165237, 0.013367749750614166, 0.017950015142560005, 0.020405370742082596, -0.0051572322845458984, -0.07362429797649384, 0.013300346210598946, 0.0104286540299654, -0.0029897920321673155, 0.013875337317585945, -0.022325757890939713, 0.04648544266819954, 0.028765127062797546, 0.02247483655810356, -0.03834349662065506, -0.040377531200647354, 0.013427376747131348, 0.013586807064712048, 0.009854605421423912, -0.037717245519161224, 0.008262839168310165, -0.049909643828868866, 0.041368596255779266, -0.04617135971784592, 0.013021649792790413, 0.021972134709358215, 0.017635326832532883, -0.011675287038087845, -0.04190525785088539, -0.02037726528942585, 0.008716489188373089, -0.007144812494516373, 0.05801678076386452, -0.008844210766255856, 0.027872592210769653, 0.013148549944162369, -0.03085806779563427]",,"['4e0e969ae7cdf453b31a6ba555f65ff1b84104431878ec726e3a6b176bd5322c', 'c8c633ead7535ba8e8424b1591ff238a9261f9500a9cbd1a4cc5d5a76e7b8221', 'a1160c6988a31ad3851cdfa401ba3a73bfb415ef18611cbe5c648192d8e83f81', '229038c44bd076cffd155adb7aed5d70f69302c131638ff1c255cf535e517bbb', '7840ded8ef6da91749c303fbdd10d9920f60d8aa135ef5c057bc72b3a00c53e4', '87926e9aa2d59b357be75679f7137c334f50b9079e7b6324229ec14b9126c863', '0221eb41620ed9eaa6ab33092f6e4e365648924d07edd6957b15b7d6a384a069', 'c3cc829839af90cecaf01aaa4ed209331c923e740268d5da801b7e87c11a5502', 'fa4f6ed1a464c9898b9dc69d494574c508201c333d2ec16806616bd7a60a631f', 'c8c461b88efa4f4b197fd189f42fdfa8ac658d27924a35a7a7cdad2324a51d3a', 'e3c30b1ca9efaf74fb64a74f2416121d3efe169936d8a7a35fa9a5a656ba0158', '350d733609b18601b249aefe707f0ed0c17168b9df2e57e9f32339f5e3606beb', '1c2304168a4c76670ed3b4fc8cd0d1e51ab7a9c19dc6aba4e1a5fbbc42b43659', '2574d45162e99720c525ba9401ea9da3edf6ffbbc731b70c2599b6eb6c1aee7a', 'a092f075a26ce6623dc9f45aa5e6b35dd209a4b32980a7506e31bc0ab800bd67', 'b92b9dc9c92938e3c1d606663ef9716d65dac63e975ee0584abc63f890daf166', '4f1aad97dad2cc734d5c11b8a96200599604e9a857261834cda937236e5a0265', '6b2b809c93a3dace76db6770d6f6eb41a67e0a67de8d16a783b23653cadf90eb', '3c4926b7c61b4d232dc010cd6ccbd280e63ebbf543ac728e6aecb214afa24dcc', 'bbe8227b3d721a9c4b76c357716b620376fd6efc3a4c3f3c9323f686248003e9', '9903a42d264fd89f4498fb9ead6ee25f1bd77f2e523efe4733995838b9fd1398', '02811154912b9607cf422e76ed5cee633f7d8c4c1d4becd9e89e31fc92605ebb', '9ab7d810187fae017b192ad4e3b54951225272c770f5640fed7b588c72749880', '7d3855ddcfca422044bd11cf910cc14b13592f75b57724ebaf894baaa9cb11f1', '3924837c6bba471d9f61cb2e5a190511a2c5cd4390f81aa70cf371815ccc0220']",1548972291241
610,6626a10245b513442871b9237e174407d598af6bb43c531830fee4f8185a9b4b,"[-0.02655266970396042, -0.36196473240852356, 0.06812681257724762, -0.005012825131416321, 0.03519415110349655, 0.017230205237865448, -0.07373659312725067, 0.15054605901241302, 0.023917004466056824, 0.07378477603197098, 0.05074331536889076, -0.09886585175991058, 0.11428441107273102, 0.08043408393859863, -0.01058607641607523, -0.10406089574098587, 0.024989701807498932, -0.05828288942575455, -0.021141482517123222, -0.04787850379943848, 0.06214962527155876, -0.14211294054985046, -0.02493877150118351, 0.05156855285167694, -0.14466038346290588, -0.025302845984697342, -0.02678801864385605, 0.006266996264457703, 0.1779581606388092, -0.0986626148223877, 0.006615353748202324, -0.06747816503047943, 0.008467751555144787, 0.009273052215576172, 0.02116173692047596, -0.02177470177412033, -0.04726806655526161, 0.022601518779993057, -0.04336065798997879, 0.05385548248887062, -0.015269840136170387, -0.03368271514773369, 0.06261248886585236, -0.04715755581855774, -0.009075893089175224, -0.008997637778520584, -0.016277872025966644, -0.030351713299751282, -0.015560902655124664, -0.001509026624262333]",,"['ecc9fca6804983fcaba91bf941cf88142d5546703c685c494281a796532ba4ce', 'c045fb07739374a3cdf08f85e9f25115db57e4c34e9e0130773c6e34cdcd7f18']",1548335813259
611,555c912985c6bf11997d89427c779e8b154b8b8c8723dc42044b54e6c101a9d5,"[-0.09367604553699493, -0.3043878972530365, 0.11777272820472717, 0.04750162363052368, -0.1356334686279297, 0.0013606809079647064, 0.23617392778396606, 0.14727139472961426, 0.09783631563186646, -0.010155072435736656, 0.02035938948392868, 0.00021709594875574112, -0.23325210809707642, 0.04920677840709686, 0.11266995966434479, -0.2136775255203247, -0.0518786683678627, 0.1060250997543335, -0.09133324772119522, -0.041408076882362366, -0.09831494092941284, -0.09490883350372314, 0.0437011681497097, 0.1974499225616455, 0.031517013907432556, -0.015964891761541367, -0.07626283168792725, -0.06521570682525635, 0.145528182387352, 0.021754326298832893, 0.027575578540563583, 0.047102589160203934, 0.03491637855768204, -0.07662905007600784, -0.017864618450403214, -0.06200417876243591, -0.013498160056769848, -0.1559225618839264, -0.007289502769708633, -0.06551381945610046, -0.0408092699944973, -0.08016995340585709, -0.11239762604236603, -0.07114636152982712, 0.04370325431227684, 0.010733768343925476, -0.006245219148695469, 0.030703887343406677, 0.02844570204615593, 0.024154867976903915]",,"['41b3c3dabd1909e738117d97bd75255374b13bc4905fbdacb8d84bb520537d29', '6c8dfda19cfec16c7ac4a631d5e5c2a1b4c03092dc1b19322b5f2916ef0acd50', '1bc07d39701559a09b5ff84e12a503f7b46d7673358c0642c73a1bf495507379', '6fa34afac986e87f4d9409928ee895bcd06f24fe69f802023b070d307750bd79', 'ca84b405139e2047b718f44189c10cb777cb78aa7d07dacc72efa2cded13ad32']",1548094718748
612,63e92139437b8bf26a97a271d1fa6ca3c94d2d3afade5daa8a6f68c84c12e480,"[-0.09367604553699493, -0.3043878972530365, 0.11777272820472717, 0.04750162363052368, -0.1356334686279297, 0.0013606809079647064, 0.23617392778396606, 0.14727139472961426, 0.09783631563186646, -0.010155072435736656, 0.02035938948392868, 0.00021709594875574112, -0.23325210809707642, 0.04920677840709686, 0.11266995966434479, -0.2136775255203247, -0.0518786683678627, 0.1060250997543335, -0.09133324772119522, -0.041408076882362366, -0.09831494092941284, -0.09490883350372314, 0.0437011681497097, 0.1974499225616455, 0.031517013907432556, -0.015964891761541367, -0.07626283168792725, -0.06521570682525635, 0.145528182387352, 0.021754326298832893, 0.027575578540563583, 0.047102589160203934, 0.03491637855768204, -0.07662905007600784, -0.017864618450403214, -0.06200417876243591, -0.013498160056769848, -0.1559225618839264, -0.007289502769708633, -0.06551381945610046, -0.0408092699944973, -0.08016995340585709, -0.11239762604236603, -0.07114636152982712, 0.04370325431227684, 0.010733768343925476, -0.006245219148695469, 0.030703887343406677, 0.02844570204615593, 0.024154867976903915]",,"['41b3c3dabd1909e738117d97bd75255374b13bc4905fbdacb8d84bb520537d29', '6c8dfda19cfec16c7ac4a631d5e5c2a1b4c03092dc1b19322b5f2916ef0acd50', '1bc07d39701559a09b5ff84e12a503f7b46d7673358c0642c73a1bf495507379', '6fa34afac986e87f4d9409928ee895bcd06f24fe69f802023b070d307750bd79', 'ca84b405139e2047b718f44189c10cb777cb78aa7d07dacc72efa2cded13ad32']",1548090089859
613,c59ecd0ab70fa143c5639c5ebece52b39a880c1fbc0d11f90fb94e6f2d7f6d2f,"[-0.09367604553699493, -0.3043878972530365, 0.11777272820472717, 0.04750162363052368, -0.1356334686279297, 0.0013606809079647064, 0.23617392778396606, 0.14727139472961426, 0.09783631563186646, -0.010155072435736656, 0.02035938948392868, 0.00021709594875574112, -0.23325210809707642, 0.04920677840709686, 0.11266995966434479, -0.2136775255203247, -0.0518786683678627, 0.1060250997543335, -0.09133324772119522, -0.041408076882362366, -0.09831494092941284, -0.09490883350372314, 0.0437011681497097, 0.1974499225616455, 0.031517013907432556, -0.015964891761541367, -0.07626283168792725, -0.06521570682525635, 0.145528182387352, 0.021754326298832893, 0.027575578540563583, 0.047102589160203934, 0.03491637855768204, -0.07662905007600784, -0.017864618450403214, -0.06200417876243591, -0.013498160056769848, -0.1559225618839264, -0.007289502769708633, -0.06551381945610046, -0.0408092699944973, -0.08016995340585709, -0.11239762604236603, -0.07114636152982712, 0.04370325431227684, 0.010733768343925476, -0.006245219148695469, 0.030703887343406677, 0.02844570204615593, 0.024154867976903915]","['6c8dfda19cfec16c7ac4a631d5e5c2a1b4c03092dc1b19322b5f2916ef0acd50', '6c8dfda19cfec16c7ac4a631d5e5c2a1b4c03092dc1b19322b5f2916ef0acd50', '6c8dfda19cfec16c7ac4a631d5e5c2a1b4c03092dc1b19322b5f2916ef0acd50']","['41b3c3dabd1909e738117d97bd75255374b13bc4905fbdacb8d84bb520537d29', '6c8dfda19cfec16c7ac4a631d5e5c2a1b4c03092dc1b19322b5f2916ef0acd50', '1bc07d39701559a09b5ff84e12a503f7b46d7673358c0642c73a1bf495507379', '6fa34afac986e87f4d9409928ee895bcd06f24fe69f802023b070d307750bd79', 'ca84b405139e2047b718f44189c10cb777cb78aa7d07dacc72efa2cded13ad32']",1547567574193
614,c59ecd0ab70fa143c5639c5ebece52b39a880c1fbc0d11f90fb94e6f2d7f6d2f,"[-0.2710408866405487, 0.24522367119789124, 0.29845523834228516, 0.03858182579278946, 0.15943819284439087, -0.017680685967206955, -0.12753990292549133, 0.23267501592636108, 0.09304748475551605, 0.008466772735118866, -0.10995807498693466, -0.029824182391166687, -0.13109159469604492, 0.022515006363391876, 0.029170457273721695, 0.013975584879517555, -0.10548492521047592, 0.013261498883366585, 0.005382968112826347, 0.0317985862493515, -0.043582282960414886, -0.006644049193710089, -0.042434122413396835, -0.049537353217601776, 0.0029754191637039185, 0.008655998855829239, 0.012085187248885632, 0.018013158813118935, -0.017408497631549835, 0.04783818870782852, 0.02013392001390457, -0.000766504555940628, -0.00882584135979414, 0.018224196508526802, -0.027474893257021904, 0.01565864123404026, -0.004371747374534607, 0.014562476426362991, -0.0025534285232424736, 0.004402073100209236, -0.014282578602433205, -0.013276774436235428, -0.020167972892522812, -0.01726612262427807, -0.006443026475608349, -0.007281184196472168, 0.0031998716294765472, 0.008109898306429386, 0.006237097084522247, -0.0072398060001432896]",,"['f6131ec72c34742ee90ba2c4b2e9225639d0ec20aacf1bfd083b5cb0240e8bc0', '583ca6f734bf24e5434776ea5f47251b4f70e109e329653abe1193a70313b576', 'b0e0fbbeee35a073f18ca57fce4f9d03eccb098314ab23b334835362468e4e87', '134de3575088a107566993413291a43f88d346ea83add08cde04bdd5960324ed', 'd36710e3d2fec57f4e0779878f25a9ee716a0e75f31ba17370da3ad0d2377bbe', '25eefecdee2366cc2239758bea0f4305464a19bddad5fa3af9bc680f71593388', '464f76970a3166a16ef421d7a25a0c86b2e2a3eda16030eb660c10022aaf9718', 'b80b63d94365ce17e0da6cf583ebec6562b2f3c37535300e9ef6e9dc422ff398', '1fa9dcc65cf9ba81ec558627a909bb3fce7856676f4a03565e24f8ad93153e18', '8d3f80e2f908451664505bad841c47af62059de2a51c4603ac34198a64c26921', 'e3e28b93087be607d4cead7fe880e5b5ce0b7277f9c384b5bd3cd3f5ad661ee6', '3a2f4f96c1aa2bcadc20b06a5cd4d2c7746ced822957420fcd7af51d6724069f', 'b58789490aa9a1d23cc9c4afde4bce8da8d1d31fe1295e7a2d427ce9ad9fdb45', '1651a55d8a08713bd7ccc25fcea9253dfd82d823345d29f4495c1fd71633ed7c', '8f42f47e4d58890ed8129a1a3840ed3308e353aa7986119ea1b8da1a09fc909c', '52b36e481ac09895c762ee3e86a16d131f701ac1fb4bdf086c22ee910816b411', '3621000b6999316c15ad7a05ebc831bbc472534ae712402bc6c0fd61f907c1df', '04dd4a5897685cddd03ff680c9b112d53efe64eea0678cd163f8af279b649c08', '1822a5bd10a6aa057cd90f3c0330a0b2eff8c0b126e25a0081b19ab29212a137', '99195a182d1b19127956682c7846c869ecd6556d0a0a874b5f3ac72dc5e99b5d', '96e0b683522955917867d55a7f0a18565f00ab2bb75e7ea8d1e41ab4afe985da', '422ee5561b93a0720045287ee118b3a603816a3e39f333f2e62b105078970c6f', 'bddbc8c85af9a2078b1d65f9bc57a529cd0cbb797cd9eb48c2e276423836d4d2', '480410faf0eabb2bb00bd96fa28b1563b181508a7b24fab81840d226f8a84854', '2c94a5d37effd58a7c0834910cc05ea7631ab156e7bc454df56a179047718236']",1547567922527
615,627e055f640c63c4deffeb80f6a663fe31dbebc09d156bd734e22a63bff42b38,"[-0.2628447413444519, 0.20086374878883362, 0.4467134475708008, 0.13834238052368164, -0.09413759410381317, -0.08110079169273376, 0.042614128440618515, -0.03225677087903023, -0.11519375443458557, 0.07891956716775894, -0.114928238093853, -0.02632381021976471, 0.03867378458380699, -0.020483313128352165, 0.03755820170044899, -0.04048655182123184, 0.028990488499403, 0.06898979842662811, -0.010419242084026337, -0.01903880387544632, 0.016470447182655334, 0.012528189457952976, 0.01749577932059765, -0.003957195207476616, -0.08361726999282837, 0.012605184689164162, -0.05816996097564697, 0.025329140946269035, -0.04429835453629494, -0.030510161072015762, -0.046482913196086884, 0.027542997151613235, -0.01160815916955471, -0.018194591626524925, 0.03626314923167229, -0.0530715212225914, 0.011892225593328476, 0.023232467472553253, -0.017403218895196915, 0.007870536297559738, 0.02059367299079895, -0.011662856675684452, -0.01043723151087761, 0.009380092844367027, -0.015311548486351967, -0.04433315619826317, 0.0008802702650427818, -0.02048860862851143, -0.008357133716344833, 0.0568486824631691]",['9c3ec881c197ca473b291ce00fe51063875e5cc2e704cf8a190557ee16006a4f'],"['0e8ef2bd775b78597cb2dd97fceb6e340af07f57b99ef530603e6d1dcd92b4bc', 'fa1984a7e2f929dedaf438614ac5fdc31fea02c498d89d4c1cea65526ce71dcd', '0bd9533210cd00d3b0ff3fabd16c784be6d64f2997712d402313b145b452b347', 'f5181a9cf3966628ed45e8c25e97ada1be14eae9a075f3b51bf93b1b9b4478e4', 'eaaf33f32d720adf432bf79afe6672f95d56d13ba8327f35a405c5325263bc91', 'c7112040ad70c3c7b516e670d37770bf5e9aa24305601f8695e9586e0bd62746', '8827c18f09cf878de38804994ed090552c0abf047bd1415e5eb3e6b981a72dff', '4a67e73be2b887c29c66d6daf06ebf3cdf2c087fada109b0c5741576bab8f0c2', 'd21bab457e9e26091fae88c9fb14e8d94f22fc47d729515f62c1b97651fc5b7a', 'bf76d968fc751d09829b31552af65eda6e64ca650de3e331dfed63e293478540', '50693fc374bed2ee6baeec684575ccf1c2317037c5318a283f8c397b7710032e', '9c3ec881c197ca473b291ce00fe51063875e5cc2e704cf8a190557ee16006a4f', '0901128b3e4289e4ee23442932ac159f42d85cb1fa75cc69610be5f89e52fc02', '50b07fa801e51058b540369c3911ab48e53af568130981213e18a802a2b674f7', '915c94aba7d9fbdbd2b3077765f05a371cedd49c0ec48b540369c10726c93f20', 'a42548ed292d7242647d08ee87c4f911ad307810d1aaf0d82c9993373a34762a', 'c827ddcd4cdf20472f2e6dd76f2394c2d7b538304b288104c1042bf45734637f', '4396b2a3a9a4a7f93443a115c347ec0082fff9577a740e5fd128fff1982317d7', '3800ea07450a89bf7ee091620d25c9787b5e8ed2a67ad15c83b40112351d09fd', '0a0038f07ca85c53c1efbc0c7b6267365dff9329de4673ccf5ef7ecb614ffb7f', 'a4a98fa15b83cd3e54f4347ab10f068424ac77c34f20fd5f3d419e40fe97ca76', 'fba177621680d807099186440ec94e042e68753f41c4c2573bb90fe29173efbd', '4e254260b388657b385a348cd0eeebf57c72e22e7f62eddff90e237b60c39af3', 'fa587f68c67b60b0364ef0956a636fbfd13c380d4336404f0a3c22c7e69ba5a1', 'ac2ee910f124850680d6d545775524c944b74d57dbe094728763051e6e14278d']",1548876697815
616,627e055f640c63c4deffeb80f6a663fe31dbebc09d156bd734e22a63bff42b38,"[-0.2628447413444519, 0.20086374878883362, 0.4467134475708008, 0.13834238052368164, -0.09413759410381317, -0.08110079169273376, 0.042614128440618515, -0.03225677087903023, -0.11519375443458557, 0.07891956716775894, -0.114928238093853, -0.02632381021976471, 0.03867378458380699, -0.020483313128352165, 0.03755820170044899, -0.04048655182123184, 0.028990488499403, 0.06898979842662811, -0.010419242084026337, -0.01903880387544632, 0.016470447182655334, 0.012528189457952976, 0.01749577932059765, -0.003957195207476616, -0.08361726999282837, 0.012605184689164162, -0.05816996097564697, 0.025329140946269035, -0.04429835453629494, -0.030510161072015762, -0.046482913196086884, 0.027542997151613235, -0.01160815916955471, -0.018194591626524925, 0.03626314923167229, -0.0530715212225914, 0.011892225593328476, 0.023232467472553253, -0.017403218895196915, 0.007870536297559738, 0.02059367299079895, -0.011662856675684452, -0.01043723151087761, 0.009380092844367027, -0.015311548486351967, -0.04433315619826317, 0.0008802702650427818, -0.02048860862851143, -0.008357133716344833, 0.0568486824631691]",['9c3ec881c197ca473b291ce00fe51063875e5cc2e704cf8a190557ee16006a4f'],"['0e8ef2bd775b78597cb2dd97fceb6e340af07f57b99ef530603e6d1dcd92b4bc', 'fa1984a7e2f929dedaf438614ac5fdc31fea02c498d89d4c1cea65526ce71dcd', '0bd9533210cd00d3b0ff3fabd16c784be6d64f2997712d402313b145b452b347', 'f5181a9cf3966628ed45e8c25e97ada1be14eae9a075f3b51bf93b1b9b4478e4', 'eaaf33f32d720adf432bf79afe6672f95d56d13ba8327f35a405c5325263bc91', 'c7112040ad70c3c7b516e670d37770bf5e9aa24305601f8695e9586e0bd62746', '8827c18f09cf878de38804994ed090552c0abf047bd1415e5eb3e6b981a72dff', '4a67e73be2b887c29c66d6daf06ebf3cdf2c087fada109b0c5741576bab8f0c2', 'd21bab457e9e26091fae88c9fb14e8d94f22fc47d729515f62c1b97651fc5b7a', 'bf76d968fc751d09829b31552af65eda6e64ca650de3e331dfed63e293478540', '50693fc374bed2ee6baeec684575ccf1c2317037c5318a283f8c397b7710032e', '9c3ec881c197ca473b291ce00fe51063875e5cc2e704cf8a190557ee16006a4f', '0901128b3e4289e4ee23442932ac159f42d85cb1fa75cc69610be5f89e52fc02', '50b07fa801e51058b540369c3911ab48e53af568130981213e18a802a2b674f7', '915c94aba7d9fbdbd2b3077765f05a371cedd49c0ec48b540369c10726c93f20', 'a42548ed292d7242647d08ee87c4f911ad307810d1aaf0d82c9993373a34762a', 'c827ddcd4cdf20472f2e6dd76f2394c2d7b538304b288104c1042bf45734637f', '4396b2a3a9a4a7f93443a115c347ec0082fff9577a740e5fd128fff1982317d7', '3800ea07450a89bf7ee091620d25c9787b5e8ed2a67ad15c83b40112351d09fd', '0a0038f07ca85c53c1efbc0c7b6267365dff9329de4673ccf5ef7ecb614ffb7f', 'a4a98fa15b83cd3e54f4347ab10f068424ac77c34f20fd5f3d419e40fe97ca76', 'fba177621680d807099186440ec94e042e68753f41c4c2573bb90fe29173efbd', '4e254260b388657b385a348cd0eeebf57c72e22e7f62eddff90e237b60c39af3', 'fa587f68c67b60b0364ef0956a636fbfd13c380d4336404f0a3c22c7e69ba5a1', 'ac2ee910f124850680d6d545775524c944b74d57dbe094728763051e6e14278d']",1548876697815
617,3398f16ca7429d85d178c0871f55b7b14b14169199a5fb833d41bb8cebf077f8,"[-0.15838301181793213, 0.14284288883209229, -0.2519369125366211, 0.14098991453647614, -0.051882605999708176, 0.17627930641174316, 0.018810003995895386, -0.0355432853102684, 0.1340457648038864, 0.16188505291938782, -0.008617835119366646, -0.018119636923074722, 0.05838532745838165, 0.1751576066017151, 0.06505575031042099, 0.10991299152374268, -0.020264040678739548, 0.24227072298526764, 0.10895295441150665, 0.12186610698699951, 0.053001780062913895, 0.030497658997774124, 0.006325027905404568, -0.00867951475083828, -0.09510322660207748, -0.1110958382487297, 0.08037666976451874, -0.008149679750204086, -0.08663023263216019, 0.028105545789003372, -0.05066199600696564, 0.0651109367609024, -0.05438360199332237, 0.004844177979975939, 0.02226417511701584, -0.027636796236038208, -0.06279762834310532, -0.06569083034992218, -0.0032482417300343513, -0.04710192605853081, -0.031229402869939804, -0.030920177698135376, 0.021048033609986305, 0.028832735493779182, 0.014673666097223759, 0.017027758061885834, 0.00925799272954464, -0.007056757807731628, 0.12204822152853012, 0.019663801416754723]",,"['d31a44f2d6a404bb23086f2c3dd5591b708740b5a8e30ef00e91c76b1156dd50', '51783c1e4f815f59007c8c215d9314460a8b1fadfd840165f42d810a9415a575', '82a692bac6062d76efa4e0f6b1d8ed4df6824286257a5f99be37ca831136227d', 'c44ceadbed3563a62f4807ec27cbda403f6094794d5c3b290fa2682cb5b00464', '2b7109ca810215896505beb7d8a1150f45a0515ae7d887c34ce4c4cdea719382', '29a9425f4796773ed054e8abaf4968d48eb742bde1781c68e1ade12af1e3a7b8', '9788a279f41ad072657bdd7b745911755c15cd8b7afcb45c0bb47ace5a3dbf8c', '2cdc25b657c14e52447e7a9a968aabd372780ed1be5fda8101e7ecbdb14fd167', '5b60ef4a36101a2d9ac5c566ec02a93b8a3a0edabd763e820952eda36671912a', '5863b5f8371b57ddfa0c80afe7786bc1f5dac47186daf831b4ec418b856c1c17', 'cfd1b01e32b5f0a214399720a7f8850ddde7f60d482c62c77e67c2a3d1da10d4', '8c7f395872d5e97688416a14aa905c8faed59b6ee2d8641fc5eefb8212f27b58', '33143bbd0f18a42c1789e7ad531842b38c9380872df0d0c6a725af94643f04dc', '02f2915c9e0083e79b47b8dc9d982c3d698b725779258c977bfcf72b879a613b', 'dcf04abee757c821bd397d978010f021286b4a9ad13782695e3fdfea7d033a25', 'f51514543cbe7720efbacfe285f53b033526f7ca7145e97d4c55cc3221985e05', '030a2c6fe1f6032a82b09cdfeaf3cd5cea3fd93b24eaa1a3a8d12c8122e66285', 'cbcf7c27bb5d5fb9cbdfef0dc883f503d0ecf25c81da141b16f4297efd6075e9', 'c167b75b424cd7a47c907fec7b4edccff33629cbd1cf9d346b0856d170a35973', '179b82df088162286f8aea038beb5f72b863b2e9580204e35a942d0f7d9bf1db', '4c0ecd616549be57bc1772b66a168e3116cc767099aabff5f5c084b648e6fffb', 'c7f3d573c517527c40ba910fe0301f22bc96c0e0d0763571300d8a756b71825f', 'c347ad3bfc27788ad1facb0436f7a05f995443ce678e4c724c18ffa232e4a909', 'dd396d122a0fa76b725d343bcaaae379a8b4d5335edfded8a055ab71b17ba1c6', '7d5f1e164c4f85e72e06fac22597a318e520f9e9040c3af6c7bd3a7bee7432a4']",1549983638777
618,3398f16ca7429d85d178c0871f55b7b14b14169199a5fb833d41bb8cebf077f8,"[-0.1458626240491867, 0.08975483477115631, -0.21252760291099548, 0.12413386255502701, -0.09325867891311646, 0.4330383539199829, -0.016678348183631897, 0.025384338572621346, 0.2055278718471527, 0.05948901176452637, -0.030395835638046265, 0.006050910800695419, 0.08300174027681351, 0.18095216155052185, 0.12350387126207352, 0.07191091030836105, 0.03647482395172119, 0.3274165391921997, 0.12043952941894531, 0.04052576422691345, -0.048471130430698395, 0.03263723850250244, 0.014832518994808197, -0.02933371812105179, -0.009611896239221096, -0.06036367639899254, 0.00838808249682188, -0.07563060522079468, -0.06986827403306961, -0.0053156716749072075, -0.06926262378692627, -0.06321427971124649, -0.11176647245883942, -0.05945636332035065, 0.003918879199773073, -0.06682837009429932, -0.056521225720644, -0.0004950014408677816, 0.032742537558078766, 0.028080008924007416, -0.033617258071899414, -0.06609395146369934, -0.030746039003133774, 0.1308056265115738, 0.015310686081647873, 0.054790198802948, 0.016214177012443542, -0.03240635246038437, 0.014460061676800251, -0.006416493095457554]",,"['5693621ef0155995822444783d1b94616245553deba2470f12a6e77d455ab919', '3de0a3f7ba77f75ce35458ae34bf9f3d7abb62aeed32562a38c0bcc3c9f21269', '29a9425f4796773ed054e8abaf4968d48eb742bde1781c68e1ade12af1e3a7b8', 'e14dc4ddfe3ea8330a7b8c3e2512c7545bed9a353a2abbbb16e5b3c1fbb0af8b', '4d118bbfa1dfc7f24068e21880ac95d50e815420a69363704c73c052279969c1', '9788a279f41ad072657bdd7b745911755c15cd8b7afcb45c0bb47ace5a3dbf8c']",1549983708996
619,3398f16ca7429d85d178c0871f55b7b14b14169199a5fb833d41bb8cebf077f8,"[0.0670119971036911, -0.2990384101867676, 0.060690540820360184, 0.17266225814819336, 0.056642085313797, 0.13164830207824707, -0.02768011949956417, 0.05694481357932091, 0.008019156754016876, -0.1777820587158203, -0.004699364770203829, -0.007791848853230476, 0.0006065471097826958, -0.044440850615501404, 0.09068195521831512, -0.046602435410022736, 0.022201072424650192, 0.12810549139976501, 0.021035078912973404, 0.004744360223412514, -0.0577242411673069, -4.286947660148144e-05, 0.022026995196938515, 0.048134446144104004, -0.019978296011686325, -0.0005622815806418657, -0.07007967680692673, 0.03010604903101921, 0.10224843770265579, -0.013548783026635647, 0.043022580444812775, -0.03254218026995659, 0.006484087556600571, 0.0008349362760782242, -0.0212983600795269, -0.009611436165869236, -0.020258795469999313, -0.01586972549557686, 0.054636865854263306, 0.042390305548906326, 0.007649046368896961, -0.006355218589305878, 0.07039400935173035, 0.10130293667316437, 0.010569131001830101, 0.014291247352957726, 0.022084640339016914, -0.03168091922998428, 0.06470824778079987, 0.04355667158961296]",,"['12a70ea313d5c968c51dbc1df633257f496c52bbf7439d66d23ef351586f639d', '3cef511c4ee2a8fb23fb74ef88fff06f3b7c7d894231e22e6dda04b51f49f94a', '5693621ef0155995822444783d1b94616245553deba2470f12a6e77d455ab919', '3de0a3f7ba77f75ce35458ae34bf9f3d7abb62aeed32562a38c0bcc3c9f21269', 'f68ec8b73f457ef362787a5af3e24f897c3396511998063d1e96970bc36f8da7', '2476d08a969cd001a9c713225643e82def3c5ccf00a4068d5b2bba69e4c7a36b', 'c63e06c4ca7bfeef8bb5198e4415994d4e3d32a81c7030790eb1dfd6c2bbe287', '46a26d7e79b8a71f816e854922a010e5f145cd15c1d842b95bccbc003a80cd1d', '33afa83ba27a9b01053a568152d447459093bd5d9b2f3da4222c22520c21211e', '29a9425f4796773ed054e8abaf4968d48eb742bde1781c68e1ade12af1e3a7b8', 'e14dc4ddfe3ea8330a7b8c3e2512c7545bed9a353a2abbbb16e5b3c1fbb0af8b', '4d118bbfa1dfc7f24068e21880ac95d50e815420a69363704c73c052279969c1', 'b391f377d15259b9b94780046e42e46415096c550349067c3eac5d12e7abfaa6', 'ba555b9a29f28cc025fb7dbd9d8dd2cd38a2d3e5e716056f32f76fb9a7e01d6d', '9788a279f41ad072657bdd7b745911755c15cd8b7afcb45c0bb47ace5a3dbf8c']",1549983732704
620,9d14739a68a926567a60afa506a26518521b1fd6045e2760c6d5b93c966655a9,"[-0.006571483798325062, -0.2085169553756714, -0.0191635899245739, 0.04137495532631874, 0.11641024053096771, -0.016675010323524475, 0.09873965382575989, -0.08623023331165314, 0.03737938776612282, 0.14138680696487427, -0.006112990900874138, 0.10302035510540009, 0.09670831263065338, 0.03904825448989868, 0.04701913148164749, 0.06864425539970398, 0.026008114218711853, -0.03563652187585831, 0.07704835385084152, 0.07639489322900772, -0.05131414160132408, -0.022225240245461464, -0.023130306974053383, 0.012377855367958546, -0.07950572669506073, -0.004449780564755201, 0.09900541603565216, -0.03060675784945488, -0.07837565243244171, 0.005962906405329704, 0.017161894589662552, 0.1252570003271103, 0.09348686039447784, 0.10668070614337921, 0.012840164825320244, -0.02061132714152336, -0.020668193697929382, -0.034589096903800964, 0.03427514433860779, 0.042562149465084076, -0.03112064115703106, 0.020791731774806976, 0.06269831210374832, 0.015103373676538467, 0.049747537821531296, 0.03650829195976257, 0.13720661401748657, -0.06161678954958916, 0.031930189579725266, 0.003500506281852722]",,"['3ed95787a53df1fe89df26b08f518ce9a42c701aa76f3d77b23235d10a01b0db', '9b154bca618e3e956fa3c36a03bb1c1d6739c927edef6b56e1f12ae844485cdd', '34aa34c1491126b4f88766f7e7453cc46321b71a50dd604a9d16bc65f779cb5c', '7bbec596889630855194fc44d071539772de02c269d48d13042eab9bc97faeb3', 'a9b7c37910f66fe499b30a22b282ac3146ffba3949cdcc318237a126cc6782fd', 'a0065d372816f46b02297153f6e1b6b0a2d2f52969bf2d52d33f30a543bfc098', '19f57010a4b51d427c87650051c68dd801e0854b9adb2f6564b9d45a722ce481', '3d6392a81f92f0c3794e2aa7b450c40e89a65443b7d35a40952f5ba7cbc4f6a9', '93efa12c18c01ac92c64980add0f83ec19c80b36a3e1fbeeb8812e7c5eb7ecc8', '27cd89ee2770f7ebacdd0bdb141a9c438ff399d55fc2560b3398723dc66dbc19', 'c166a6aac6ef600cd89cb0ae7f0cd9d6c13a91f5804a69ee084e3354be657f77', '6564e4e1659b3c5c7b8c2b12ca253ba03ca5c1e4a1aa5830f0043486e9857c8e', '4c8574113b795f197367dbd7ea6857eb3b9917dcb2ff07479f152abbcd53dd10', '98676f96ce6aa5b2bbdf85aefc7b13e12c8ec3951cd76239e6b3ed544bed2c59', '1ba09f01856a38507e64abaf150f18b0fa686795344bd62806eaaf10e6c50477', '3cd6bd6d1525338a4cb785681ccd5d9462bc11c748b859b87e2504f1264d48b3', 'e152651bafead67893035e995a4621f0dd040c808cad21e1e02cc519e9bffa14', 'f75921fc858efd39ce0a419f2022920ffaf2534f4cd8f3d3feb128f5822cc0e0', '29a28128612df3a0422c010a71826d2e24fab41f0f0afb300bcbbfeb45901689', '5c0c888d178a19172b0bd61e6acddfff606838dbc387491c0b2ba93d0904b753', '96fd8c78bf6f07edab797d22bcf279ac958a48b31202e51bb3c86632f5fa84be', '06bea41f4b19af0cd93beb7dfda8bb71be6d2bd2091bb2c6ea4ad40ab6a9835b', 'b092f5cc0e76cf3f82a5f3651bec151b02d643d7c29a7d35e775e3e800a3051a', '5a3d69ed70104073682ecfea5874f2fea76cbec0c78827e82f3b714878acec34', '1a3e702810e76b06a5af3f1fd9400a52403605e6b6e05861508e37eda37f0712']",1548445762949
621,9d14739a68a926567a60afa506a26518521b1fd6045e2760c6d5b93c966655a9,"[-0.006571483798325062, -0.2085169553756714, -0.0191635899245739, 0.04137495532631874, 0.11641024053096771, -0.016675010323524475, 0.09873965382575989, -0.08623023331165314, 0.03737938776612282, 0.14138680696487427, -0.006112990900874138, 0.10302035510540009, 0.09670831263065338, 0.03904825448989868, 0.04701913148164749, 0.06864425539970398, 0.026008114218711853, -0.03563652187585831, 0.07704835385084152, 0.07639489322900772, -0.05131414160132408, -0.022225240245461464, -0.023130306974053383, 0.012377855367958546, -0.07950572669506073, -0.004449780564755201, 0.09900541603565216, -0.03060675784945488, -0.07837565243244171, 0.005962906405329704, 0.017161894589662552, 0.1252570003271103, 0.09348686039447784, 0.10668070614337921, 0.012840164825320244, -0.02061132714152336, -0.020668193697929382, -0.034589096903800964, 0.03427514433860779, 0.042562149465084076, -0.03112064115703106, 0.020791731774806976, 0.06269831210374832, 0.015103373676538467, 0.049747537821531296, 0.03650829195976257, 0.13720661401748657, -0.06161678954958916, 0.031930189579725266, 0.003500506281852722]",,"['3ed95787a53df1fe89df26b08f518ce9a42c701aa76f3d77b23235d10a01b0db', '9b154bca618e3e956fa3c36a03bb1c1d6739c927edef6b56e1f12ae844485cdd', '34aa34c1491126b4f88766f7e7453cc46321b71a50dd604a9d16bc65f779cb5c', '7bbec596889630855194fc44d071539772de02c269d48d13042eab9bc97faeb3', 'a9b7c37910f66fe499b30a22b282ac3146ffba3949cdcc318237a126cc6782fd', 'a0065d372816f46b02297153f6e1b6b0a2d2f52969bf2d52d33f30a543bfc098', '19f57010a4b51d427c87650051c68dd801e0854b9adb2f6564b9d45a722ce481', '3d6392a81f92f0c3794e2aa7b450c40e89a65443b7d35a40952f5ba7cbc4f6a9', '93efa12c18c01ac92c64980add0f83ec19c80b36a3e1fbeeb8812e7c5eb7ecc8', '27cd89ee2770f7ebacdd0bdb141a9c438ff399d55fc2560b3398723dc66dbc19', 'c166a6aac6ef600cd89cb0ae7f0cd9d6c13a91f5804a69ee084e3354be657f77', '6564e4e1659b3c5c7b8c2b12ca253ba03ca5c1e4a1aa5830f0043486e9857c8e', '4c8574113b795f197367dbd7ea6857eb3b9917dcb2ff07479f152abbcd53dd10', '98676f96ce6aa5b2bbdf85aefc7b13e12c8ec3951cd76239e6b3ed544bed2c59', '1ba09f01856a38507e64abaf150f18b0fa686795344bd62806eaaf10e6c50477', '3cd6bd6d1525338a4cb785681ccd5d9462bc11c748b859b87e2504f1264d48b3', 'e152651bafead67893035e995a4621f0dd040c808cad21e1e02cc519e9bffa14', 'f75921fc858efd39ce0a419f2022920ffaf2534f4cd8f3d3feb128f5822cc0e0', '29a28128612df3a0422c010a71826d2e24fab41f0f0afb300bcbbfeb45901689', '5c0c888d178a19172b0bd61e6acddfff606838dbc387491c0b2ba93d0904b753', '96fd8c78bf6f07edab797d22bcf279ac958a48b31202e51bb3c86632f5fa84be', '06bea41f4b19af0cd93beb7dfda8bb71be6d2bd2091bb2c6ea4ad40ab6a9835b', 'b092f5cc0e76cf3f82a5f3651bec151b02d643d7c29a7d35e775e3e800a3051a', '5a3d69ed70104073682ecfea5874f2fea76cbec0c78827e82f3b714878acec34', '1a3e702810e76b06a5af3f1fd9400a52403605e6b6e05861508e37eda37f0712']",1548445762949
622,cf89ef93ab38ea231ccef7d32c82535896d46432b8409014b37b6f679d8edcef,"[0.08135361969470978, -0.23148450255393982, -0.03216221183538437, 0.1014687642455101, 0.19810587167739868, 0.0352887287735939, 0.06224709749221802, -0.0699281170964241, -0.0012897010892629623, 0.15011049807071686, 0.022981833666563034, 0.13627521693706512, 0.050131212919950485, 0.08591590076684952, 0.043773651123046875, 0.022385217249393463, 0.030258169397711754, 0.02606748417019844, 0.06844635307788849, 0.029881181195378304, -0.020438026636838913, -0.02273033745586872, -0.001308351755142212, 0.023156454786658287, -0.0877654105424881, -0.040091171860694885, 0.10015857219696045, -0.0471806675195694, -0.08275286853313446, 0.018390288576483727, 0.018020592629909515, 0.11571881920099258, 0.08540971577167511, 0.05953828990459442, 0.026443172246217728, 0.002181489020586014, 0.007302672136574984, -0.06752847880125046, 0.03270667791366577, -0.044699668884277344, -0.03250855579972267, 0.13258732855319977, 0.09923523664474487, -0.04365828260779381, 0.04542174190282822, 0.07705004513263702, 0.14485454559326172, -0.04484429955482483, 0.059570685029029846, 0.02781347744166851]",,"['00f4f2292903eb9f3c93166eae760e8dcf79317afe06e845a181abea2a065716', 'b52ccbbf3f44a3fc10c3d87dc1626e6b25bcaf47775ca80b435c0e5721ce6a53', 'f4a3cd6605136c7cbd84cd09b387a1f7ee9c25240ca3d6d9c740d00d19c8a22a', 'a9b7c37910f66fe499b30a22b282ac3146ffba3949cdcc318237a126cc6782fd', '3cd6bd6d1525338a4cb785681ccd5d9462bc11c748b859b87e2504f1264d48b3', '3ed95787a53df1fe89df26b08f518ce9a42c701aa76f3d77b23235d10a01b0db', '7bbec596889630855194fc44d071539772de02c269d48d13042eab9bc97faeb3', '9b154bca618e3e956fa3c36a03bb1c1d6739c927edef6b56e1f12ae844485cdd', '19f57010a4b51d427c87650051c68dd801e0854b9adb2f6564b9d45a722ce481', '4c8574113b795f197367dbd7ea6857eb3b9917dcb2ff07479f152abbcd53dd10', '3d6392a81f92f0c3794e2aa7b450c40e89a65443b7d35a40952f5ba7cbc4f6a9', '29a28128612df3a0422c010a71826d2e24fab41f0f0afb300bcbbfeb45901689', 'c166a6aac6ef600cd89cb0ae7f0cd9d6c13a91f5804a69ee084e3354be657f77', 'f75921fc858efd39ce0a419f2022920ffaf2534f4cd8f3d3feb128f5822cc0e0', '93efa12c18c01ac92c64980add0f83ec19c80b36a3e1fbeeb8812e7c5eb7ecc8', '5c0c888d178a19172b0bd61e6acddfff606838dbc387491c0b2ba93d0904b753', '4c303c1929d4e04e7a022b63e8149c5cb53ffee76ed90def5e0f288777cdd832', '0d4aa4a032d1b6e1be253729eac93853dde4566a82da1fbe40e687e9572c6225', '34aa34c1491126b4f88766f7e7453cc46321b71a50dd604a9d16bc65f779cb5c', '6564e4e1659b3c5c7b8c2b12ca253ba03ca5c1e4a1aa5830f0043486e9857c8e', '1ba09f01856a38507e64abaf150f18b0fa686795344bd62806eaaf10e6c50477', 'a0065d372816f46b02297153f6e1b6b0a2d2f52969bf2d52d33f30a543bfc098', 'e152651bafead67893035e995a4621f0dd040c808cad21e1e02cc519e9bffa14', '27cd89ee2770f7ebacdd0bdb141a9c438ff399d55fc2560b3398723dc66dbc19', '96fd8c78bf6f07edab797d22bcf279ac958a48b31202e51bb3c86632f5fa84be']",1548099323747
623,cf89ef93ab38ea231ccef7d32c82535896d46432b8409014b37b6f679d8edcef,"[-0.006571483798325062, -0.2085169553756714, -0.0191635899245739, 0.04137495532631874, 0.11641024053096771, -0.016675010323524475, 0.09873965382575989, -0.08623023331165314, 0.03737938776612282, 0.14138680696487427, -0.006112990900874138, 0.10302035510540009, 0.09670831263065338, 0.03904825448989868, 0.04701913148164749, 0.06864425539970398, 0.026008114218711853, -0.03563652187585831, 0.07704835385084152, 0.07639489322900772, -0.05131414160132408, -0.022225240245461464, -0.023130306974053383, 0.012377855367958546, -0.07950572669506073, -0.004449780564755201, 0.09900541603565216, -0.03060675784945488, -0.07837565243244171, 0.005962906405329704, 0.017161894589662552, 0.1252570003271103, 0.09348686039447784, 0.10668070614337921, 0.012840164825320244, -0.02061132714152336, -0.020668193697929382, -0.034589096903800964, 0.03427514433860779, 0.042562149465084076, -0.03112064115703106, 0.020791731774806976, 0.06269831210374832, 0.015103373676538467, 0.049747537821531296, 0.03650829195976257, 0.13720661401748657, -0.06161678954958916, 0.031930189579725266, 0.003500506281852722]","['9b154bca618e3e956fa3c36a03bb1c1d6739c927edef6b56e1f12ae844485cdd', '9b154bca618e3e956fa3c36a03bb1c1d6739c927edef6b56e1f12ae844485cdd', '9b154bca618e3e956fa3c36a03bb1c1d6739c927edef6b56e1f12ae844485cdd', '9b154bca618e3e956fa3c36a03bb1c1d6739c927edef6b56e1f12ae844485cdd', '9b154bca618e3e956fa3c36a03bb1c1d6739c927edef6b56e1f12ae844485cdd', '9b154bca618e3e956fa3c36a03bb1c1d6739c927edef6b56e1f12ae844485cdd', '9b154bca618e3e956fa3c36a03bb1c1d6739c927edef6b56e1f12ae844485cdd', '9b154bca618e3e956fa3c36a03bb1c1d6739c927edef6b56e1f12ae844485cdd', '9b154bca618e3e956fa3c36a03bb1c1d6739c927edef6b56e1f12ae844485cdd', '9b154bca618e3e956fa3c36a03bb1c1d6739c927edef6b56e1f12ae844485cdd', '9b154bca618e3e956fa3c36a03bb1c1d6739c927edef6b56e1f12ae844485cdd', '9b154bca618e3e956fa3c36a03bb1c1d6739c927edef6b56e1f12ae844485cdd', '9b154bca618e3e956fa3c36a03bb1c1d6739c927edef6b56e1f12ae844485cdd', '9b154bca618e3e956fa3c36a03bb1c1d6739c927edef6b56e1f12ae844485cdd', '9b154bca618e3e956fa3c36a03bb1c1d6739c927edef6b56e1f12ae844485cdd', '9b154bca618e3e956fa3c36a03bb1c1d6739c927edef6b56e1f12ae844485cdd', '9b154bca618e3e956fa3c36a03bb1c1d6739c927edef6b56e1f12ae844485cdd', '9b154bca618e3e956fa3c36a03bb1c1d6739c927edef6b56e1f12ae844485cdd', '9b154bca618e3e956fa3c36a03bb1c1d6739c927edef6b56e1f12ae844485cdd', '9b154bca618e3e956fa3c36a03bb1c1d6739c927edef6b56e1f12ae844485cdd', '9b154bca618e3e956fa3c36a03bb1c1d6739c927edef6b56e1f12ae844485cdd', '9b154bca618e3e956fa3c36a03bb1c1d6739c927edef6b56e1f12ae844485cdd', '9b154bca618e3e956fa3c36a03bb1c1d6739c927edef6b56e1f12ae844485cdd', '9b154bca618e3e956fa3c36a03bb1c1d6739c927edef6b56e1f12ae844485cdd', '9b154bca618e3e956fa3c36a03bb1c1d6739c927edef6b56e1f12ae844485cdd', '9b154bca618e3e956fa3c36a03bb1c1d6739c927edef6b56e1f12ae844485cdd', '9b154bca618e3e956fa3c36a03bb1c1d6739c927edef6b56e1f12ae844485cdd', '9b154bca618e3e956fa3c36a03bb1c1d6739c927edef6b56e1f12ae844485cdd']","['3ed95787a53df1fe89df26b08f518ce9a42c701aa76f3d77b23235d10a01b0db', '9b154bca618e3e956fa3c36a03bb1c1d6739c927edef6b56e1f12ae844485cdd', '34aa34c1491126b4f88766f7e7453cc46321b71a50dd604a9d16bc65f779cb5c', '7bbec596889630855194fc44d071539772de02c269d48d13042eab9bc97faeb3', 'a9b7c37910f66fe499b30a22b282ac3146ffba3949cdcc318237a126cc6782fd', 'a0065d372816f46b02297153f6e1b6b0a2d2f52969bf2d52d33f30a543bfc098', '19f57010a4b51d427c87650051c68dd801e0854b9adb2f6564b9d45a722ce481', '3d6392a81f92f0c3794e2aa7b450c40e89a65443b7d35a40952f5ba7cbc4f6a9', '93efa12c18c01ac92c64980add0f83ec19c80b36a3e1fbeeb8812e7c5eb7ecc8', '27cd89ee2770f7ebacdd0bdb141a9c438ff399d55fc2560b3398723dc66dbc19', 'c166a6aac6ef600cd89cb0ae7f0cd9d6c13a91f5804a69ee084e3354be657f77', '6564e4e1659b3c5c7b8c2b12ca253ba03ca5c1e4a1aa5830f0043486e9857c8e', '4c8574113b795f197367dbd7ea6857eb3b9917dcb2ff07479f152abbcd53dd10', '98676f96ce6aa5b2bbdf85aefc7b13e12c8ec3951cd76239e6b3ed544bed2c59', '1ba09f01856a38507e64abaf150f18b0fa686795344bd62806eaaf10e6c50477', '3cd6bd6d1525338a4cb785681ccd5d9462bc11c748b859b87e2504f1264d48b3', 'e152651bafead67893035e995a4621f0dd040c808cad21e1e02cc519e9bffa14', 'f75921fc858efd39ce0a419f2022920ffaf2534f4cd8f3d3feb128f5822cc0e0', '29a28128612df3a0422c010a71826d2e24fab41f0f0afb300bcbbfeb45901689', '5c0c888d178a19172b0bd61e6acddfff606838dbc387491c0b2ba93d0904b753', '96fd8c78bf6f07edab797d22bcf279ac958a48b31202e51bb3c86632f5fa84be', '06bea41f4b19af0cd93beb7dfda8bb71be6d2bd2091bb2c6ea4ad40ab6a9835b']",1548100125971
624,a526e64025e041202b698cc11d389012ecdca621360818ce58b26431bc0b473c,"[-0.006571483798325062, -0.2085169553756714, -0.0191635899245739, 0.04137495532631874, 0.11641024053096771, -0.016675010323524475, 0.09873965382575989, -0.08623023331165314, 0.03737938776612282, 0.14138680696487427, -0.006112990900874138, 0.10302035510540009, 0.09670831263065338, 0.03904825448989868, 0.04701913148164749, 0.06864425539970398, 0.026008114218711853, -0.03563652187585831, 0.07704835385084152, 0.07639489322900772, -0.05131414160132408, -0.022225240245461464, -0.023130306974053383, 0.012377855367958546, -0.07950572669506073, -0.004449780564755201, 0.09900541603565216, -0.03060675784945488, -0.07837565243244171, 0.005962906405329704, 0.017161894589662552, 0.1252570003271103, 0.09348686039447784, 0.10668070614337921, 0.012840164825320244, -0.02061132714152336, -0.020668193697929382, -0.034589096903800964, 0.03427514433860779, 0.042562149465084076, -0.03112064115703106, 0.020791731774806976, 0.06269831210374832, 0.015103373676538467, 0.049747537821531296, 0.03650829195976257, 0.13720661401748657, -0.06161678954958916, 0.031930189579725266, 0.003500506281852722]",,"['3ed95787a53df1fe89df26b08f518ce9a42c701aa76f3d77b23235d10a01b0db', '9b154bca618e3e956fa3c36a03bb1c1d6739c927edef6b56e1f12ae844485cdd', '34aa34c1491126b4f88766f7e7453cc46321b71a50dd604a9d16bc65f779cb5c', '7bbec596889630855194fc44d071539772de02c269d48d13042eab9bc97faeb3', 'a9b7c37910f66fe499b30a22b282ac3146ffba3949cdcc318237a126cc6782fd', 'a0065d372816f46b02297153f6e1b6b0a2d2f52969bf2d52d33f30a543bfc098', '19f57010a4b51d427c87650051c68dd801e0854b9adb2f6564b9d45a722ce481', '3d6392a81f92f0c3794e2aa7b450c40e89a65443b7d35a40952f5ba7cbc4f6a9', '93efa12c18c01ac92c64980add0f83ec19c80b36a3e1fbeeb8812e7c5eb7ecc8', '27cd89ee2770f7ebacdd0bdb141a9c438ff399d55fc2560b3398723dc66dbc19', 'c166a6aac6ef600cd89cb0ae7f0cd9d6c13a91f5804a69ee084e3354be657f77', '6564e4e1659b3c5c7b8c2b12ca253ba03ca5c1e4a1aa5830f0043486e9857c8e', '4c8574113b795f197367dbd7ea6857eb3b9917dcb2ff07479f152abbcd53dd10', '98676f96ce6aa5b2bbdf85aefc7b13e12c8ec3951cd76239e6b3ed544bed2c59', '1ba09f01856a38507e64abaf150f18b0fa686795344bd62806eaaf10e6c50477', '3cd6bd6d1525338a4cb785681ccd5d9462bc11c748b859b87e2504f1264d48b3', 'e152651bafead67893035e995a4621f0dd040c808cad21e1e02cc519e9bffa14', 'f75921fc858efd39ce0a419f2022920ffaf2534f4cd8f3d3feb128f5822cc0e0', '29a28128612df3a0422c010a71826d2e24fab41f0f0afb300bcbbfeb45901689', '5c0c888d178a19172b0bd61e6acddfff606838dbc387491c0b2ba93d0904b753', '96fd8c78bf6f07edab797d22bcf279ac958a48b31202e51bb3c86632f5fa84be', '06bea41f4b19af0cd93beb7dfda8bb71be6d2bd2091bb2c6ea4ad40ab6a9835b']",1548117012521
625,b818fc0fb53f2bdf63016a3d8b2376d045f1358aa1b00b84ba14a9711a68a151,"[-0.21685191988945007, 0.10989527404308319, -0.06309029459953308, -0.11008058488368988, -0.04567822813987732, 0.02085057459771633, -0.07447376847267151, -0.11699812114238739, 0.027811763808131218, -0.11627832055091858, -0.10892421007156372, 0.08675798773765564, 0.0030118166469037533, -0.09710566699504852, 0.038464367389678955, -0.03590922802686691, -0.09191317111253738, 0.01929609104990959, 0.00606902688741684, -0.07806871086359024, -0.04976220428943634, 0.0029751695692539215, -0.004772505257278681, 0.09961953014135361, -0.009786903858184814, 0.015416491776704788, -0.014093944802880287, -0.010813996195793152, 0.027775060385465622, 0.026534123346209526, -0.009726585820317268, -0.0707726776599884, -0.029109880328178406, -0.03378993272781372, 0.03684283792972565, -0.018996503204107285, 0.006802897900342941, -0.09313469380140305, 0.041257645934820175, 0.0035605018492788076, 0.028455369174480438, -0.006428783759474754, 0.10071206092834473, 0.019908228889107704, 0.027773667126893997, 0.013012263923883438, 0.054995037615299225, 0.01891229674220085, 0.0402609147131443, 0.027211684733629227]",,"['10a3dc4960c789790700b9e0639a0fcba99d21cf2578dcac450e92ad84bf3232', '2eda1a3688a6713007aff08a79da38bab7c52e5fbf59a4336b363b08e0a2b335']",1547949569304
626,7a5835ccaa0b81c53a12c5343588d99c80dfd27761a270db75ed14939ef80ca0,"[-0.15352126955986023, -0.1130831316113472, 0.3329630494117737, 0.08144673705101013, -0.0019084825180470943, -0.05797331780195236, -0.0852307379245758, 0.12872442603111267, 0.07414592057466507, -0.06112685799598694, -0.23579823970794678, -8.214253466576338e-05, -0.06668627262115479, 0.16521966457366943, -0.09754610806703568, -0.025733325630426407, -0.005019244737923145, -0.02743127942085266, -0.006261753849685192, -0.16354641318321228, -0.09168459475040436, 0.07905764877796173, -0.03801305964589119, 0.005345309153199196, -0.10189209878444672, -0.051535628736019135, 0.03289971873164177, -0.08422093838453293, 0.0018709388095885515, 0.09819173812866211, -0.05708470568060875, -0.030146274715662003, 0.025807160884141922, 0.06964191794395447, 0.06816722452640533, 0.011044356971979141, -0.014462292194366455, -0.08855250477790833, 0.011715683154761791, -0.08819510787725449, 0.06593325734138489, -0.026958853006362915, -0.0018502359744161367, -0.05052400380373001, -0.018404636532068253, 0.028677720576524734, -0.014418795704841614, 0.09619101881980896, 0.01557485107332468, -0.06650353223085403]",,"['24388276593be6d8526c3bc867e2e33b89cf8e145d6497a3988b4c7c868075a9', '65a7754014298f63788174959b791ccb8d2af7d1e80e4615396f27c63912b376', '2087cbd15151e69345b30206780223790db5518b46ae258804cce6099e5ff6f7', '9126a65a739ca4ff0d0a29243dcd2843e9f61f919561344d793c61cc70718cd9', '97c046495e8ac9c76cad39c30132c9f828ab3cb2aec11a47fb52966627483ea0', 'bb30bed7754ee7efa6d1ade3c2a687531265b6da901953369bfbc1750ee193f1', '7e5e8ac695ec733b81a1bc33fe857158b2c27176fcb8c3242397e187e93d1d8c', '3a0aaab9a0b9e9378fafef1eab7e90284f2d77ec1553c206b3429d4499299f4c', '7c317e240780dd5e3ec18cde3202c69d4b402725b3bb820f6e8bc3cc4271bb33', 'a1f22bfc98b69074a195fb57820264677e678019278d39dd4246a31095acecd3', '2e52f87aa9529493859b3f8766e890fa62b01cab56891b4db2029fb2a326bfcc', '0324acfba63555b9f4761168611a47d9a7e53adffc7d599eaed5fb9980c0eed6', 'dd023092e2ed759db70014299a5d640bbadf3e6c410b741cd528dfe296b3a848', 'de67e2b511331e30c0e4c8f7a5964d2b555c5c14916dacd856afbc8252ac4629', '8580db99bd18b73f71d69c4ad6de2931bf5876e94d538615348b0ca264e92064', 'c3d5c9e32020b618e7c3003de121e6248a0ad47308c8f4e3265e683a7ccdc021', '69df91d60d3ed17326077732f18f26fd00683bf7e9d22cc93b10a87dff6610e0', '33bddc84ecb55faf97663fe1df75ece27cc5b5a946e09d1a660f5fef0cb95eae', '4d94341fab294dd44e44b694f7c38a5808dc6ffc48642533ad01b13e4d86274f', 'eff99486190fe6f399ce61bfdbf6dab1e5c96bc631a1fa77b83cccec1187d0f9', '14238a0f8923ec1a49b5e7cc68ab87729e2a40eb1199c16a9b43ce82538dc597', '0420419e4e758c935adff91bd46cd183d7082e963ade55e87ed1b860ddff90ab', 'aac9f90763f81d3fb1977d4cc661d5d5bac0b550ab6baebdcbad5bd4acf78f24', 'bbf767bd2bef83e1fcbaf0555b3a423c9b154d3e74eb1d653ceb1d800873e43b', '0a9155d6dbc458f70c792c206818f2059daa97b526df84e7263750e221196786']",1547954972284
627,7a5835ccaa0b81c53a12c5343588d99c80dfd27761a270db75ed14939ef80ca0,"[-0.020264022052288055, -0.09994455426931381, -0.06987006962299347, 0.04714905843138695, 0.01941688172519207, 0.05404890328645706, -0.06310152262449265, -0.02710813283920288, -0.010388091206550598, 0.06631483882665634, -0.023296266794204712, 0.1977006494998932, -0.021606216207146645, -0.009698932059109211, 0.03730294108390808, -0.08000709116458893, -0.003838085103780031, -0.02258748561143875, 0.024321822449564934, -0.11443758755922318, 0.02384248748421669, -0.012212179601192474, -0.09149333089590073, -0.025928881019353867, -0.05191173404455185, 0.0077307443134486675, 0.037899553775787354, -0.0017818582709878683, 0.04962489381432533, -0.0070334793999791145, -0.032860167324543, -0.005359589587897062, 0.023585405200719833, -0.04738258942961693, 0.027067529037594795, 0.055903080850839615, 0.013035470619797707, -0.0034202756360173225, -0.02202977053821087, -0.0014507323503494263, 0.011160491034388542, 0.03620551526546478, 0.028734926134347916, -0.006082069128751755, 0.01060688216239214, 0.03400570899248123, -0.04287172108888626, -0.008716465905308723, 0.026360496878623962, -0.0547078475356102]",,"['53317fd7fcdf43af8deee134e18931b593dfe839a869d526fb623f17a27226fa', 'e27ec6cadefb36a30a4426a21d992b49c83ea8890d8b50ce8eb56429627ad7a9']",1547955263906
628,e2319baf9560bd633252739c1be3c64b960d89a68558393e2d765d494742c675,"[0.11572083085775375, -0.3980015218257904, 0.1627233326435089, 0.1426670104265213, 0.07958270609378815, -0.01935616508126259, 0.019889339804649353, -0.00787755474448204, 0.032814476639032364, 0.14446617662906647, 0.03020794317126274, 0.016842227429151535, 0.007034088484942913, -0.013121127150952816, -0.03564752638339996, -0.02223341539502144, -0.005907120183110237, -0.0223682951182127, 0.10500800609588623, 0.0006659240461885929, -0.061640914529561996, -0.05641017481684685, -0.00847823265939951, 0.040468521416187286, 0.013334030285477638, -0.015758780762553215, 0.03267858549952507, -0.012346436269581318, 0.02299659326672554, 0.004811270162463188, -0.006838252767920494, 0.00933503732085228, 0.0195600725710392, 0.014930028468370438, 0.04065758362412453, -0.061562374234199524, 0.030224235728383064, 0.02096901647746563, 0.0144735649228096, 0.012964550405740738, 0.006477518938481808, -0.0382760688662529, -0.01597989723086357, 0.028381789103150368, -0.012572160921990871, 0.0057424260303378105, -0.022753477096557617, 0.008348623290657997, -0.00351910013705492, -0.01447992492467165]","['9dc5938bb7f8ff57d1502364a94655c95b1815fbf99bc1fe49303522500d8fda', '3d745d8f1eb5f07cb769450f04a730db70c67d5b7a347306658cf116453f2a12', 'f6ccd5cf0c8133a96158b7f19073f5933166f429bcb9b7c49ea4af41e4b23aab']","['6add34f5f91f7cca01993bb3e698f8acf215ac3c402af14930456da09016817e', '45af61a8af7a16e5533d5f153b2912fc5c5c83c7878ea4595a5b9ff389d0ddb2', '9dc5938bb7f8ff57d1502364a94655c95b1815fbf99bc1fe49303522500d8fda', 'bb68908a0931054c580ed6e718341fe651caff81672f4d14f950e27183f93689', '9536f6af16a461514de3e6a64a399d1484354724dcc975ea321c8291e12269e4', '223119009e1e927dfc18fef750925f07fee5c9674f97604089d635b91721cc0b', '153fde2ac74d20cac64f03298535eef29100d370e692fb8e08ff38a9fc0882b6', '3d745d8f1eb5f07cb769450f04a730db70c67d5b7a347306658cf116453f2a12', 'e919b66bdf8a6f84b35633520908ed5e6202d0fd49c85cd02dc19fbc1ac369ca', '93447a344e76a44f2976fbe75a2e2e893271f988fc6307992c550e0b4a75068b', '17ed6413d43f703f0da9d195584b082625685e185ab6b3ee124f621ccc679753', 'eec56bb83b52709b47d7bdfea4fa2f7cd17d00a62b0901701fcba15e9c6585e0', '4ebb789393e74e4b017c244ff37b0c5590876e7fd780cfa4d4c65bf05168764b', 'f6ccd5cf0c8133a96158b7f19073f5933166f429bcb9b7c49ea4af41e4b23aab', '633e8b5d878b68654e8d9a8c18d65990154bc3a43ad95297867677be4c446cb6', '40d495ff524737ae76815b7e83594ca148bf618c01ab2dd13fbf86ea3502a3ba', 'afcfa0745e32635322d1b7e6fb5869d62f7f7f90921bd9fb3a5920747f51d373', 'f8d924186c55adbd22c9eb70458e470b3c22a82230c3cd61598961580dca2b25', 'e25b7409d29e78bf57fbe82e576463d830fd76c316db6e9a79c11dbcaf0f1067', '3b517f4061a9057e9a56bcf3fe09489c8be3ebc0b217b98262463ee2e67bac31', 'a0411b49f3b332d9350e8b1a618a77b990677f270cfd31ceb550c8ed95229521', 'a4acf2406cb2af9cdd6206db2ba67f824341e2d136047dab9deb4afc571671b7', '8a6176eac1d792fa81d02bc0d76970f967f7b3040fcceb54eb24b3ffff58c0fa', 'b8985db1d962ee0f8126cc96f8ce9b4ef5a3a0ebc40384ff08a9f2e7018f199f', 'a97cbce05d4696d0144521f9650123236548b0c45d277dd45976bd1445434d53']",1549065402201
629,bf40be2542f889e8b8da1d9af02f0f1b69443685f24c1671b7e27402b8419c84,"[-0.164747953414917, -0.09834189713001251, -0.09563063085079193, 0.014538198709487915, -0.06144958734512329, 0.08022244274616241, 0.06523602455854416, 0.04559294134378433, 0.08097948133945465, -0.02745233103632927, 0.07321145385503769, -0.03118988871574402, -0.08714373409748077, 0.05181187763810158, -0.042917948216199875, 0.010074827820062637, 0.04903196915984154, -0.0026429053395986557, -0.060420647263526917, -0.02088615857064724, 0.06703544408082962, 0.05894237384200096, -0.12524831295013428, -0.09777699410915375, -0.000985732302069664, -0.015371737070381641, -0.130601704120636, 0.05720667541027069, 0.048901740461587906, 0.06624537706375122, 0.04772517830133438, -0.03834603726863861, 0.06063675880432129, 0.028331197798252106, 0.04587801545858383, -0.04315349459648132, -0.015277586877346039, -0.0922631174325943, 0.027462847530841827, -0.05154141038656235, -0.09329365938901901, 0.0399511493742466, -0.03259127587080002, 0.03082045167684555, 0.05248267576098442, -0.1423589140176773, -0.15555021166801453, -0.041470546275377274, -0.11409242451190948, 0.10635747015476227]","['39d071f765746462556978cbdf384b83a2fd9567505a675a39055dcb501197e5', '39d071f765746462556978cbdf384b83a2fd9567505a675a39055dcb501197e5', '39d071f765746462556978cbdf384b83a2fd9567505a675a39055dcb501197e5']","['103830adcc5c599ab4f1a6a9de9fa6de12fd6210fb960d0db9fc32cab855c8e4', 'a678a735764d3797936dfce3d7605050713d386b1bc7e0a93080f5f6b7a94d2b', '1dbcadb1424b64e3bd23ed4d40dd5406e4a5110849d3139d7f711ec83c5d3588', 'e0e9e866c2e44067e1cffa12656fb8e3179c5ffee82881ffe62f28cb322cc7ed', '453a46b5cd74148fd6250b55874f3ec8e92869d6368cd1849d06043545705484', '39d071f765746462556978cbdf384b83a2fd9567505a675a39055dcb501197e5', 'd4a70b6b342f8a0be7484089eb7f0792d94a3539e829fdc5a45b671c3094835a', 'c21b00e246c7bd5dd3140e49bd785ac27959897958246fc1c6380547d317ded3', '53a8c47d63194831d9c1db5245c61161e7ca912cff9a4871f29f5e6d2490be58', 'c4e914a5d83fe3dfa69f62461404521d8972ff60d7663d0994ccd13998417157', '5223acf7e7569489e895ca24a2926208c8a19c6297ca09f2f551897865439572', '0440c8fdad4aac58cc582ab3328ab8e078d7704ba3ff5f4bdacf31251e1e3fec', '4bbb3255266eab84571b844e3b6c01508668c4b4509fa8ab51c8adcf3f3a30f7', 'b4fcea6906b0c2c63e934d685ab6f3d44ac28927995898117d7ee961e3581de4', '347a795677f548716c5790e4e10e50596d313cd6efaaa198bd36330c0a3a41e9', '9c38a05c7563a7668e5b98d75d5786d8ed60645606e89019d07928890f0c9b15', 'a6c545f801b1bc9f4b85c5eebb395d286ac9b0fbe72d46fc50bcb45f3dd867e0', '765d9205f968dfc10a1a920c3fe4abddcb3064a9223cf2a8e252db1ff4cc2fa9', '4f188a5cca658bdd9bc9e091b9f6a9a5c81f64cc86080e8d3e1b7a20750e0229', 'f7f65c3630781b03080646ff834a7e8b51565c08f15a4cd80eb18fe06398458f', 'b82dfa38ee355e44d6b917e99262b8da3a5c0aa9354184b614384263fcc1f1ad', 'ce1424d3642b9daea11320a02ead3c4c919140465b42eefc9442b21ea0e487a0']",1549665177567
630,9754b4e93edf02a24c8b47c76d66c27eca5625857a2411aec6246d56d692e99c,"[-0.20149245858192444, -0.04186147078871727, -0.14955207705497742, 0.0033456608653068542, -0.03833499923348427, 0.12256866693496704, 0.0642012283205986, 0.01912836730480194, 0.078584223985672, -0.04177018254995346, 0.0476750023663044, -0.016815632581710815, -0.08223462849855423, 0.03685643523931503, -0.059474002569913864, -0.0026949699968099594, 0.039668548852205276, 0.006168313790112734, -0.0671970397233963, -0.017914120107889175, 0.05926331877708435, 0.07221183180809021, -0.12477640807628632, -0.08569560945034027, -0.018671125173568726, -0.020038936287164688, -0.1633676290512085, 0.0603347010910511, 0.05749179422855377, 0.0637148916721344, 0.0738048106431961, -0.02854214236140251, 0.061388224363327026, 0.03353002667427063, 0.05308425799012184, -0.028859898447990417, -0.001520806923508644, -0.0835295170545578, 0.022529933601617813, -0.052622441202402115, -0.089142806828022, 0.03839261829853058, -0.03784957155585289, 0.0457342192530632, 0.05005559325218201, -0.1466524302959442, -0.17317551374435425, -0.07523103058338165, -0.15829531848430634, 0.11141279339790344]",,"['6f9df8617e7ec7a6c508ddfa9c011da4253cb20abf8ee373702d7551ab031e6b', 'f1205925d88ef68a2b4218fea197ad981b961b4d2d325b81fce69796ca1ca5d0', '06b7253c621d1effa43400717fc1d2ede616b0d3af9c8a879a3f70081330795d', 'a0fced5b4219f95059156a670f7fbd90b086677d0b480d6210d0fc822909988c', '4afb02cc46e4bf903db16fb276d9ed308b3ae12345df73d72d84e8e4e75f8de4', '1f69a3b79d464e11ff888ffe4894239bd9800fdf2ec6db36cc2e89e95bef6f06', '2117cef90db4e2d2030ff2bb1c7051860eee1456b82680e1d5fa6da13a61f427', 'c36babdba221ea55fcd275ebbb66ed9416dd1a16eb26686969caf76a2811bb34', 'f8dca745d792aa5b962505b67b65398eafed589fd1856277d76d35c9b2933ea2', 'f5ce04ed0bd472232a5ee68a2ec8217c4f7522d3c384ca3dcff4f8156d44e168', 'b0e9d5367c536ef06cc37ad371d77ce3e2d89b1235f44ed214fad5d08a341ad0', 'e9ca7320f814308c7ab5556caef30821105b8c551ecc2f737f8ea716d8a2c18e', 'f9fdb77042574ae9cf082bcfaaaf2163ee0e33cb7456647b0256f126d7463e27', '4636d3fac4286083615fe971a4d0ef710ff6c9d65dbb6fb37ad8e7dfe7913875', '95b4178a79f5698cc8707811afb4115bb0d9e02833f6543f7208853fc1a084fa', 'ff4937ecc1b81710797a9d737d8b572715cd9aede92bc4cf562100b6fe651fda', 'a3d5d01c8d818944ee6f233504a7364adb7397b2fc5a152b6fbbd61ae351a96c', 'c3f481019ca069f06191e9d49d8ac33dd751aacc4c81c55861a0b77dae485cea', '3a21dbd2a9d180569a4c51306ab92bbcbee9be96d8882c24f9ea673560cff016', 'cbba46a75754b2669f1dd4a10b924598c4bb94c7bfad8010fa261e0e577fee83', '2a3a9441d5c07615515543e36f8e6b8cc9f71ae78f30ae56c577a3f08b054230', '327c1443e477184bfc6ab465e49f6e1bd5f13cc53ea165fedbbe3256385f2c67', 'f9209d9fcdff982e8c001f446e710f2d1a58e9fa5ad79ece0788f7083b175bd8', 'df2bc639a1c60a14df56c6dc503e55872cf737755f9272da13122965d111efff', '0fbc9e215e5dc6736d9856d441f9461beac70743bba504ce8377750f3101a38a']",1549672135577
631,9754b4e93edf02a24c8b47c76d66c27eca5625857a2411aec6246d56d692e99c,"[-0.164747953414917, -0.09834189713001251, -0.09563063085079193, 0.014538198709487915, -0.06144958734512329, 0.08022244274616241, 0.06523602455854416, 0.04559294134378433, 0.08097948133945465, -0.02745233103632927, 0.07321145385503769, -0.03118988871574402, -0.08714373409748077, 0.05181187763810158, -0.042917948216199875, 0.010074827820062637, 0.04903196915984154, -0.0026429053395986557, -0.060420647263526917, -0.02088615857064724, 0.06703544408082962, 0.05894237384200096, -0.12524831295013428, -0.09777699410915375, -0.000985732302069664, -0.015371737070381641, -0.130601704120636, 0.05720667541027069, 0.048901740461587906, 0.06624537706375122, 0.04772517830133438, -0.03834603726863861, 0.06063675880432129, 0.028331197798252106, 0.04587801545858383, -0.04315349459648132, -0.015277586877346039, -0.0922631174325943, 0.027462847530841827, -0.05154141038656235, -0.09329365938901901, 0.0399511493742466, -0.03259127587080002, 0.03082045167684555, 0.05248267576098442, -0.1423589140176773, -0.15555021166801453, -0.041470546275377274, -0.11409242451190948, 0.10635747015476227]",['39d071f765746462556978cbdf384b83a2fd9567505a675a39055dcb501197e5'],"['103830adcc5c599ab4f1a6a9de9fa6de12fd6210fb960d0db9fc32cab855c8e4', 'a678a735764d3797936dfce3d7605050713d386b1bc7e0a93080f5f6b7a94d2b', '1dbcadb1424b64e3bd23ed4d40dd5406e4a5110849d3139d7f711ec83c5d3588', 'e0e9e866c2e44067e1cffa12656fb8e3179c5ffee82881ffe62f28cb322cc7ed', '453a46b5cd74148fd6250b55874f3ec8e92869d6368cd1849d06043545705484', '39d071f765746462556978cbdf384b83a2fd9567505a675a39055dcb501197e5', 'd4a70b6b342f8a0be7484089eb7f0792d94a3539e829fdc5a45b671c3094835a', 'c21b00e246c7bd5dd3140e49bd785ac27959897958246fc1c6380547d317ded3', '53a8c47d63194831d9c1db5245c61161e7ca912cff9a4871f29f5e6d2490be58', 'c4e914a5d83fe3dfa69f62461404521d8972ff60d7663d0994ccd13998417157', '5223acf7e7569489e895ca24a2926208c8a19c6297ca09f2f551897865439572', '0440c8fdad4aac58cc582ab3328ab8e078d7704ba3ff5f4bdacf31251e1e3fec', '4bbb3255266eab84571b844e3b6c01508668c4b4509fa8ab51c8adcf3f3a30f7', 'b4fcea6906b0c2c63e934d685ab6f3d44ac28927995898117d7ee961e3581de4', '347a795677f548716c5790e4e10e50596d313cd6efaaa198bd36330c0a3a41e9', '9c38a05c7563a7668e5b98d75d5786d8ed60645606e89019d07928890f0c9b15', 'a6c545f801b1bc9f4b85c5eebb395d286ac9b0fbe72d46fc50bcb45f3dd867e0', '765d9205f968dfc10a1a920c3fe4abddcb3064a9223cf2a8e252db1ff4cc2fa9', '4f188a5cca658bdd9bc9e091b9f6a9a5c81f64cc86080e8d3e1b7a20750e0229', 'f7f65c3630781b03080646ff834a7e8b51565c08f15a4cd80eb18fe06398458f', 'b82dfa38ee355e44d6b917e99262b8da3a5c0aa9354184b614384263fcc1f1ad', 'ce1424d3642b9daea11320a02ead3c4c919140465b42eefc9442b21ea0e487a0']",1549672207624
632,4c9a78ced5acb1e89aa20abe47ad25aa6bc26f39ff580760ecc0328ea7b14bc3,"[-0.05850615352392197, -0.12919776141643524, 0.013190070167183876, -0.04194553196430206, 0.27455297112464905, 0.005846004001796246, -0.0013343412429094315, 0.16858112812042236, -0.02513979747891426, 0.07477181404829025, -0.020609039813280106, -0.02484992891550064, -0.0031683945562690496, -0.05836179107427597, 0.03462740778923035, 0.011462073773145676, 0.011005719192326069, 0.00972363818436861, 0.020495887845754623, 0.005526581779122353, -0.00743680028244853, -0.008954230695962906, -0.01691560447216034, -0.026512078940868378, -0.002650153823196888, 0.018345704302191734, 0.02389419451355934, 0.017678897827863693, -0.018560996279120445, 0.005213723052293062, 0.0075575546361505985, 0.02274993807077408, -0.008546157740056515, -0.019530806690454483, 0.0032484622206538916, -0.015371987596154213, -0.012356088496744633, 0.009526479989290237, 2.763420343399048e-05, 0.009964890778064728, -0.005373841617256403, 0.014272172003984451, 0.010213091969490051, 0.011511772871017456, 0.029019692912697792, 0.0012503750622272491, -0.003368149045854807, 0.03431020304560661, -0.011536874808371067, -0.0010005771182477474]",,,1547852710777
633,8e1332cdd5becfecec18d58e29343bed4275905554bb9c3ae326e206410460bc,"[-0.14513938128948212, 0.02575748786330223, -0.12209555506706238, -0.019330760464072227, 0.047830212861299515, 0.09294667840003967, -0.08842211216688156, 0.14893803000450134, -0.07332304865121841, -0.1443304866552353, 0.023786410689353943, 0.0823436826467514, 0.020086482167243958, 0.09557484835386276, 0.12637105584144592, -0.24537219107151031, 0.4318253993988037, -0.06394967436790466, 0.0716896578669548, 0.2482415735721588, 0.000272996723651886, -0.24841895699501038, 0.14290305972099304, 0.016726134344935417, 0.01165167335420847, 0.04108332470059395, 0.01607639156281948, 0.03038931079208851, -0.04515848308801651, 0.06671519577503204, -0.07768803834915161, -0.010557658970355988, 0.07800287008285522, 0.08527068793773651, 0.09933530539274216, -0.1348806470632553, -0.008851838298141956, -0.0025508636608719826, -0.03300708532333374, -0.007562994956970215, -0.15836909413337708, 0.09127208590507507, 0.05174737423658371, -0.0415160171687603, 0.011654447764158249, 0.046565402299165726, 0.024902764707803726, -0.008385607972741127, -0.03049362264573574, -0.02048887312412262]",,,1548036911066
634,8e1332cdd5becfecec18d58e29343bed4275905554bb9c3ae326e206410460bc,"[-0.11476756632328033, -0.10756398737430573, -0.05516640841960907, -0.02715609408915043, 0.0036249980330467224, 0.029766850173473358, -0.022333253175020218, 0.007036218419671059, -0.02329006791114807, -0.07971009612083435, 0.10565856099128723, -0.06969022750854492, 0.0010408018715679646, 0.041655056178569794, -0.014721054583787918, -0.07076233625411987, -0.019716057926416397, 0.028049834072589874, 0.047629185020923615, 0.018071884289383888, 0.026976149529218674, 0.04845815896987915, -0.0377499982714653, -0.06520421802997589, 0.02736836113035679, 0.017741065472364426, -0.02941444143652916, 0.040086034685373306, -0.009491763077676296, 0.010749614797532558, 0.05677267909049988, 0.022297145798802376, -0.04236115887761116, -0.06017300859093666, -0.016492566093802452, 0.0370001494884491, 0.03192048519849777, -0.056884560734033585, 0.012585308402776718, -0.0627584159374237, -0.03492056578397751, -0.04694906994700432, -0.02633255161345005, 0.024532152339816093, -0.0587843656539917, -0.028992410749197006, -0.045448318123817444, 0.037048786878585815, -0.03240995109081268, 0.024595553055405617]",,"['a570929e58f5bfb57ec2f9a654f05ea4022116c5d62ce894bb232ad15ff08afc', '16063f983d786286e44aaeae33058e187298a79ce94afd115a1b4bc83c269cc2', 'b638eb1eff1ad88a1a285ad84d6d69d855ac6533600928bc52f36eb119b329de', 'caae795bcdadce335e14da7af38addb8bff97893e963b47e2c87bfa5f0860944', '7bb2d1d3ba5f44deaaadedbc4dbe624d6b7feab5f7feb036e2ed44023e2d897a', '97a90636f936e25c691be1403f9fe653054eb85b708e49fa77d832b97156c4a7', '9cd0aa64a5e1c5b65099411559dd84510b0b067fd97dffba05e8b6f689522640']",1548037681561
635,8e1332cdd5becfecec18d58e29343bed4275905554bb9c3ae326e206410460bc,"[-0.06298453360795975, -0.2788863182067871, 0.25320518016815186, 0.060123421251773834, -0.12424658238887787, -0.051607243716716766, 0.08183678984642029, 0.014481774531304836, -0.033685293048620224, 0.03554747998714447, -0.014642452821135521, -0.0976533442735672, 0.06842687726020813, -0.02155078947544098, -0.043234821408987045, -0.007601490244269371, -0.01610758900642395, 0.034475505352020264, 0.05583055317401886, 0.007186926901340485, -0.11601938307285309, 0.06783482432365417, 0.12332437932491302, 0.017969928681850433, 0.011865897104144096, -0.022368386387825012, 0.00024006236344575882, -0.014118107967078686, -0.03370391204953194, -0.026090072467923164, 0.006070747971534729, -0.006280530709773302, -0.03134733438491821, 0.11561977863311768, 0.040070708841085434, 0.08318965137004852, -0.025387467816472054, -0.009699445217847824, 0.01374602597206831, -0.01139531098306179, 0.04403335601091385, -0.11080558598041534, -0.0028382297605276108, 0.04514976590871811, -0.027979521080851555, 0.03110682964324951, 0.0314699225127697, 0.03096960112452507, -0.010931660421192646, -0.003354796674102545]",,,1548037713514
636,8e1332cdd5becfecec18d58e29343bed4275905554bb9c3ae326e206410460bc,"[0.05882862210273743, -0.26899009943008423, 0.07170356065034866, 0.12397976219654083, 0.05649693310260773, 0.017548127099871635, 0.06931515038013458, -0.019950928166508675, -0.030248867347836494, -0.07217186689376831, -0.019290249794721603, 0.04410596936941147, 0.02380410209298134, -0.0006350278854370117, 0.03317391127347946, -0.019492244347929955, -0.06585370004177094, -0.0036431001499295235, 0.036088019609451294, -0.02352920174598694, 0.04703059419989586, 0.0630161315202713, -0.006487913429737091, -0.006076454184949398, 0.005173358600586653, -0.005631251260638237, 0.03247731924057007, 0.07954145967960358, -0.017352424561977386, 0.021849770098924637, 0.010491474531590939, -0.04504720866680145, -0.015772635117173195, 0.04363606125116348, 0.00044866278767585754, -0.040233761072158813, 0.03614172339439392, -0.03840232640504837, -0.015036209486424923, -0.009587392210960388, 0.02952370047569275, 0.04843471944332123, 0.03349979221820831, -0.03647695854306221, 0.06768736243247986, 0.01193981058895588, 0.015255274251103401, -0.004367128014564514, -0.0029204769525676966, 0.0025644563138484955]",,"['7d9477e185a937fbffd03adefa30c84ee1d7e68b1fdae14cbcecbaca86286992', '67c9c006eff1be394e992acc3b495e9e5936fadb5f561bf803310e45d73a802e', 'fdd4513286845a27cdd8d8bbbf02cdfcbdbf0d8c031eb1371242dd6837f8bea1', '5227e2ee22d543d545423241c6e7acb0eeb06808b40d22a90ffe10b31bd871ae', 'fe752bd39fd0ab541312cf035dcf0071092e9bd56a886ac4d714ca44c40fb1b7', '47852c1548374c965e0363e49cb7ccd5ec74b5009748bbd351bc8553232b13d9', '7598f7b07a144606985d7273d12b57e8a1c4e9ee13d45119d38a4317ebc51295', 'd943f0ee427d7db77ce5467c1cd4bc2a4750a28d1d2635ee467e19fd57342894', 'c677ff0cdde4732e9d96774cc56c217259bde5cfa989df03080afd24b765a200', 'd201d8019bccb405a4ee8e6908810fa132464f44d7e35d22b5a92bb31df34784', '24bf684b79dbe559b8c7eb9dbb4a46c1792f14812957623a32306f55a42940bf', '9c41deb6f0e0ff8f1b42558d47e1119f804fc662fb899a6e3631158e6aaadee2', 'ab6457b9f86a9ebb25f5f6b836a9f65d4a1808f4c3934ff52fe8725b50104463', '3d80d0c99cbdfefe2802c2552fef2ea56bbbf7b4daf9e7a3909cb5a3a7a1cdfd', 'de0723abf1aa881311e3abc97fb278c7d5216f821f822ecd47caa5c3a8930f98', '281fe8f3297de416a4fefa5b81b65033c646091c31e165776b51ad5536c39d3d', 'c6d6346d356fe84662e0305f7a23f88495e160a756ac4a0cc0928cf8acb9294b', '3f0fb00dc0e49e51c23eb4091dbc2926c68175243d5d13727a7b4abb08420fef', 'a5083461593376d13b15e92b3aafe94ac916ad699a112c332180fe29ffeb04b6', 'bfc4d283fc565b70329a71582e0e65b561d37cf2a5441aed093794c3f4d3a0f4', 'b36311adf19a2f15322f650d29f3a4b583bb3a0815f4b1e0da4efe54ddfae6cf', 'b186c315b14872e0097ee647457832876f12b3acff463d2c554c253c393b415f', '3faf9cf150df39dd9db4b1abacf09ab43c658c40642152bba091efea979af43e', 'e3af1a33594f9ce279e03329b1d522e702a844b3b968225d6b7d07e695bbcd3f', '03e974bf580079cf37b45925542e7a4cf8740f3af609ff916948d9916da9786a']",1548037783090
637,fdbea822583d6fa65ffc34b799ad714795dec14231e4e437364479d6f294442d,"[-0.04289829358458519, -0.30403319001197815, 0.238878533244133, 0.045617807656526566, -0.0166031327098608, -0.06086219847202301, 0.05679764971137047, -0.0686163380742073, 0.020931627601385117, 0.03249026834964752, -0.07934542000293732, -0.07545550912618637, 0.04780721664428711, 0.010606613010168076, -0.012594550848007202, 0.03585699945688248, 0.02665596827864647, -0.02723882533609867, 0.05976994335651398, -0.024376440793275833, 0.03376069292426109, -0.00954536721110344, 0.05685964226722717, -0.013290351256728172, -0.002470901235938072, 0.012385224923491478, 0.04243255779147148, -0.022499065846204758, 0.026097098365426064, -0.0834626853466034, 0.019670527428388596, 0.022757939994335175, -0.0009888065978884697, 0.06212979555130005, 0.04618179798126221, -0.00838872604072094, -0.03647792339324951, -0.005389663856476545, -0.02438836172223091, 0.069876529276371, 0.06322727352380753, -0.09434168040752411, 0.01639597862958908, 0.05212382972240448, 0.007782839238643646, 0.047106366604566574, 0.005269666202366352, 0.04064269736409187, 0.04669475555419922, -0.03771887347102165]",,,1548364058833
638,fdbea822583d6fa65ffc34b799ad714795dec14231e4e437364479d6f294442d,"[-0.04289829358458519, -0.30403319001197815, 0.238878533244133, 0.045617807656526566, -0.0166031327098608, -0.06086219847202301, 0.05679764971137047, -0.0686163380742073, 0.020931627601385117, 0.03249026834964752, -0.07934542000293732, -0.07545550912618637, 0.04780721664428711, 0.010606613010168076, -0.012594550848007202, 0.03585699945688248, 0.02665596827864647, -0.02723882533609867, 0.05976994335651398, -0.024376440793275833, 0.03376069292426109, -0.00954536721110344, 0.05685964226722717, -0.013290351256728172, -0.002470901235938072, 0.012385224923491478, 0.04243255779147148, -0.022499065846204758, 0.026097098365426064, -0.0834626853466034, 0.019670527428388596, 0.022757939994335175, -0.0009888065978884697, 0.06212979555130005, 0.04618179798126221, -0.00838872604072094, -0.03647792339324951, -0.005389663856476545, -0.02438836172223091, 0.069876529276371, 0.06322727352380753, -0.09434168040752411, 0.01639597862958908, 0.05212382972240448, 0.007782839238643646, 0.047106366604566574, 0.005269666202366352, 0.04064269736409187, 0.04669475555419922, -0.03771887347102165]",,,1548364058833
639,27c99a35ea28a0fa1b0fd786cc63bd1d2c45d18a233f2414c7dfe2e802b65069,"[-0.14875414967536926, 0.05706685781478882, -0.14172960817813873, 0.03997175395488739, -0.01664557121694088, 0.08698815852403641, 0.021734874695539474, -0.12308543920516968, 0.00852089375257492, 0.16720381379127502, -0.11641649156808853, -0.023682333528995514, -0.012874866835772991, -0.006531962193548679, 0.014088045805692673, 0.07116834819316864, 0.04734574630856514, 0.031347230076789856, 0.06081319600343704, -0.03565233200788498, 0.0480910949409008, -0.10121273994445801, 0.037549830973148346, 0.08341379463672638, -0.014598121866583824, 0.10766370594501495, -0.010891497135162354, -0.08721429109573364, -0.0703059732913971, -0.01681559532880783, 0.05408131331205368, 0.03266382962465286, 0.029881492257118225, -0.007509734481573105, 0.002207476180046797, 0.050726138055324554, 0.012453220784664154, 0.030598768964409828, 0.016952291131019592, 0.030182408168911934, -0.015331141650676727, -0.02831990458071232, 0.10022380203008652, 0.021016685292124748, -0.008735590614378452, 0.06616164743900299, 0.04351107031106949, 0.08695009350776672, 0.02550179697573185, 0.032726407051086426]",,"['27b900de56a57a046c28f206d894a10e5ce7370d706b7a7b9af8fdb7f8b75610', '7c95fb325e154119cd209eedc9c8e777448e15a78ef1b7c964ec5ff0cfb4fd07', '27cc0003b1a04745e82203c9bee453ab7c989042a7f5608ed9aa532ee3c82fb5', 'd31a44f2d6a404bb23086f2c3dd5591b708740b5a8e30ef00e91c76b1156dd50', '51783c1e4f815f59007c8c215d9314460a8b1fadfd840165f42d810a9415a575', 'b1741e5082699cc9f17325c9456947642e23826597c9715f9cc50a0c5a2745e4', '82a692bac6062d76efa4e0f6b1d8ed4df6824286257a5f99be37ca831136227d', 'b81e2e45a260e46be2b2c47f351bc639e80f1b7388a0a0843bc6692c5f4532a6', 'cbb5b59dd5b93ef3fcc6ccfdeaccf834fd3ae392c87256a5b8702f7cf3cf7523', '2b7109ca810215896505beb7d8a1150f45a0515ae7d887c34ce4c4cdea719382', 'c44ceadbed3563a62f4807ec27cbda403f6094794d5c3b290fa2682cb5b00464', '6f83e8f895bf4f96d5d1bc480b40f3a0969d06064f84f28a039ca1f801e8f24c', 'f29125978b0b0b33d75491774d1c3b60279f48ec4f6f6feb265daf62052c3d27', 'f24e962cb9b138cf89982db3fc7cd40f4d79b6b109e39593a15e18cbacc4dc9a', '60f8a5950208680c50ea8e9424d14ff387ca0950658ae169f1996bd9c204d288', '83af9d454b96bee5da6e09beda2d077c018be2033896b3c5709d24e8f7e4879c', '8d729a2ae8a19d47e3e626fa0880179b7b286d10b7194001cc3494fcbbe7b34f', '23240cc914a579988e225d08cddf4714902282a9ab51811338781d0d600e950b', '9788a279f41ad072657bdd7b745911755c15cd8b7afcb45c0bb47ace5a3dbf8c', 'a5d0c45d9fd28c8f2bc02c487f2c0d14cb0fba5cd0c64ca7f0344c43fe4e948b', '2cdc25b657c14e52447e7a9a968aabd372780ed1be5fda8101e7ecbdb14fd167', '5b60ef4a36101a2d9ac5c566ec02a93b8a3a0edabd763e820952eda36671912a', 'f0a42416d373c2e3eda752adc50fa49b9452b1b2357e9c85299b714e453a2c23', 'd3072062033d7b5ebc2d2af457f9f9b76f0970c32ec749989d1e34008314d5fb', '5013a5218660ffaaf84072ac530ffcd143562b0ddd0b7a618ab44c2ee4a228b4']",1548706893263
640,1cd339195a9169125f8c73560cf5c31e7b25b2a15e2f076c789e04ff04091aae,"[-0.25464576482772827, 0.1356690227985382, -0.11916711926460266, -0.1430894136428833, 0.08826331049203873, 0.14985692501068115, 0.14635923504829407, 0.26895371079444885, -0.06963439285755157, -0.036873091012239456, 0.001266940962523222, 0.07553689181804657, -0.07007469981908798, -0.14784711599349976, -0.00523756630718708, 0.011294713243842125, -0.12990343570709229, -0.07816606014966965, 0.025864776223897934, -0.01895551197230816, -0.06705935299396515, -0.00787776242941618, -0.010532286018133163, -0.03521740809082985, -0.033656828105449677, -0.02071867138147354, 0.043143291026353836, 0.020040836185216904, 0.04760125279426575, -0.023903541266918182, -0.005102479364722967, 0.06703805178403854, -0.02432020753622055, 0.015278361737728119, 0.02984420210123062, 0.02147836796939373, 0.025184154510498047, -0.02144664339721203, 0.01963098533451557, 0.030672181397676468, 0.025143394246697426, -0.004883789457380772, 0.04354897141456604, 0.03626391291618347, -0.042081985622644424, -0.014958214946091175, -0.030240288004279137, -0.06993496417999268, 0.051939886063337326, -0.026834197342395782]",,"['efd89a9c9a0682d873a2d4441accc676d02bf946d45f31f88233b3d994ad7ff9', 'b3c301986d262ef6c832b6a66d8eeafba17a0988bb0252171f863d311ca1de1e', '54d22f001a17e14c5c1e52159211333e81bdd78dbef97da8a67798e0a2b661ec', '0152df90580c0b881e8a1d1696a478af6bd510162963c6e591cdc266833a1239', '587135e179a02ba36f6d08c9606827145fdcccb285c5ec59c3322e1767ee8034', 'bdbba086aec4c315f199346cf72b3a525d8cbb4bc1959c2526e543547c5e0e40', '39938c81ba144ca6aa2f5fe8d60ba65f21cc152e9cd9c28e809c68323790f70d', 'cabdf58d5221fffbd487768efd4138c1dfe8ccd0e78108b90616bff12326051e', '5b3de8913e15ad1efdb0c6168202dc57fb51d04e8ee7956fd0ca35cbea572900', '6aa61aaba57ce3f4e9ae8137426d64c0f1ef8d33d77261378f71d8bffa165285', '7866536f9b8695c61604cf03d24d4e7bea93328e54d8f53522b1a797d220e160', '7d2cc293e0a1cfdf2bd81108833e47d820e70fb4974479a2962074d2f26b2218', '605539072c351f7087e307c0bd571503c8a141ab379fa906ea10d059c0a5f53a', 'ebeb483ddabbfb691e6adce9ae3b1626534b4dd914b8f5fea9f9773f56316cff', 'f8a4ae20fc33c1fde08056147a09e88e93b407d8dee1350697a25baa13188ba2', 'ffd3a805bcb242e8a9fbba36ec71e2543e07c4ee370ec88618a5c142fc746361', 'd149cb6b396b7da479d570cad59ca29032b911c8175e1b4fccbf88fe3e514adb', 'a8e43cd15f2f850e96637169c9ac1c370aeea23069cd6915d3bbedefcf3e6875', '8315a39e6b91a362a090c08901326b030381e2f9609a8d9a2acd9c1c1fc85da7', 'f4138ba4fa80e98ac53991686398c79b6cecb7e10b3ba5ef39521f0bec67eceb', '423036448adc50d42072c7e8c62c18fd46989ad4229d218ed000e83e234363dc', '3000f0098743309d5589192687535026049384c8dc19b2aa33b9dbec25f0b93b', '95dfdc09ec4ed9b48e46286722251ad254cc77f4a27c8e6ed1062e5edbaf2043', 'fdf0b69b44ab946c9c8074907215eaa740bda937cea507d13e7cf4e90c695f0a', 'e1257a314ecf9eb6de93e89086cfff9b1d9fd1ee05c36e76c1127cb3d3fcfcab']",1549116099925
641,1cd339195a9169125f8c73560cf5c31e7b25b2a15e2f076c789e04ff04091aae,"[-0.25464576482772827, 0.1356690227985382, -0.11916711926460266, -0.1430894136428833, 0.08826331049203873, 0.14985692501068115, 0.14635923504829407, 0.26895371079444885, -0.06963439285755157, -0.036873091012239456, 0.001266940962523222, 0.07553689181804657, -0.07007469981908798, -0.14784711599349976, -0.00523756630718708, 0.011294713243842125, -0.12990343570709229, -0.07816606014966965, 0.025864776223897934, -0.01895551197230816, -0.06705935299396515, -0.00787776242941618, -0.010532286018133163, -0.03521740809082985, -0.033656828105449677, -0.02071867138147354, 0.043143291026353836, 0.020040836185216904, 0.04760125279426575, -0.023903541266918182, -0.005102479364722967, 0.06703805178403854, -0.02432020753622055, 0.015278361737728119, 0.02984420210123062, 0.02147836796939373, 0.025184154510498047, -0.02144664339721203, 0.01963098533451557, 0.030672181397676468, 0.025143394246697426, -0.004883789457380772, 0.04354897141456604, 0.03626391291618347, -0.042081985622644424, -0.014958214946091175, -0.030240288004279137, -0.06993496417999268, 0.051939886063337326, -0.026834197342395782]",,"['efd89a9c9a0682d873a2d4441accc676d02bf946d45f31f88233b3d994ad7ff9', 'b3c301986d262ef6c832b6a66d8eeafba17a0988bb0252171f863d311ca1de1e', '54d22f001a17e14c5c1e52159211333e81bdd78dbef97da8a67798e0a2b661ec', '0152df90580c0b881e8a1d1696a478af6bd510162963c6e591cdc266833a1239', '587135e179a02ba36f6d08c9606827145fdcccb285c5ec59c3322e1767ee8034', 'bdbba086aec4c315f199346cf72b3a525d8cbb4bc1959c2526e543547c5e0e40', '39938c81ba144ca6aa2f5fe8d60ba65f21cc152e9cd9c28e809c68323790f70d', 'cabdf58d5221fffbd487768efd4138c1dfe8ccd0e78108b90616bff12326051e', '5b3de8913e15ad1efdb0c6168202dc57fb51d04e8ee7956fd0ca35cbea572900', '6aa61aaba57ce3f4e9ae8137426d64c0f1ef8d33d77261378f71d8bffa165285', '7866536f9b8695c61604cf03d24d4e7bea93328e54d8f53522b1a797d220e160', '7d2cc293e0a1cfdf2bd81108833e47d820e70fb4974479a2962074d2f26b2218', '605539072c351f7087e307c0bd571503c8a141ab379fa906ea10d059c0a5f53a', 'ebeb483ddabbfb691e6adce9ae3b1626534b4dd914b8f5fea9f9773f56316cff', 'f8a4ae20fc33c1fde08056147a09e88e93b407d8dee1350697a25baa13188ba2', 'ffd3a805bcb242e8a9fbba36ec71e2543e07c4ee370ec88618a5c142fc746361', 'd149cb6b396b7da479d570cad59ca29032b911c8175e1b4fccbf88fe3e514adb', 'a8e43cd15f2f850e96637169c9ac1c370aeea23069cd6915d3bbedefcf3e6875', '8315a39e6b91a362a090c08901326b030381e2f9609a8d9a2acd9c1c1fc85da7', 'f4138ba4fa80e98ac53991686398c79b6cecb7e10b3ba5ef39521f0bec67eceb', '423036448adc50d42072c7e8c62c18fd46989ad4229d218ed000e83e234363dc', '3000f0098743309d5589192687535026049384c8dc19b2aa33b9dbec25f0b93b', '95dfdc09ec4ed9b48e46286722251ad254cc77f4a27c8e6ed1062e5edbaf2043', 'fdf0b69b44ab946c9c8074907215eaa740bda937cea507d13e7cf4e90c695f0a', 'e1257a314ecf9eb6de93e89086cfff9b1d9fd1ee05c36e76c1127cb3d3fcfcab']",1549116099925
642,9d205d47e8ea76fab46727b456761f3bc157c249c6e9de1a50bfadce0fbff5db,"[-0.2278808057308197, 0.10291069746017456, -0.012355372309684753, -0.1441802978515625, 0.05979460850358009, -0.07335308194160461, 0.1319177746772766, 0.2081390768289566, 0.007689299527555704, 0.1333296298980713, -0.017716361209750175, -0.013461476191878319, -0.1322544366121292, -0.08687713742256165, 0.028526538982987404, 0.015284218825399876, -0.09109916538000107, -0.007720993831753731, -0.01206938736140728, 0.08336047828197479, 0.10297069698572159, 0.04879571869969368, 0.029861515387892723, 0.046600744128227234, -0.03523240610957146, -0.07527356594800949, 0.05001255124807358, 0.016778867691755295, -0.038772162050008774, 0.02537364885210991, -0.021535776555538177, 0.031111884862184525, 0.020513689145445824, 0.03777134418487549, -0.013359125703573227, 0.0029229670763015747, -0.010382572188973427, -0.028385618701577187, -0.004142377525568008, -0.0412282757461071, -0.03880411013960838, -0.038021113723516464, 0.02171841450035572, 0.02913590334355831, -0.0006152642890810966, -0.00432431697845459, -0.030451040714979172, -0.030808068811893463, 0.1007671058177948, 0.006707940250635147]",,"['9790d1e3891086cb41f86bb4a06b58cceb3eda2969811555b984254c59ea83b5', '3ea8d0fd26f813fa05d934131b11ab36f9c6f4531c13c0fff4fd45de9ce79c64', '6d0e48b9636d6ad95663a519626d9b69e2db7438f41c2776faeed846f998e23a', '76b74cbfa1f3684f4df594765a8a0acb3323848147a4762ccc277413d26cef3a', 'dee680796fc1f8e999157acc6c0a31effda57d00e7c053df64b10db74c44955e', 'ec26beddac9944c863d1f3947ad6cd8787e3bbdda3270fead16b9faa94e266fe', '62bbf71a56099e66ace68fd8605a6c611c66bc4c9ef3ed14401ebf680d49e488', 'ce7a662813998742bf4f812a190a1937e38146656eabaa521909f66f5d4d7496', 'ff6c61002083a57c8185fec8e5866aa00db8299d477c3dcf872842b4925624bb', '84246dd0019bc27fd06f3b2633cdd194b8646185bea7d1f873a2cefaa6131cba', '0c173c7e60d3fe3f836020299aee01964d4db383cfc22850648683fd7c894866', '3befa73284e27b82724b9cac6d14157aa6f6601075cfd705a890c9462fa06af4', '3c78cf965b9d226515ff8dbb9b8902f1aebfa0e11906140facb474e2e10599ca', '176dca15c7feb509663b92c8e442f501d84ac3e53f0b31525ab525783dee31c3', 'b6365335399f7c5bd76f9af93337c5b0f043ed92804d985bc8e2fcf451db074f', '22ce8533cff1189044c65984b74cd681ed2de11eb1c4f15eeffefca73536f38e', 'b137ebc4177e70dd4ef5961e924468fc4cbbc0f10ddad72991497141963d1709', 'cce70933fc6f57bc8298bba7ff18c3669a1d7093ca151b76233f0d58855f990d', '36bd5b73c7ef1c9d884e6362a614b48ce039e06e73706740ad1f140798a8351b', '97b0d58fc2ff2ce46bbc85b8a98d8850f14ac577fbbff88299f7f323c2987c3b', 'c6f6c8dd6d272101e99bacffdb5656c4b490b1cccf1d1050c75521a48ba38bad', '8dd325ab21ad3979c398d08e948754e57d930d9f127c2f0a0c3516a026cd1b7b', 'e8be3a98bc723521eb313a4cf4166fdb59086a8d10d284862354511724ecb7c0', 'a8a77140b0835b30d2eedca521c59b1354f8bbcba8a20c0f38baf70b6c0ae414', '3ea116664e7dd10a8de6e015d8df9d1238ee90ee6e9dfc1ca2d49795dab14756']",1548674918094
643,9d205d47e8ea76fab46727b456761f3bc157c249c6e9de1a50bfadce0fbff5db,"[-0.2278808057308197, 0.10291069746017456, -0.012355372309684753, -0.1441802978515625, 0.05979460850358009, -0.07335308194160461, 0.1319177746772766, 0.2081390768289566, 0.007689299527555704, 0.1333296298980713, -0.017716361209750175, -0.013461476191878319, -0.1322544366121292, -0.08687713742256165, 0.028526538982987404, 0.015284218825399876, -0.09109916538000107, -0.007720993831753731, -0.01206938736140728, 0.08336047828197479, 0.10297069698572159, 0.04879571869969368, 0.029861515387892723, 0.046600744128227234, -0.03523240610957146, -0.07527356594800949, 0.05001255124807358, 0.016778867691755295, -0.038772162050008774, 0.02537364885210991, -0.021535776555538177, 0.031111884862184525, 0.020513689145445824, 0.03777134418487549, -0.013359125703573227, 0.0029229670763015747, -0.010382572188973427, -0.028385618701577187, -0.004142377525568008, -0.0412282757461071, -0.03880411013960838, -0.038021113723516464, 0.02171841450035572, 0.02913590334355831, -0.0006152642890810966, -0.00432431697845459, -0.030451040714979172, -0.030808068811893463, 0.1007671058177948, 0.006707940250635147]",,"['9790d1e3891086cb41f86bb4a06b58cceb3eda2969811555b984254c59ea83b5', '3ea8d0fd26f813fa05d934131b11ab36f9c6f4531c13c0fff4fd45de9ce79c64', '6d0e48b9636d6ad95663a519626d9b69e2db7438f41c2776faeed846f998e23a', '76b74cbfa1f3684f4df594765a8a0acb3323848147a4762ccc277413d26cef3a', 'dee680796fc1f8e999157acc6c0a31effda57d00e7c053df64b10db74c44955e', 'ec26beddac9944c863d1f3947ad6cd8787e3bbdda3270fead16b9faa94e266fe', '62bbf71a56099e66ace68fd8605a6c611c66bc4c9ef3ed14401ebf680d49e488', 'ce7a662813998742bf4f812a190a1937e38146656eabaa521909f66f5d4d7496', 'ff6c61002083a57c8185fec8e5866aa00db8299d477c3dcf872842b4925624bb', '84246dd0019bc27fd06f3b2633cdd194b8646185bea7d1f873a2cefaa6131cba', '0c173c7e60d3fe3f836020299aee01964d4db383cfc22850648683fd7c894866', '3befa73284e27b82724b9cac6d14157aa6f6601075cfd705a890c9462fa06af4', '3c78cf965b9d226515ff8dbb9b8902f1aebfa0e11906140facb474e2e10599ca', '176dca15c7feb509663b92c8e442f501d84ac3e53f0b31525ab525783dee31c3', 'b6365335399f7c5bd76f9af93337c5b0f043ed92804d985bc8e2fcf451db074f', '22ce8533cff1189044c65984b74cd681ed2de11eb1c4f15eeffefca73536f38e', 'b137ebc4177e70dd4ef5961e924468fc4cbbc0f10ddad72991497141963d1709', 'cce70933fc6f57bc8298bba7ff18c3669a1d7093ca151b76233f0d58855f990d', '36bd5b73c7ef1c9d884e6362a614b48ce039e06e73706740ad1f140798a8351b', '97b0d58fc2ff2ce46bbc85b8a98d8850f14ac577fbbff88299f7f323c2987c3b', 'c6f6c8dd6d272101e99bacffdb5656c4b490b1cccf1d1050c75521a48ba38bad', '8dd325ab21ad3979c398d08e948754e57d930d9f127c2f0a0c3516a026cd1b7b', 'e8be3a98bc723521eb313a4cf4166fdb59086a8d10d284862354511724ecb7c0', 'a8a77140b0835b30d2eedca521c59b1354f8bbcba8a20c0f38baf70b6c0ae414', '3ea116664e7dd10a8de6e015d8df9d1238ee90ee6e9dfc1ca2d49795dab14756']",1548674918094
644,9d205d47e8ea76fab46727b456761f3bc157c249c6e9de1a50bfadce0fbff5db,"[0.02821214683353901, -0.2322729229927063, 0.024710990488529205, 0.0967855453491211, 0.08383326977491379, 0.028727684170007706, 0.005953928455710411, 0.008219078183174133, -0.023625077679753304, -0.054720088839530945, 0.00965749379247427, 0.0005602063611149788, -0.017209194600582123, -0.03816930949687958, 0.007430854719132185, -0.05973387882113457, -0.0250749159604311, 0.016301453113555908, 0.021463962271809578, -0.007662632968276739, -0.015044215135276318, -0.00849185325205326, 0.027051318436861038, 0.03500405699014664, 0.006402364932000637, -0.003911581356078386, -0.005350162740796804, 0.050678376108407974, 0.01980874314904213, -0.008365534245967865, -0.0027547539211809635, -0.019687270745635033, -0.02239685133099556, 0.007090465165674686, -0.009418800473213196, -0.02401973493397236, 0.025198284536600113, -0.0054250298999249935, -0.01972378045320511, -0.026393216103315353, 0.011920040473341942, -0.04273274540901184, 0.04474964737892151, -0.01906769722700119, -0.02834830805659294, 0.0002546114847064018, 0.000797332264482975, -0.01611235924065113, 0.0259874165058136, -0.005307201761752367]",,,1548675592096
645,9d205d47e8ea76fab46727b456761f3bc157c249c6e9de1a50bfadce0fbff5db,"[0.02821214683353901, -0.2322729229927063, 0.024710990488529205, 0.0967855453491211, 0.08383326977491379, 0.028727684170007706, 0.005953928455710411, 0.008219078183174133, -0.023625077679753304, -0.054720088839530945, 0.00965749379247427, 0.0005602063611149788, -0.017209194600582123, -0.03816930949687958, 0.007430854719132185, -0.05973387882113457, -0.0250749159604311, 0.016301453113555908, 0.021463962271809578, -0.007662632968276739, -0.015044215135276318, -0.00849185325205326, 0.027051318436861038, 0.03500405699014664, 0.006402364932000637, -0.003911581356078386, -0.005350162740796804, 0.050678376108407974, 0.01980874314904213, -0.008365534245967865, -0.0027547539211809635, -0.019687270745635033, -0.02239685133099556, 0.007090465165674686, -0.009418800473213196, -0.02401973493397236, 0.025198284536600113, -0.0054250298999249935, -0.01972378045320511, -0.026393216103315353, 0.011920040473341942, -0.04273274540901184, 0.04474964737892151, -0.01906769722700119, -0.02834830805659294, 0.0002546114847064018, 0.000797332264482975, -0.01611235924065113, 0.0259874165058136, -0.005307201761752367]",,,1548675592096
646,1db7a8d0b2bbf8d1f17aac735d2196cae2ae88ccce9854e6144050552d5e2c7e,"[-0.16906487941741943, 0.03673398494720459, -0.167194664478302, -0.003871050663292408, -0.14461341500282288, 0.1171424388885498, -0.03610263764858246, -0.026875587180256844, -0.057186491787433624, -0.09961795806884766, -0.0646357536315918, 0.0028592487797141075, -0.048694632947444916, -0.087847501039505, -0.020188061520457268, -0.01515103131532669, -0.03777968883514404, -0.12438028305768967, -0.03579048812389374, 0.01732901856303215, 0.0806913748383522, 0.09241170436143875, 0.013540847226977348, -0.025719448924064636, -0.13444960117340088, -0.09849214553833008, -0.026386694982647896, 0.09133978188037872, 0.10964565724134445, 0.020407330244779587, -0.016232475638389587, 0.11831961572170258, 0.030791182070970535, 0.0014473572373390198, -0.03849255293607712, -0.04718414321541786, 0.042922645807266235, -0.04196319729089737, 0.02596134878695011, -0.030500223860144615, 0.023999545723199844, 0.00761575810611248, -0.022721264511346817, 0.08867210894823074, -0.01979011297225952, -0.024710888043045998, -0.09415407478809357, -0.07483305037021637, 0.23102863132953644, 0.02773391455411911]","['7df3a5aa1067e7d2a5c5d6b56f5c11f0d598f2d3de5314160f99e7638af52138', '7df3a5aa1067e7d2a5c5d6b56f5c11f0d598f2d3de5314160f99e7638af52138', '7df3a5aa1067e7d2a5c5d6b56f5c11f0d598f2d3de5314160f99e7638af52138', '7df3a5aa1067e7d2a5c5d6b56f5c11f0d598f2d3de5314160f99e7638af52138', '7df3a5aa1067e7d2a5c5d6b56f5c11f0d598f2d3de5314160f99e7638af52138']","['7b002cbbc7f1f8d94e9dd50c91a6615fc819bc7fc4bbf7a3d8d31306e00d871b', '580f7060018fb840f106bca8ce8bc3a9cfc2a2f5d1d6f86cc7cc426149c4a278', '2c25c860ab84d5ec62f3b693a3230d7e89c0603130d841ef831367fcfdda4413', 'c2c1e01cf8b524150fa66e722ee977ee8cc1359d0979a89cbe21e18d587e471d', '604d5c692111a1e7bcfa55709732916a3a776fa478e51a12e13365cb5c2de0a9', '77acf1e190abcb2e75715a9ca93587acaea3b429d67df13c1dc3215b4565e270', '0152df90580c0b881e8a1d1696a478af6bd510162963c6e591cdc266833a1239', '587135e179a02ba36f6d08c9606827145fdcccb285c5ec59c3322e1767ee8034', 'bdbba086aec4c315f199346cf72b3a525d8cbb4bc1959c2526e543547c5e0e40', '1146eeff3b496da7f599fdf3d060ef1e83372693a37317d4107a0907834f8fb1', '39938c81ba144ca6aa2f5fe8d60ba65f21cc152e9cd9c28e809c68323790f70d', 'cabdf58d5221fffbd487768efd4138c1dfe8ccd0e78108b90616bff12326051e', '5b3de8913e15ad1efdb0c6168202dc57fb51d04e8ee7956fd0ca35cbea572900', '6aa61aaba57ce3f4e9ae8137426d64c0f1ef8d33d77261378f71d8bffa165285', '7866536f9b8695c61604cf03d24d4e7bea93328e54d8f53522b1a797d220e160', '7d2cc293e0a1cfdf2bd81108833e47d820e70fb4974479a2962074d2f26b2218', '670397bfb448830eb7529e59b71182ad48520500e9ef52428f42b612ca83def2', '83431acbf4a5b062bb1c4df1a8a5d9c9538d43fe450b588d768f07a1b48fada9', 'bc87065e89638de11a18b689065581eca8377e8de3baf250603a01eda261fc7f', '953c040d17d9a400efc1788d6f0b3c28f19f1f0cb080bb29be33dc9ccef13c40', '54d22f001a17e14c5c1e52159211333e81bdd78dbef97da8a67798e0a2b661ec', '8315a39e6b91a362a090c08901326b030381e2f9609a8d9a2acd9c1c1fc85da7', 'f4138ba4fa80e98ac53991686398c79b6cecb7e10b3ba5ef39521f0bec67eceb', '38bb985d2590e1bcf2bd56635fa460c5216d36a73ebbf4801136622bfd97cc94', '6059de3f30dc067135fd2dc210268067b9df66311b93cd56ecdc47e4e70ef566']",1548604532927
647,04b6f68cd47e54cd1433c776ac6ee8e6cbd3f6428a0d8d6bbe31c643adfcfea4,"[-0.13910366594791412, -0.10413476824760437, 0.08651025593280792, 0.018622221425175667, -0.035154614597558975, 0.07659550756216049, 0.42078906297683716, 0.0813802033662796, -0.01851210929453373, -0.03861311078071594, 0.053411975502967834, 0.07357828319072723, -0.08507576584815979, 0.0027792705222964287, -0.05872534215450287, 0.0027126113418489695, -0.04812764376401901, -0.023141484707593918, -0.011215217411518097, 0.03600557520985603, 0.006321331486105919, -0.002394324168562889, -0.00905818585306406, 0.04263395816087723, -0.010028800927102566, -0.01481737568974495, 0.004433814436197281, -0.03472045063972473, -0.06280671805143356, 0.006535371765494347, -0.033069029450416565, 0.00946233980357647, -0.022649172693490982, 0.026003224775195122, -0.0042114779353141785, 0.0417800135910511, -0.015605416148900986, -0.0012591304257512093, -0.010288036428391933, 0.024868374690413475, -0.015018776059150696, -0.015376497060060501, 0.036452218890190125, 0.016628332436084747, 0.019844602793455124, -0.026272675022482872, -0.010903536342084408, -0.036089397966861725, -0.007564829662442207, -0.0022554490715265274]",,"['642306f7ba20b105131861e630929f4167f5bf3537203c4650dfc18bbf4e171f', 'eb8da0f56c05c4d5267f2587fe268896e6502ddbb3a23f8307b8ca4f91031ede', 'cef3f21b878d7c8bcafed6314cec794c50c3f06bd9e0cd09d4df5a9cee18e6b8', '3bb1da6c5b5c07eba3506b1176f92fc68a042d904babb9fa026aff8bdccd34da', '250262d6fa22f6feb88369c1b97c7b3ba1a7a95a06fe5ebcaeab500ed90a4c16', '476c9b3719ecac16dec730a8432e21e7337781d5d738f182d2ae0624ba52abf8', '8236a961d6ab8e3c42d0dfb21d6bd02cf06362054f7f5179660f26f69fa361dc', 'c3b0916415e119da78c0746cfaeaa6dc806f3076718c9c703337d75d9d61eb4f', 'ce9f7d1d983308f03a2da89e4d020494ca620c6184c2c98684ba63fb581e866c', 'a7d6bb944b150f2b118d688d7af68fdbaa25fa6a81bd3f714a4dddda9fae576c', 'c94786048fd6d3206741939a1586ba0ca3581e6e8a476628a4ee6b2794c416b7', '6375685cbf841f3a6572be7e66b53ba2e8ffefd05ce12038c3cb4c49d223f6ee', '02843952638f40f57661e1d4c37aa9b6c910455163dba2745a7b9ff1fd74c4da', '6fede06747be8eb40296fa87ac6705739d91c278c23abdaf9ea5d20d203e847c', '3ea8d0fd26f813fa05d934131b11ab36f9c6f4531c13c0fff4fd45de9ce79c64', '0b2d1aeffe776256fa6664ff03fbd169e08a3c9cdcde83454bb3fb0736f91e8a', 'c17daa37dc5a0199940118e7edb402526fbca70929086f2e7ba042c5af2299b3', '1465ddaa8200c72b6dc9489fdfc65df666e7479e28c61cfe70bf438285b1b600', '7cdca1773736eb4c6db18d2fc3df1d522f19d4f148e55e6f98cce084682d25bf', '0fd4241689cb349f307de44ff8fda5b99e5f2dec24986f44f73cc6d6223a5a83', '89df91460aee20eec32a6c48675ef856973d12eac4c94dea2bc6a2380f07976b', 'dcc9da1936d2c8e82f4d2e89b908e508d7c19f67e33c62dbe7a9ed8a6b986c67', 'a44e7f70cfea75329ae86710da2333da4955c2ec90e3a0661c241c6aa10f3622', '69ec7b96df458dbc674c4afdea4f76e818341e99a146498ca9cb5acb0f660fd2', '8ea36b9be70e96438ffa1bbd7666f51da07bae997fc0beb683150eeaf0835b69']",1548212787727
648,04b6f68cd47e54cd1433c776ac6ee8e6cbd3f6428a0d8d6bbe31c643adfcfea4,"[-0.13910366594791412, -0.10413476824760437, 0.08651025593280792, 0.018622221425175667, -0.035154614597558975, 0.07659550756216049, 0.42078906297683716, 0.0813802033662796, -0.01851210929453373, -0.03861311078071594, 0.053411975502967834, 0.07357828319072723, -0.08507576584815979, 0.0027792705222964287, -0.05872534215450287, 0.0027126113418489695, -0.04812764376401901, -0.023141484707593918, -0.011215217411518097, 0.03600557520985603, 0.006321331486105919, -0.002394324168562889, -0.00905818585306406, 0.04263395816087723, -0.010028800927102566, -0.01481737568974495, 0.004433814436197281, -0.03472045063972473, -0.06280671805143356, 0.006535371765494347, -0.033069029450416565, 0.00946233980357647, -0.022649172693490982, 0.026003224775195122, -0.0042114779353141785, 0.0417800135910511, -0.015605416148900986, -0.0012591304257512093, -0.010288036428391933, 0.024868374690413475, -0.015018776059150696, -0.015376497060060501, 0.036452218890190125, 0.016628332436084747, 0.019844602793455124, -0.026272675022482872, -0.010903536342084408, -0.036089397966861725, -0.007564829662442207, -0.0022554490715265274]",,"['642306f7ba20b105131861e630929f4167f5bf3537203c4650dfc18bbf4e171f', 'eb8da0f56c05c4d5267f2587fe268896e6502ddbb3a23f8307b8ca4f91031ede', 'cef3f21b878d7c8bcafed6314cec794c50c3f06bd9e0cd09d4df5a9cee18e6b8', '3bb1da6c5b5c07eba3506b1176f92fc68a042d904babb9fa026aff8bdccd34da', '250262d6fa22f6feb88369c1b97c7b3ba1a7a95a06fe5ebcaeab500ed90a4c16', '476c9b3719ecac16dec730a8432e21e7337781d5d738f182d2ae0624ba52abf8', '8236a961d6ab8e3c42d0dfb21d6bd02cf06362054f7f5179660f26f69fa361dc', 'c3b0916415e119da78c0746cfaeaa6dc806f3076718c9c703337d75d9d61eb4f', 'ce9f7d1d983308f03a2da89e4d020494ca620c6184c2c98684ba63fb581e866c', 'a7d6bb944b150f2b118d688d7af68fdbaa25fa6a81bd3f714a4dddda9fae576c', 'c94786048fd6d3206741939a1586ba0ca3581e6e8a476628a4ee6b2794c416b7', '6375685cbf841f3a6572be7e66b53ba2e8ffefd05ce12038c3cb4c49d223f6ee', '02843952638f40f57661e1d4c37aa9b6c910455163dba2745a7b9ff1fd74c4da', '6fede06747be8eb40296fa87ac6705739d91c278c23abdaf9ea5d20d203e847c', '3ea8d0fd26f813fa05d934131b11ab36f9c6f4531c13c0fff4fd45de9ce79c64', '0b2d1aeffe776256fa6664ff03fbd169e08a3c9cdcde83454bb3fb0736f91e8a', 'c17daa37dc5a0199940118e7edb402526fbca70929086f2e7ba042c5af2299b3', '1465ddaa8200c72b6dc9489fdfc65df666e7479e28c61cfe70bf438285b1b600', '7cdca1773736eb4c6db18d2fc3df1d522f19d4f148e55e6f98cce084682d25bf', '0fd4241689cb349f307de44ff8fda5b99e5f2dec24986f44f73cc6d6223a5a83', '89df91460aee20eec32a6c48675ef856973d12eac4c94dea2bc6a2380f07976b', 'dcc9da1936d2c8e82f4d2e89b908e508d7c19f67e33c62dbe7a9ed8a6b986c67', 'a44e7f70cfea75329ae86710da2333da4955c2ec90e3a0661c241c6aa10f3622', '69ec7b96df458dbc674c4afdea4f76e818341e99a146498ca9cb5acb0f660fd2', '8ea36b9be70e96438ffa1bbd7666f51da07bae997fc0beb683150eeaf0835b69']",1548212787727
649,04b6f68cd47e54cd1433c776ac6ee8e6cbd3f6428a0d8d6bbe31c643adfcfea4,"[-0.25464576482772827, 0.1356690227985382, -0.11916711926460266, -0.1430894136428833, 0.08826331049203873, 0.14985692501068115, 0.14635923504829407, 0.26895371079444885, -0.06963439285755157, -0.036873091012239456, 0.001266940962523222, 0.07553689181804657, -0.07007469981908798, -0.14784711599349976, -0.00523756630718708, 0.011294713243842125, -0.12990343570709229, -0.07816606014966965, 0.025864776223897934, -0.01895551197230816, -0.06705935299396515, -0.00787776242941618, -0.010532286018133163, -0.03521740809082985, -0.033656828105449677, -0.02071867138147354, 0.043143291026353836, 0.020040836185216904, 0.04760125279426575, -0.023903541266918182, -0.005102479364722967, 0.06703805178403854, -0.02432020753622055, 0.015278361737728119, 0.02984420210123062, 0.02147836796939373, 0.025184154510498047, -0.02144664339721203, 0.01963098533451557, 0.030672181397676468, 0.025143394246697426, -0.004883789457380772, 0.04354897141456604, 0.03626391291618347, -0.042081985622644424, -0.014958214946091175, -0.030240288004279137, -0.06993496417999268, 0.051939886063337326, -0.026834197342395782]",,"['0152df90580c0b881e8a1d1696a478af6bd510162963c6e591cdc266833a1239', '587135e179a02ba36f6d08c9606827145fdcccb285c5ec59c3322e1767ee8034', 'bdbba086aec4c315f199346cf72b3a525d8cbb4bc1959c2526e543547c5e0e40', '39938c81ba144ca6aa2f5fe8d60ba65f21cc152e9cd9c28e809c68323790f70d', 'cabdf58d5221fffbd487768efd4138c1dfe8ccd0e78108b90616bff12326051e', '5b3de8913e15ad1efdb0c6168202dc57fb51d04e8ee7956fd0ca35cbea572900', '6aa61aaba57ce3f4e9ae8137426d64c0f1ef8d33d77261378f71d8bffa165285', '7866536f9b8695c61604cf03d24d4e7bea93328e54d8f53522b1a797d220e160', '7d2cc293e0a1cfdf2bd81108833e47d820e70fb4974479a2962074d2f26b2218', 'efd89a9c9a0682d873a2d4441accc676d02bf946d45f31f88233b3d994ad7ff9', 'b3c301986d262ef6c832b6a66d8eeafba17a0988bb0252171f863d311ca1de1e', '54d22f001a17e14c5c1e52159211333e81bdd78dbef97da8a67798e0a2b661ec', '8315a39e6b91a362a090c08901326b030381e2f9609a8d9a2acd9c1c1fc85da7', 'f4138ba4fa80e98ac53991686398c79b6cecb7e10b3ba5ef39521f0bec67eceb', '423036448adc50d42072c7e8c62c18fd46989ad4229d218ed000e83e234363dc', '605539072c351f7087e307c0bd571503c8a141ab379fa906ea10d059c0a5f53a', 'ebeb483ddabbfb691e6adce9ae3b1626534b4dd914b8f5fea9f9773f56316cff', 'f8a4ae20fc33c1fde08056147a09e88e93b407d8dee1350697a25baa13188ba2', 'ffd3a805bcb242e8a9fbba36ec71e2543e07c4ee370ec88618a5c142fc746361', 'd149cb6b396b7da479d570cad59ca29032b911c8175e1b4fccbf88fe3e514adb', 'a8e43cd15f2f850e96637169c9ac1c370aeea23069cd6915d3bbedefcf3e6875', '95dfdc09ec4ed9b48e46286722251ad254cc77f4a27c8e6ed1062e5edbaf2043', 'fdf0b69b44ab946c9c8074907215eaa740bda937cea507d13e7cf4e90c695f0a', '3000f0098743309d5589192687535026049384c8dc19b2aa33b9dbec25f0b93b', '63416db99b765f2db30ffd88baa440422a0007bcb64821f9182df76b9d5e3a44']",1548212801666
650,04b6f68cd47e54cd1433c776ac6ee8e6cbd3f6428a0d8d6bbe31c643adfcfea4,"[-0.25464576482772827, 0.1356690227985382, -0.11916711926460266, -0.1430894136428833, 0.08826331049203873, 0.14985692501068115, 0.14635923504829407, 0.26895371079444885, -0.06963439285755157, -0.036873091012239456, 0.001266940962523222, 0.07553689181804657, -0.07007469981908798, -0.14784711599349976, -0.00523756630718708, 0.011294713243842125, -0.12990343570709229, -0.07816606014966965, 0.025864776223897934, -0.01895551197230816, -0.06705935299396515, -0.00787776242941618, -0.010532286018133163, -0.03521740809082985, -0.033656828105449677, -0.02071867138147354, 0.043143291026353836, 0.020040836185216904, 0.04760125279426575, -0.023903541266918182, -0.005102479364722967, 0.06703805178403854, -0.02432020753622055, 0.015278361737728119, 0.02984420210123062, 0.02147836796939373, 0.025184154510498047, -0.02144664339721203, 0.01963098533451557, 0.030672181397676468, 0.025143394246697426, -0.004883789457380772, 0.04354897141456604, 0.03626391291618347, -0.042081985622644424, -0.014958214946091175, -0.030240288004279137, -0.06993496417999268, 0.051939886063337326, -0.026834197342395782]",,"['0152df90580c0b881e8a1d1696a478af6bd510162963c6e591cdc266833a1239', '587135e179a02ba36f6d08c9606827145fdcccb285c5ec59c3322e1767ee8034', 'bdbba086aec4c315f199346cf72b3a525d8cbb4bc1959c2526e543547c5e0e40', '39938c81ba144ca6aa2f5fe8d60ba65f21cc152e9cd9c28e809c68323790f70d', 'cabdf58d5221fffbd487768efd4138c1dfe8ccd0e78108b90616bff12326051e', '5b3de8913e15ad1efdb0c6168202dc57fb51d04e8ee7956fd0ca35cbea572900', '6aa61aaba57ce3f4e9ae8137426d64c0f1ef8d33d77261378f71d8bffa165285', '7866536f9b8695c61604cf03d24d4e7bea93328e54d8f53522b1a797d220e160', '7d2cc293e0a1cfdf2bd81108833e47d820e70fb4974479a2962074d2f26b2218', 'efd89a9c9a0682d873a2d4441accc676d02bf946d45f31f88233b3d994ad7ff9', 'b3c301986d262ef6c832b6a66d8eeafba17a0988bb0252171f863d311ca1de1e', '54d22f001a17e14c5c1e52159211333e81bdd78dbef97da8a67798e0a2b661ec', '8315a39e6b91a362a090c08901326b030381e2f9609a8d9a2acd9c1c1fc85da7', 'f4138ba4fa80e98ac53991686398c79b6cecb7e10b3ba5ef39521f0bec67eceb', '423036448adc50d42072c7e8c62c18fd46989ad4229d218ed000e83e234363dc', '605539072c351f7087e307c0bd571503c8a141ab379fa906ea10d059c0a5f53a', 'ebeb483ddabbfb691e6adce9ae3b1626534b4dd914b8f5fea9f9773f56316cff', 'f8a4ae20fc33c1fde08056147a09e88e93b407d8dee1350697a25baa13188ba2', 'ffd3a805bcb242e8a9fbba36ec71e2543e07c4ee370ec88618a5c142fc746361', 'd149cb6b396b7da479d570cad59ca29032b911c8175e1b4fccbf88fe3e514adb', 'a8e43cd15f2f850e96637169c9ac1c370aeea23069cd6915d3bbedefcf3e6875', '95dfdc09ec4ed9b48e46286722251ad254cc77f4a27c8e6ed1062e5edbaf2043', 'fdf0b69b44ab946c9c8074907215eaa740bda937cea507d13e7cf4e90c695f0a', '3000f0098743309d5589192687535026049384c8dc19b2aa33b9dbec25f0b93b', '63416db99b765f2db30ffd88baa440422a0007bcb64821f9182df76b9d5e3a44']",1548212801666
651,111d37f29ffd37b419cac8ceda36c3d1f04b6462c82c3749e38a489a018c968c,"[-0.13712197542190552, 0.0052198376506567, -0.0287886094301939, -0.013548420742154121, 0.08669736236333847, 0.07366630434989929, -0.031761154532432556, -0.06890769302845001, -0.16039980947971344, -0.0578044131398201, 0.1423504501581192, 0.0536663681268692, -0.05496836453676224, -0.031846798956394196, 0.053028903901576996, -0.07659221440553665, -0.002639816142618656, -0.041545260697603226, -0.1587001085281372, 0.031297147274017334, 0.033386290073394775, 0.10252836346626282, -0.06594373285770416, -0.0668293759226799, -0.06262411922216415, -0.09376876056194305, 0.0863359272480011, 0.10706137865781784, -0.09262896329164505, -0.08261795341968536, -0.04525958374142647, 0.0055829863995313644, 0.17562082409858704, 0.07661408931016922, 0.08111169934272766, 0.140409454703331, 0.22214354574680328, 0.15930277109146118, -0.025403417646884918, -0.0007063299417495728, -0.028084419667720795, -0.09427031874656677, -0.04001835733652115, 0.045919787138700485, 0.1960260570049286, 0.1461637318134308, 0.10907109081745148, -0.04710015654563904, 0.016474271193146706, 0.05536976456642151]",,,1549742769276
652,111d37f29ffd37b419cac8ceda36c3d1f04b6462c82c3749e38a489a018c968c,"[-0.18115884065628052, 0.11134185642004013, -0.11412173509597778, -0.0350608229637146, 0.059240683913230896, 0.05606728792190552, -0.04632626473903656, -0.1229931116104126, -0.10969404131174088, 0.013681208714842796, 0.13234996795654297, 0.061062879860401154, -0.12765146791934967, -0.09620287269353867, 0.006237475201487541, -0.15358804166316986, -0.03557531535625458, -0.054470643401145935, -0.09845805168151855, 0.07869816571474075, 0.07984654605388641, 0.21828749775886536, 0.011895176023244858, -0.0024133985862135887, -0.09904760122299194, -0.14456406235694885, 0.11378675699234009, 0.05753987655043602, -0.008085004985332489, -0.09456281363964081, -0.00938374362885952, 0.020532257854938507, 0.2969992756843567, 0.12459181994199753, 0.10754872113466263, 0.13721975684165955, 0.174588143825531, 0.09269578009843826, -0.04792892187833786, -0.023797281086444855, -0.05673069879412651, -0.0542852059006691, -0.05313365161418915, 0.12089107930660248, 0.1782989501953125, 0.19489239156246185, 0.14956963062286377, -0.014747856184840202, -0.007059986237436533, 0.06653270125389099]",['f73cbaae92e803fa4feafbaffdd0d437335a2dce78618b0b375dee15d78141e1'],"['b16ab84732af1cab60a883b07d9fe59537baa06568897bd0ea7371fde48a1920', 'f73cbaae92e803fa4feafbaffdd0d437335a2dce78618b0b375dee15d78141e1', 'eb677d510fecd844ae7a53cb8d44ea029ef9c2a64680f161ec10caa337819ac6', 'b4def69ae8757535a7fd1a5f23fc55d1b7328fc455336692b45e9fd0ae65b763', '7a8e318fb18337c0472c03d504ca07bc7a0956fb21a8ef3173e0e75ae3fcb1fc', 'bafca4beb96b2c5e37add1eec756af61f78edcb823324f51268a73dedead2980', '8847e948b413549dd09a6ffd8bb20b1b5c6f16c955ad3a1397d728c26d3aa06e', 'a5d6cd55289c618cc1467e92a70f19e153f3b7a03ab2560f38e0e89cdaffe9a6', '4be77cef706e1e44fcd0f8ed9e9d4c56ea313a0e09d689f2b64156a2e9249f5c', '8467380f85236838e555f5beec037d04822d4f969b13244ec4b2e1b2f61798c3', '0a7632e0fcf647897cd1b7aa0519f901ee4ad08233d676680e0f1a40635e79a0', 'dc4fa83c66dcf5837ea3e6efdc469acca25b40ad8c32fd25d8595e3fe367cf3b', '398ba0e4406008dd119f3a9f1f826bd258185c7bff56ce7619fe0aa1bd16d0fe', 'c4b6f2b166707028ad932eee534e5d6718e666cadb4693acc74853f3c635c1ad', 'fc3544a98b9ac23e0dc99210b88846bef35ca4f44d1769ec8457f7c991f032ff', '7843ceeaee1af51d6bb5866875c86b1ed4f4d69f8b9af9bb14b76e15cb63a89a', '330e21faef1f8a5d4f50e0fb90228ec2eb5dcefa76e1955c3f73a9d5b3465647', '5fbc9ae70770f675fb424e80edb56f361e62202bbbadd9773b48d30ed505edd9', '31997ad07c6b7dfc297afca632b19e918322900db3c81116f0939aed514568ca', '368690bc725d7bbc5307bd4ad018037dd1b96e615b1a607292ff6e632a79b61f', '80eecb66ec69fbfff8cc89ca2205a8d0eb98f4349aa4a975bd5a299129d04741', 'c15576bb8fbb601cd893829363457cf955401ee30cef1f77321f6e022f984c4e', 'd508ddc95a494ecadb51a9da8447264419b51e78cccd4fa749d7ea87e6a6ba6e', '7f02bfce0111c720e1ae345f18d166eb9d4c9fb8852123dcc93dc5aa9929b4d2', 'd8c45e3bd4bc9b2f8b8edf2b67d5721f310ed950f67b10af9c0004c9d623a9b9']",1549742800841
653,f239e7372c032912c8005d08b3811675af8c48536ec8302765871456c9ee3a86,"[-0.1480219066143036, 0.11013506352901459, -0.15310433506965637, -0.02676771581172943, 0.171722412109375, -0.1601550430059433, -0.022722408175468445, 0.16348810493946075, -0.07088936865329742, -0.013307509012520313, -0.10768167674541473, -0.08851563930511475, -0.06767018139362335, -0.06244880333542824, 0.01482946053147316, 0.039047010242938995, -0.07113876193761826, -0.0059371995739638805, 0.00011317245662212372, -0.06334435939788818, -0.07618233561515808, 0.024134516716003418, 0.008737731724977493, -0.041504841297864914, 0.06952323019504547, 0.01448144018650055, 0.03551451489329338, -0.013147477991878986, 0.02396758459508419, -0.037071727216243744, -0.09821362793445587, -0.059507109224796295, 0.006675833836197853, -0.060452625155448914, 0.010223936289548874, -0.02221567928791046, -0.06684611737728119, 0.010738964192569256, 0.03075489215552807, -0.05591771751642227, -0.03940454497933388, 0.040152981877326965, -0.02271866984665394, 0.041098423302173615, -0.04317064583301544, 0.08240581303834915, 0.0832061767578125, -0.049433257430791855, -0.02950288914144039, 0.030918657779693604]",,"['bcc01a701228b8376ad0ea0c54aedc2307a42bb0d0c55f981c72ca97566edec9', '3c7af97e34741cbcbb1f7d36d06fb0d7041e9b17974e40c2faa76fd483a109b2', '0d382983154b8504be47df4084f653851602fb5fe7f703e5da97b4211d3f6b7e', '0160ec913bccf7ee16e6dd3d2929547ce1ff2bc2b6cae0468783462aa9bd6ce6', '9b0d9906b4d823e9721ac8026f47dca92aebea24aca8b407594bfea16906d846', 'ccf1f1fe253b982f6065b9e69ba870c918b74fe7f52957d8fc7f4b66c6cd96f3', '48820e10dbbe9a936bf3feddba97a7cdfb2f8ff4686473dbe09aaa86117883bc', '0be5c1e55c5043e680c95112cb3c76ecfc1502016d42f35a74b4dcd2308fb2c6', 'f8c2536356a1e15c5c28b71df870a3584ac85d83a0a2d63fbdef98060ebe2858', '406c86460a6185462896c023de060c81c9ba296ae7b874d846909e3167468126', '6ab136c515c0f5f513ed015f9531d848fd19174de52898cd74d1e918e6e4a34f', '5f48696cebbefbd02c51a0eaa961c3cfbd232fa980e4f699b462547000c7d1b7', '77bba581c9b83b7cec1a14e0581b8caeaac2c65232d48cf402d792b57eeaeccf', 'eea023c1c5ff688545de1ec05094ac70f561cea3f0b52aa7bbf2c542ba206d69', '29fccbc945459e6b8dbf2a49c441f738e28d0fd107d2ca29beecfb8eb32e769c', '8e3ea28ed7afe2fa150bf64d4029827c5c621c68a12d96c45d5e74539bffa882', 'dfaef610a012f745f40037b66188e3be81cf29cf880552db945e2273d8ddf07d', 'dd75b0c1d9260d7a5c1ed82e6cec8ee90e5a58b4923127e9782a8360615b6f76', '611e54d940104de788aba381feb466c1b7d5ad9049bae914787ef34d0ed75821', '12781fad194c86945c8371f140ef56682c64933d9f344b19ded2bcad8c2aaeaf', '245ec69e16ab6b2f2acca793ca723a2fea9f8784d735a174d1cb681b54674188', 'b0979de864ad7a71fdb964d6961abcb356094a6cc94ef9e79d0cd3984bb70d4e', '5fbf44a8722b1b2d88aff5672cdde670f61704f30e35ded5650838e33eb41dfc', '814fe591771e32162864d25e98925609ad09c4a99a786badada0aca2af3b47a9', 'a04a0ae1ca5e49c345c6dd1529e2d528a978322bbd1e0c3d8bafc83a5f5d37ca']",1548464902595
654,4f9e5a9c2cb38bdaef270d3a1ef6fa4fdecf44c6ce12db725d0045bdf456053c,"[-0.007882005535066128, -0.30051958560943604, 0.14052534103393555, 0.031045276671648026, 0.006910708267241716, -0.0452650785446167, 0.04300998896360397, -0.009068839251995087, 0.015382951125502586, 0.04264800250530243, -0.0166410394012928, -0.06121791899204254, 0.005890320520848036, -0.034504279494285583, -0.05210854113101959, -0.005700213834643364, 0.023965636268258095, 0.013109111227095127, 0.08940150588750839, 0.0275128111243248, 0.0015249999705702066, 0.03943055495619774, 0.042928341776132584, -0.04783305525779724, 0.020897721871733665, -2.8108246624469757e-05, 0.02528267167508602, 0.018906813114881516, 0.045222725719213486, 0.0022756997495889664, 0.03879249095916748, 0.02598058432340622, -0.05066318064928055, 0.010980166494846344, 0.00367911159992218, 0.012992266565561295, 0.014809141866862774, -0.022048311308026314, 0.016047708690166473, -0.0070070307701826096, 0.006768216844648123, -0.04419863224029541, 0.049938660115003586, -0.004607035778462887, -0.02976674772799015, -0.0008192260283976793, 0.0236878152936697, 0.005922497250139713, -0.025957582518458366, -0.026294223964214325]",,,1548089598239
655,4f9e5a9c2cb38bdaef270d3a1ef6fa4fdecf44c6ce12db725d0045bdf456053c,"[-0.007882005535066128, -0.30051958560943604, 0.14052534103393555, 0.031045276671648026, 0.006910708267241716, -0.0452650785446167, 0.04300998896360397, -0.009068839251995087, 0.015382951125502586, 0.04264800250530243, -0.0166410394012928, -0.06121791899204254, 0.005890320520848036, -0.034504279494285583, -0.05210854113101959, -0.005700213834643364, 0.023965636268258095, 0.013109111227095127, 0.08940150588750839, 0.0275128111243248, 0.0015249999705702066, 0.03943055495619774, 0.042928341776132584, -0.04783305525779724, 0.020897721871733665, -2.8108246624469757e-05, 0.02528267167508602, 0.018906813114881516, 0.045222725719213486, 0.0022756997495889664, 0.03879249095916748, 0.02598058432340622, -0.05066318064928055, 0.010980166494846344, 0.00367911159992218, 0.012992266565561295, 0.014809141866862774, -0.022048311308026314, 0.016047708690166473, -0.0070070307701826096, 0.006768216844648123, -0.04419863224029541, 0.049938660115003586, -0.004607035778462887, -0.02976674772799015, -0.0008192260283976793, 0.0236878152936697, 0.005922497250139713, -0.025957582518458366, -0.026294223964214325]",,,1548089598239
656,078fccac32d16ff8e4bd78a0d9dc6b64c7f14c334b3d6f54c1861a8765894578,"[-0.00877632200717926, -0.20908987522125244, 0.07639554142951965, 0.002402993617579341, 0.2547188401222229, 0.011962883174419403, 0.08120346069335938, -0.00013462360948324203, -0.011356593109667301, 0.07799040526151657, -0.022378766909241676, -0.05771542340517044, -0.04171445220708847, -0.007480968721210957, -0.006629515439271927, 0.11559980362653732, 0.20334666967391968, -0.0013344977051019669, 0.03222457692027092, -0.02063201181590557, -0.058790821582078934, 0.08357454091310501, -0.07020574063062668, 0.10475600510835648, 0.05681487172842026, -0.06300826370716095, 0.014881420880556107, 0.09789837896823883, 0.033558424562215805, -0.002753748092800379, -0.01984303817152977, 0.021613389253616333, -0.03752494230866432, -0.001054098829627037, -0.040330614894628525, 0.004698833450675011, -0.0022080643102526665, 0.027011681348085403, -0.03605344146490097, 0.002087500412017107, -5.337945185601711e-05, 0.023247767239809036, -0.010777585208415985, -0.016988638788461685, -0.02790769562125206, -0.030706174671649933, 0.0005234577693045139, 0.03400879353284836, 0.026997357606887817, 0.016400961205363274]",,"['e4ab007af78b7a412eff8602738d480e35244ffef57b581d2f0db39555f6a0aa', 'bd3cc27ad1ee2f35dc2d4d1c3facbc73142f1012321176277aab1cfad4cb8ef2', 'eca78bfa032275d9dd470a79d3f23160a0802c7753958648ac3569635fe9d0c8', '7096990e20e9ade2ea3f541802ebcf74902e4d9c6663bd05be2352112f49bc15', '179b82df088162286f8aea038beb5f72b863b2e9580204e35a942d0f7d9bf1db', 'ee7ff9d022d9d412d71bae2d3c8a89fb583491eb51e954bc2d1b44bafcd5788f', 'd3675c181fee0289b88b8781957bfcb1b025f61561f15d37934cf5a94793f266', '24388276593be6d8526c3bc867e2e33b89cf8e145d6497a3988b4c7c868075a9', '14508c22da411b84da36e212e140e78c362bcdb04c5ee44e0f3c4b377b3ff61b', 'fa4f6ed1a464c9898b9dc69d494574c508201c333d2ec16806616bd7a60a631f', 'a531450bd981f8e20d19ce734c59b62db597f770bbcc1ee4119aebc49dfaed5f', 'c0dc796d30424b4434a0922bd7c7675c955e9821c059d131ae1e2c21ef5b7712', 'dcc1299129bb1bc5810294550b9db16b99109c8b84c49dcb93ce913e130d51c2', '7d90d0e033dfd75325380a15338118f83fce084cd715df723bef222392b6d584', 'ea355f329ba9b32ce949d3c519b2c0bc99953d536a12a6081798f4ea461d4495', '3cfebdebd907f34b0a7aea3bc80a3520d6ef748e983e19aa34c122c7fd541b2d', '4b365896af7aa0af1a3dd4a35a4da3fc37cac51441e1ad309c677393fbf15648', 'c86cd62c4a623a7d2ac6d9565da66b7d952d51151038c70190893a4a96dfe605', 'e3c30b1ca9efaf74fb64a74f2416121d3efe169936d8a7a35fa9a5a656ba0158', '9a8616d33af4aef0a159df2caa64228e1a2bebdae2cd434880a9cf7590273959', 'dcf04abee757c821bd397d978010f021286b4a9ad13782695e3fdfea7d033a25', 'c7f3d573c517527c40ba910fe0301f22bc96c0e0d0763571300d8a756b71825f', '8844913b133460455b70fdf27ec0c9b9f68a34da199b83af2a4186fe25257268', '3abd8355a2907800a1e330028e470a40c5beb9542c5b1901c8c31dd22ee6ce0a', 'fa14d48912c39e2c04c0f9eaf8194267006a7bdcd3d3620c1ad53a29e5126710']",1547928631475
657,078fccac32d16ff8e4bd78a0d9dc6b64c7f14c334b3d6f54c1861a8765894578,"[-0.11537611484527588, -0.07522432506084442, -0.0126784797757864, -0.07476168125867844, 0.18941056728363037, 0.027725744992494583, 0.04269448295235634, -0.05165346339344978, -0.03881407529115677, 0.0042555080726742744, -0.03203963115811348, -0.07850588858127594, -0.0603591650724411, -0.0035846028476953506, -0.006930806208401918, 0.11401212215423584, 0.19067908823490143, 0.016500473022460938, -0.003210950642824173, -0.02769346907734871, -0.054909009486436844, 0.08063778281211853, -0.059378378093242645, 0.10342209041118622, 0.04938836395740509, -0.027936706319451332, -0.00791105255484581, 0.06521442532539368, -0.00019440706819295883, -0.007879339158535004, -0.03227531909942627, 0.015191528014838696, -0.02187519334256649, -0.019922105595469475, -0.04585036262869835, 0.023835869506001472, -0.015570675022900105, 0.017196301370859146, -0.0360075905919075, 0.017989685758948326, -0.0014902935363352299, 0.0333433523774147, -0.017480548471212387, -0.016051704064011574, -0.022260278463363647, -0.035183798521757126, 0.007519190199673176, 0.021619655191898346, 0.014232927933335304, 0.01885811612010002]",,"['1902375235296663bee50b05416e42fd42de165b62b7345e665f97ce0e2b266b', '80c46faa8fec15865d7121a5ee67c7447ab5860c9a8025f31a3201d968f16d44', 'fc1837c3b35c81a2a451b020e28e16b54eaba93c59fa363b0bb93a4315d761b1', '9b7dedad03d5c5c4f73e8fe65b3ede576a026c8c269d18a6694132c140aaaa72', 'b11e09db06ad23bb596922933b4e8c1f2f9f1a4d050607e4e706a0e5fd07d0f9', '0dc4f6b69aa081a7863d4d58ff21bf3cdd7d0671503c5d5fa68500d1cb1940e0', 'ff2f50e49b713b9db132c34e0e897cef1266edf99cb4af038a28583b6e33111c', 'dc8afca1c5a2ec75d428d4e69fa7ae07d9050445b6222dd01d1b5a815fb884c7', 'fd0c03cb59d56490c8cc82660d5d9a1c4c6614b93b6e949c75c233e1423c7924', '311fb590f890277105e46d64fb75186b644250f0992e63aa64a7afca420d5a76', '1a7764f4acab5f8aa85d36d977ac3155a670aeab2dbeeed283b06be236644667', '33c8434417c103de42e96b986e11b19ca26ee5632d697c6ab3b1e071c02bc7d7', 'd01bb4fb6ef8f33b989aa85b8ce133be0ce173bd5cd6d30dc99507891f532666', 'a41ef891123a7c2cc2e4ac6354cea53564dc1b78a5d66faf310b2ff84714f6ea', '39336431182b59fc8bdb99e8b0c808795e78c281c5ff0c51cbc75dead4f46308', '88f7d1afe2d55c80310e40804458dbaa0018f454531805ebe20751ac8e6adaa1', 'ff625f983f3ab3211e07b24a03a4fb9cefa4905368dbc3da041dc91e37880156', '124ac882fc0bf6caae873d52b5c0e4a8e76b2f5f059fad47f4ec25ec1948f864', '6feed7a26919342bc6c0586f0db53cfb477a1f16485967ca7535caad6a739d89', 'bd119666a8e31bca7cc30b5eb013c382f461bbb15d7a612cc3becc7270fcb21e', 'f763c389a229a9acb08a0004f58a9c5963dab20005563581ee4297b607879029', 'e919b66bdf8a6f84b35633520908ed5e6202d0fd49c85cd02dc19fbc1ac369ca', '01d83fee6178359be797cab755c4bbd6bb439b299264d98e433c432d9c1f3d42', '5205d5a6f2a559ffeaae9e8e5ade96292049b09fd403bbf98aec8f45afcaae3a', '5a18af7e4f171ca567ed8b87a25902d0cf1436af5c5a258ee375bea201d1ce30']",1547928649109
658,078fccac32d16ff8e4bd78a0d9dc6b64c7f14c334b3d6f54c1861a8765894578,"[-0.11181981861591339, -0.09898121654987335, 0.0007392619736492634, -0.08481220155954361, 0.21520517766475677, 0.015131250023841858, -0.05433323234319687, 0.24467340111732483, -0.02724100649356842, 0.018952127546072006, -0.04353761672973633, -0.0658762976527214, -0.02422395907342434, -0.06125601381063461, 0.06439132243394852, 0.02549203857779503, 0.006380940321832895, 0.02725585550069809, -0.0248582623898983, -0.011862282641232014, -0.001567094586789608, 0.011088518425822258, -0.0020559895783662796, -0.0384812206029892, -0.0003470005467534065, 0.028000175952911377, 0.0043648784048855305, -0.005122772883623838, -0.024057887494564056, 0.00457440922036767, -0.022871263325214386, 0.011430063284933567, 0.0007844013161957264, -0.007546493783593178, -0.00443500280380249, 0.0014565475285053253, -0.01556378323584795, -0.008215250447392464, -0.003105982206761837, 0.013942353427410126, -0.009319991804659367, 0.018682260066270828, -0.0009581758640706539, -0.005118352826684713, 0.009803823195397854, 0.008167527616024017, -0.0045323544181883335, 0.01200428232550621, 0.0055236113257706165, -0.006936121731996536]",,"['9b0d9906b4d823e9721ac8026f47dca92aebea24aca8b407594bfea16906d846', 'ccf1f1fe253b982f6065b9e69ba870c918b74fe7f52957d8fc7f4b66c6cd96f3', '48820e10dbbe9a936bf3feddba97a7cdfb2f8ff4686473dbe09aaa86117883bc', '0be5c1e55c5043e680c95112cb3c76ecfc1502016d42f35a74b4dcd2308fb2c6', 'f8c2536356a1e15c5c28b71df870a3584ac85d83a0a2d63fbdef98060ebe2858', 'b9e78444cca2676f7c8fa3d96e07946f3e0083eecd4356da36666460a50c9abc', '742207188652010e74b9a351cd800b63a96d5734f42045e1dbeed244381b19a8', '308d4a723466c68a87b151c8dd85533882595da0d5ffb26fcdd16535ff97dbee', '710dc33ed61ae82db5ac89e11dfae101f168a35bc9f963aa887553c79e74f8b6', '55a3a145aa1c7541736794ece457cb6c52ddc71857fa78c3f841d48485481ff6', '093f87a220846c0c454de3ccb752bfe4ba00f94dfad925f0f1c5b56ca6033891', '7b2000892b9bc856fc54106458c0ad9311d256d84ca5211c4bd2b17dc43f98db', 'f4fcf0d43cf7aa25d89d187198993a328304c41cbc23db93483572ef0d6802b4', '9588565cc89c6ddfd125db40a14efdf3613cd46b4c57bd3e0b19889bb21f1819', '1cbfe26d933cc27a92c72438efe2e1df96ed298aaa5acf61c95534b5483644fc', 'c2a8bfaed9821ac0c99519783061b0658bb9f7fcd1497586e2a7869122d99c67', 'aab60a087b9949090d6ffb0ea7b820f44ca2ac6ea87f35cb43b2f2912d231ac0', '87f84da0c27c4052166e521c7adc0e34fddce39e2ad7b9bf13b4ae7e040abbf1', '52294425542678c3859846877531c846af54cf46f51ba86ac75c482ad168be3d', 'bbf6078546e324f92ac92bb7606e4fbbc6a2349b558096f69dcc21a85e8e4da3', 'fd9eed5afeebd65efce2ae92f23b1dd8969b36823a24dc29e8312300fa102fbc', '81b8af9b98a804b8116ba89a8a3b789344d09e68f7873b117f661d046ff4afcf', 'cc1dedbc30fb7712b8fee9e821af2855d94ba60f758a289c6154395ab7d5cb09', '3fbcf5cb7a7427781244c9f26afce196fc96b996d3f6daf9228bcf40e71ca109', 'f161c8bf7ad314bb60f9954c192c80c3273eb9a9c4d672735f7d4eb75ebcc6be']",1547928732336
659,04b4925fbf18a9f4ed1489674c352bb78214e05f1eb63a62f5f60f39f57ce7dd,"[0.0898275151848793, -0.2715495526790619, 0.06170432269573212, 0.12134194374084473, 0.12053241580724716, -0.00894653145223856, 0.021039050072431564, -0.020186949521303177, 0.0029979117680341005, 0.07320159673690796, 0.025682605803012848, 0.05921000614762306, -0.0005603390745818615, -0.04700642079114914, -0.051888786256313324, -0.036313530057668686, -0.001271307235583663, 0.02338915877044201, 0.0691891461610794, -0.019316470250487328, -0.039584532380104065, -0.030001599341630936, -0.0067268549464643, 0.012898299843072891, -0.0014372412115335464, 0.009652639739215374, 0.0570734441280365, 0.0212261863052845, 0.008677632547914982, 0.03587070479989052, 0.03672331944108009, 0.014429913833737373, 0.009358463808894157, -0.0671151652932167, 0.029878495261073112, -0.06759113073348999, -0.0009106509387493134, 0.05492427200078964, -0.006024083588272333, 0.013385538943111897, 0.025767328217625618, 0.0033056719694286585, 0.028086615726351738, 0.057687416672706604, 0.016720494255423546, 0.029108114540576935, -0.011391210369765759, 0.0611705556511879, -0.025641005486249924, -0.007754010148346424]",,,1549599517575
660,2455e25fb1162d8ecbccbeffd8c03d16ceaed5f543bc1424ad3cd935e8816b05,"[-0.05343829095363617, -0.1683838963508606, 0.037975065410137177, 0.005758092738687992, 0.11633622646331787, 0.02431299164891243, 0.07888332009315491, -0.08063981682062149, -0.03014807030558586, -0.04655188322067261, -0.01497805304825306, -0.02458314597606659, 0.009523728862404823, -0.01414565835148096, -0.0017472561448812485, 0.017586294561624527, -0.013113178312778473, -0.00028207222931087017, 0.003747054375708103, 0.02192070707678795, 0.02997666224837303, 0.007591011002659798, 0.004929225891828537, -0.018130522221326828, 0.02107350528240204, -0.00392869021743536, -0.0148856732994318, 0.0017262515611946583, 0.0015481878072023392, -0.005211569368839264, -0.00013435212895274162, -0.009865048341453075, -0.02803376317024231, 0.018785640597343445, -0.01611044444143772, -0.01180140022188425, -0.01535036787390709, 0.00994873046875, -0.014017917215824127, 0.013018886558711529, 0.01298227533698082, -0.012399167753756046, 0.00031223008409142494, -0.012835264205932617, 0.003981287125498056, -0.011487917974591255, -0.002791482489556074, 0.01482146605849266, 0.016487272456288338, 0.006591205019503832]",,,1548358639807
661,2455e25fb1162d8ecbccbeffd8c03d16ceaed5f543bc1424ad3cd935e8816b05,"[-0.09358224272727966, -0.1241118460893631, -0.011905376799404621, -0.043822020292282104, 0.12639814615249634, 0.03535185381770134, 0.029465535655617714, -0.08906181156635284, -0.05525954067707062, -0.0351417176425457, 0.002628329675644636, 0.0021310800220817327, -0.002670925110578537, -0.0009105411008931696, -0.003974591381847858, 0.02666948363184929, 0.0028751890640705824, -0.009404937736690044, -0.036630723625421524, 0.03696395456790924, 0.016219953075051308, -0.018596041947603226, -0.033244647085666656, -0.0031526614911854267, 0.0024780842941254377, -0.00992417149245739, -0.03638800233602524, -0.03005451150238514, -0.018929647281765938, -0.015492892824113369, -0.0174415223300457, 0.014666564762592316, -0.016678089275956154, -0.014175314456224442, -0.011419083923101425, -0.007563755847513676, -0.0266052708029747, -0.008673669770359993, -0.008205141872167587, 0.02279297262430191, 0.01651928946375847, -0.014311582781374454, -0.013657334260642529, -0.005991755053400993, 0.020167365670204163, -0.01304839551448822, -0.010443725623190403, 0.006506501697003841, 0.0018048183992505074, 0.021359015256166458]",,['e495a6547c275e5bd9042f7a16930de56a7bd801ed618a7379277bc32427e632'],1548360615760
662,bde8f63bb9a081d4b62bfa2ba9e67e678e09717d75443e2c3411f5b159042d11,"[-0.18808923661708832, -0.0363435223698616, -0.003146539907902479, -0.20566947758197784, -0.05375436693429947, -0.10699611157178879, 0.06335893273353577, -0.13885444402694702, 0.0437098927795887, 0.0587320402264595, 0.0004540082300081849, 0.010362081229686737, 0.14626972377300262, -0.09149660170078278, 0.046961646527051926, 0.061475105583667755, 0.012539910152554512, -0.010967555455863476, 0.07528248429298401, -0.0038676541298627853, -0.07014530897140503, -0.038506001234054565, -0.029490549117326736, -0.07002061605453491, -0.025616120547056198, -0.03251238539814949, 0.04224461689591408, -0.02284364029765129, 0.015956003218889236, 0.042524732649326324, -0.039681531488895416, 0.0038574952632188797, 0.07024247199296951, 0.04288579523563385, -0.0776069313287735, 0.006780123338103294, 0.020794780924916267, 0.02766423299908638, 0.010860268026590347, 0.01573672518134117, 0.006435495801270008, -0.0252851489931345, 0.0047980803065001965, 0.0012658219784498215, -0.027645211666822433, -0.010592745617032051, 0.010354404337704182, -0.033358749002218246, -0.035721346735954285, -0.01445572916418314]",,"['94b14ac67962cba4ee987e918a906892aa6125361be26bfcac510e188d318db0', '8fac6e77d739bc057685fb722acecd08c1a3bf63ee8dda48e35cd346c12fd5f0', 'edd109091228b749251e89e695819eda189485889b7d312d6a58dd49882c7300', '2dd83d128118ff2275641f6c5d501bdff31cb01593b92ece662682fdfe025fdd', '99a3e4ae7a8685559771f0b6e7405ea6e9e487bcc144076e875620fdc69cfc17', 'e999dfcc8590c8ad8db552f75af7eb6eb2185b6edd0aa692ce7c48f86512919b', 'cc0d576d4d89d086e17fd7d86945cfcaa3c5b4a670014eedf12dc6362eca4c6b', 'eb710fc3670b2a5600d22c42b630d47bfa50fe3b40590ca9d6deb8dc524d15c2', 'c9a4f6d131cc022a8c1bb0992a7827d3ff8894e01e93092008ce9e87e92b4d4b', 'ccad423e3253b22083909f6764d0998fecac61ad2e6ae9c6728e5c5f32eb2a26', '57aebdf833a547e39d1ae3a710e98b9b75dde36688035ec9c22a0d3fdfc18230', '6dcbae09a6aca06bf1e018e733e31f829622e0083a2e1b6280ac067a9d235c79', 'c4bfcc4cc5253c0edc9af7ffc4c7a4f8f7e509475f31dc7ba6365ee75baa2c3d', '51236dcf820bb7fb839d65f20d90f805eef5ff80dd08bc438b9fa83dd0014f73', 'ee2b51e75f116935f64d23a10e42d5ec5d01baa02eaecfee892f7323f8be46e9', '7cdb35771e7d1dc4f59f6f7616a6bc796ca33d5d3d3729521ae14ab33be25b71', '7eecff9d88d2491f0ea76ce3c3bd1c2a4fcfab866d075086067f8a6ba0355774', 'eae4445c5ffec946471c533f12ce0024310cef1b524066ddb5c1fb139e29fe50', 'e41519fc44ef32f704321cd9c2c4c1aa8e44224c00dfac6d5c400e7be3356289', 'be11ccae8b3a9dc38eb1e81962ce8a556c9ef294c6c561924edde53df907d904', '9ba97f0625f95badb99ca4cc43897ed89701bf8c2e5e08dbd53a5358791d06b1', 'a544a632ecb67acbb3b909eaa312fedbe728d9ff62b9b86dc1438ee21e217782', '844c5e7facc17aa7fb8325d37b77a74d5464812d030fecaf0d0f1a0f99a7e32a', '37b745d6ab98dc3b680ab0d79189aff94f4d194d635ff377a251bc09bedeac2b', '3daa2bb407a26b49e80b49ba9d78df0341689ce3e6175b597de0ed63358b3c85']",1547566732414
663,9694a378d841325f86ef95f46981a9061db2f33fa37c93db5a752322e88f836b,"[-0.25126177072525024, 0.049620121717453, 0.009888095781207085, -0.17507505416870117, 0.06043485924601555, 0.007112344726920128, 0.1927601397037506, 0.31412023305892944, -0.022783610969781876, 0.03940918669104576, -0.018071455880999565, -0.0025423644110560417, -0.06212868541479111, -0.062201548367738724, 0.04395081847906113, 0.03755331411957741, -0.10103978961706161, -0.01097620464861393, 0.0017194980755448341, 0.06915579736232758, -0.011879637837409973, 0.026610786095261574, 0.00893485825508833, 0.017982367426156998, 0.013080217875540257, 0.0004743337631225586, 0.03602287173271179, -0.02262091264128685, -0.06843268871307373, 0.018907839432358742, -0.006150289438664913, 0.008772581815719604, -0.00619589164853096, 0.016493089497089386, -0.008648975752294064, 0.055107481777668, -0.01684224046766758, -0.005381838884204626, -0.000818394124507904, 0.017923688516020775, -0.024262335151433945, -0.022059310227632523, 0.0163585115224123, 0.0016579367220401764, 0.0044333660043776035, -0.031323570758104324, 0.007646547164767981, -0.04293622821569443, 0.006403797306120396, -0.008641292341053486]",,"['04d59833fa8ccfa2b8cc58cf22c7c9b30fc1c743c3d6ab2f0a95881066a1c14d', '16935a586651502177631ee39cd9a889310e34af074cfd54a1f472b14bd8fead', 'b20002b23d355191517297e9fab609f2eff2677099981281e5360cbb2f668846', '683adf64c6d57c98686f1a7570e6838002cb061bb03c2de1221dd4b39756d6d7', 'c20d4ad334b63710db1b708061f60cedb2d2d417bd27ca517a5882520cf2879d', 'e7f1f9b9df18c53c0073a9fb3a1876fb931655b3c6f2d421d445ab0f0ab2ed4c', '174ae17f08d21489118c7a1bb903a31bcbb6b41c37e047861ff468d0bd0b10f8', '7bfff7fe61fc9cc5858f90a46ecd05565fce70d5cbd8fa5637f699f56d7321c4', 'a3af2c15de39a8c871f654fbc33e9e03f6d21892338e8b73100473c83617555a', '3b59c7591dd71a2ade8df707e4b1d4e65ef6d1b165aabf54191feccf056b93df', 'eb2dd0152dcc9bb71d49613bd407ad1785cca554f724301b5755d4e5e0aa244e', '30c1a0108294662989d7988b822479943cc809a63745d68ae7f0bb2a2a60b828', '77c00e83e51fc6d7607a193ad9d582252d625bf491a43cdb882639f5eedb2658', 'afafd81910c60138bb115f9b0d85744b444761105c244292d263bd559a0f1bc0', '7bc95dfbbc42fd258135f49cdf741be183785b5f80ba994e19d508a1ce517d81', '0519b21a215a43e35beb95619d42a3b0e47d1d75efc2fdb1c270734564a2bb74', 'f52d57e58cfba36247dbd4a2b65947c6849f69336c45aa52f1e16cec0c67182b', 'ed6c5fc1a2f33a24695728b5acd00316f24cf8489ee3dc1b4ad5095bbee18164', '707a07dd5229d183cffb8e875878ea93606de56810f2cab36f6c2efe46d818ed', '54c752ffebda024df86cac7338cb2c4579fd4f3c960088984c6ef82d1250523a', '983d92391f7db7d45005e0d0c61387dea6a05116ae5c5260b90c82a55dc15121', '1c1991b1ee586814b8a56069efd099092dcd19937d75d88a3550fd2b80ff038e', '63db66f63e63d58a85cd7b9e346ed4a4987d4ac7665d972283350a1017d9d12d', '5e6074fcd06ea671ea69d461f403646b12266245069fc5cf06c27ccb723a4b8e', '1dc29f1c06f77aba46b4c20091fdecc04bfcbdd44de5c1b669c57a1d58341060']",1547659341338
664,9694a378d841325f86ef95f46981a9061db2f33fa37c93db5a752322e88f836b,"[-0.25126177072525024, 0.049620121717453, 0.009888095781207085, -0.17507505416870117, 0.06043485924601555, 0.007112344726920128, 0.1927601397037506, 0.31412023305892944, -0.022783610969781876, 0.03940918669104576, -0.018071455880999565, -0.0025423644110560417, -0.06212868541479111, -0.062201548367738724, 0.04395081847906113, 0.03755331411957741, -0.10103978961706161, -0.01097620464861393, 0.0017194980755448341, 0.06915579736232758, -0.011879637837409973, 0.026610786095261574, 0.00893485825508833, 0.017982367426156998, 0.013080217875540257, 0.0004743337631225586, 0.03602287173271179, -0.02262091264128685, -0.06843268871307373, 0.018907839432358742, -0.006150289438664913, 0.008772581815719604, -0.00619589164853096, 0.016493089497089386, -0.008648975752294064, 0.055107481777668, -0.01684224046766758, -0.005381838884204626, -0.000818394124507904, 0.017923688516020775, -0.024262335151433945, -0.022059310227632523, 0.0163585115224123, 0.0016579367220401764, 0.0044333660043776035, -0.031323570758104324, 0.007646547164767981, -0.04293622821569443, 0.006403797306120396, -0.008641292341053486]",,"['04d59833fa8ccfa2b8cc58cf22c7c9b30fc1c743c3d6ab2f0a95881066a1c14d', '16935a586651502177631ee39cd9a889310e34af074cfd54a1f472b14bd8fead', 'b20002b23d355191517297e9fab609f2eff2677099981281e5360cbb2f668846', '683adf64c6d57c98686f1a7570e6838002cb061bb03c2de1221dd4b39756d6d7', 'c20d4ad334b63710db1b708061f60cedb2d2d417bd27ca517a5882520cf2879d', 'e7f1f9b9df18c53c0073a9fb3a1876fb931655b3c6f2d421d445ab0f0ab2ed4c', '174ae17f08d21489118c7a1bb903a31bcbb6b41c37e047861ff468d0bd0b10f8', '7bfff7fe61fc9cc5858f90a46ecd05565fce70d5cbd8fa5637f699f56d7321c4', 'a3af2c15de39a8c871f654fbc33e9e03f6d21892338e8b73100473c83617555a', '3b59c7591dd71a2ade8df707e4b1d4e65ef6d1b165aabf54191feccf056b93df', 'eb2dd0152dcc9bb71d49613bd407ad1785cca554f724301b5755d4e5e0aa244e', '30c1a0108294662989d7988b822479943cc809a63745d68ae7f0bb2a2a60b828', '77c00e83e51fc6d7607a193ad9d582252d625bf491a43cdb882639f5eedb2658', 'afafd81910c60138bb115f9b0d85744b444761105c244292d263bd559a0f1bc0', '7bc95dfbbc42fd258135f49cdf741be183785b5f80ba994e19d508a1ce517d81', '0519b21a215a43e35beb95619d42a3b0e47d1d75efc2fdb1c270734564a2bb74', 'f52d57e58cfba36247dbd4a2b65947c6849f69336c45aa52f1e16cec0c67182b', 'ed6c5fc1a2f33a24695728b5acd00316f24cf8489ee3dc1b4ad5095bbee18164', '707a07dd5229d183cffb8e875878ea93606de56810f2cab36f6c2efe46d818ed', '54c752ffebda024df86cac7338cb2c4579fd4f3c960088984c6ef82d1250523a', '983d92391f7db7d45005e0d0c61387dea6a05116ae5c5260b90c82a55dc15121', '1c1991b1ee586814b8a56069efd099092dcd19937d75d88a3550fd2b80ff038e', '63db66f63e63d58a85cd7b9e346ed4a4987d4ac7665d972283350a1017d9d12d', '5e6074fcd06ea671ea69d461f403646b12266245069fc5cf06c27ccb723a4b8e', '1dc29f1c06f77aba46b4c20091fdecc04bfcbdd44de5c1b669c57a1d58341060']",1547659341338
665,dc9d3882849a4b13cbf1cab1bcf20e3ff43ce4bcb317f4dee8df50992c7669bb,"[-0.06860107183456421, 0.07221076637506485, -0.29962071776390076, 0.3663591742515564, -0.045051317662000656, 0.24175649881362915, 0.10961173474788666, 0.02342084050178528, 0.19664216041564941, 0.10588093101978302, -0.2418656051158905, -0.03973901644349098, 0.09280024468898773, -0.047544531524181366, -0.03776705265045166, 0.0724354088306427, 0.008459512144327164, 0.0034820176661014557, -0.07133324444293976, -0.0007697846740484238, 0.012733550742268562, -0.02992986887693405, -0.034578993916511536, 0.02069077268242836, -0.14544588327407837, 0.05519736558198929, -0.04497385025024414, 0.06752482801675797, 0.0010009314864873886, 0.05847419053316116, 0.06576906144618988, 0.13681790232658386, 0.012740204110741615, 0.02742457017302513, -0.03217222914099693, -0.01892273686826229, -0.0032366374507546425, -0.10967869311571121, -0.03716433793306351, 0.02985149621963501, 0.01983051188290119, 0.03282133489847183, 0.016082320362329483, -0.04422905296087265, -0.01962757296860218, 0.02775568887591362, 0.024836065247654915, -0.035999417304992676, 0.007582167163491249, 0.03562215343117714]",,"['23240cc914a579988e225d08cddf4714902282a9ab51811338781d0d600e950b', 'b81e2e45a260e46be2b2c47f351bc639e80f1b7388a0a0843bc6692c5f4532a6', 'cbb5b59dd5b93ef3fcc6ccfdeaccf834fd3ae392c87256a5b8702f7cf3cf7523', '27b900de56a57a046c28f206d894a10e5ce7370d706b7a7b9af8fdb7f8b75610', 'f24e962cb9b138cf89982db3fc7cd40f4d79b6b109e39593a15e18cbacc4dc9a', '388687fb6a0f82472e46b3c247b9f245e33b19550d30d19849fb03064d619788', '7c95fb325e154119cd209eedc9c8e777448e15a78ef1b7c964ec5ff0cfb4fd07', '6f83e8f895bf4f96d5d1bc480b40f3a0969d06064f84f28a039ca1f801e8f24c', 'f29125978b0b0b33d75491774d1c3b60279f48ec4f6f6feb265daf62052c3d27', '27cc0003b1a04745e82203c9bee453ab7c989042a7f5608ed9aa532ee3c82fb5', '83af9d454b96bee5da6e09beda2d077c018be2033896b3c5709d24e8f7e4879c', '8d729a2ae8a19d47e3e626fa0880179b7b286d10b7194001cc3494fcbbe7b34f', 'f0a42416d373c2e3eda752adc50fa49b9452b1b2357e9c85299b714e453a2c23', 'd3072062033d7b5ebc2d2af457f9f9b76f0970c32ec749989d1e34008314d5fb', '5013a5218660ffaaf84072ac530ffcd143562b0ddd0b7a618ab44c2ee4a228b4', 'b1741e5082699cc9f17325c9456947642e23826597c9715f9cc50a0c5a2745e4']",1548701496455
666,5a676fd57baacd84a7503fb3a78495a5c03d04915e42117024cc8b516053d296,"[-0.12258709967136383, -0.09107917547225952, 0.036618612706661224, -0.06770551949739456, 0.022239239886403084, -0.05607426166534424, 0.08563306927680969, -0.09605614840984344, 0.04183657467365265, -0.002467428334057331, -0.03236188367009163, -0.013632174581289291, 0.08408799767494202, -0.07210443168878555, 0.04769451543688774, 0.02667243406176567, 0.043340008705854416, 0.011979716829955578, 0.010245277546346188, 0.009943284094333649, -0.00900175515562296, 0.004300381056964397, 0.0037947308737784624, -0.06996326148509979, -0.012608743272721767, 0.013855005614459515, -0.007698411121964455, -0.010190807282924652, 0.010502181947231293, 0.04029935598373413, 0.008038580417633057, 0.004001385532319546, 0.019792940467596054, 0.0061419326812028885, -0.07805366814136505, 0.0028352602384984493, 0.04850073903799057, 0.016788600012660027, 0.017243951559066772, -0.022005096077919006, 0.002803918905556202, 0.01403010729700327, -0.012487850151956081, -0.0030345157720148563, -0.019547095522284508, 0.04556179791688919, -0.026700131595134735, 0.03661763668060303, -0.0029546753503382206, -0.034522052854299545]",,"['f7a69a403e7c2fbcaed8976dcaf46ab1725df2335fa236c4baa397d43f800aea', '6306c3c852038dab6a4ffd185669ddafa4c48f532e4868282782eed7ad4e09ff', '04a2b94b4df6d02669dd559ea9e87db7e830ad147e74e948eb5d176cbfaf5c6e', 'bd71055adb5259da766225ea2474dda60dfc7afa4932a9b26140ede1953c04a2', '8b83a1677976b268506a40b1128ea59de2b4d5ea69bf05d3e351ee67d129ac45', '06bdc7ae742f3058dbf578dcc43641b0697fcd11a9c4e54f9f5c030125dea930', 'dec3d1a344d0e9447001aec3025246b8e262118d625ce660410393c9eb91823a', '587473047698776d19dab16bbf947c8638b5c07a53f43312ba3ed3b8abca1bb6', 'f9202bd50e24b21e2db82821ac2f511f0a67f8adc91e0c639677909aed7ef86d', '05b5af97e1d10990b0dce0ab8bec9a4010de26b98cb5973eefae0a64b743a63e']",1548079776679
667,67ffdffb229980fa91516ad05f0b4df6726d69207690714a8a70acdc986e0cb7,"[-0.11444543302059174, -0.14663144946098328, 0.0015163840726017952, -0.08757487684488297, 0.1567423790693283, 0.03264479711651802, -0.01431848295032978, 0.16903655230998993, -0.008390617556869984, -0.02253531850874424, 0.019757799804210663, -0.022702518850564957, 0.19858020544052124, 0.035166408866643906, -0.06954653561115265, -0.11661627143621445, 0.11969028413295746, 0.011828742921352386, -0.07425709068775177, -0.04810557886958122, 0.042238183319568634, 0.006639457307755947, 0.05966143682599068, 0.04261145740747452, 0.02314058318734169, 0.022536369040608406, -0.01293223537504673, -0.009299516677856445, -0.03128347173333168, 0.017799681052565575, -0.012251408770680428, 0.009838431142270565, 0.026710007339715958, 0.009520589374005795, 0.00023343507200479507, -0.007989153265953064, -0.01632086932659149, -0.01456884853541851, 0.004945230204612017, 0.017660437151789665, -0.013220686465501785, 0.029700618237257004, -0.0038777014706283808, -0.0059166718274354935, 0.02803114801645279, 0.00013161823153495789, -0.0007477081380784512, 0.0005713356658816338, 0.014638250693678856, -0.002551361918449402]","['8bf37741fa4ccb9bb1e42cfb662186af3d7cff1542bd68b5e132fc3c11422728', '8bf37741fa4ccb9bb1e42cfb662186af3d7cff1542bd68b5e132fc3c11422728', '8bf37741fa4ccb9bb1e42cfb662186af3d7cff1542bd68b5e132fc3c11422728', 'a54655656139b639d3e4b4815ff8acf31b1c3bd4ec16f8b779a14bb27ad19559']","['848b0b4e0cce70e612cab4f6aa2dfac4bcd203520b47b07619de296d38f314cc', 'a54655656139b639d3e4b4815ff8acf31b1c3bd4ec16f8b779a14bb27ad19559', '8bf37741fa4ccb9bb1e42cfb662186af3d7cff1542bd68b5e132fc3c11422728', '6a8914f1df8fd1289cc73a756b67b82c033c78ef26ce41d94a22de983d339b63', '0bbda6164e6b36282b69c4cab74a12931b3714f76526415294f8e76ed55a77b5', 'bde0588471c922f365302bfcedced774e1b60c4b00b15a1dba67fe827526ab08', '7392990f2f9ebbbe3949e72b7b3b79dcc205baa84e372f2c88faf0e15c983f5f', 'f13188402a62233f77a93f08670f597c245fc791176f8b966794009dc1badef8', '8f441fff7b2ecefb59a90464dd955a41e6a8dd044b95bc1eef19fec1042b8c8d', 'd3359f384662658b576cac9f0e379d899e3a856a89034127c24bd14fc1e99735', 'dcee735d22469deebf1c51631eed776f0e8a71ead38cab2a5cc2b053d02061de', '6484fd7ed0181411aaa125087cd76ad9397a8e25b488da777926f2f13562ddac', 'a3424db073c62a9ccb5ce03d0765270e86ec08468a6e3afd40a981e8763f7725', '0919808c00bf8fafa074dec64f98df4e9ab96eb95e2e444ccd03e12e3c8330ec', '4488ea2ef465da5a773702b9e774c4af312bd69a4b45ea77d683b662f15f7ed1', '4dd88b00edbd638cfcd5980eaa2503803c46c06bbce165c72307d1642c6c36d9', '09915ed979ed5f157e4e85f0d8c485df8b45cc908acfa77ff3eab40eb111132e', '4c4ff059c08db69ef2ac0fda1a279d5f6220fcd25733ed57bca1da2441212ad0', 'd1b09e1deae01d65c3a6907251052649d30f188ac46aae77c847e8217bbfa97d', '39a79763ad09adb9a5ceae5914139f6f8dc046222bb66e5bf4a44901a86934a0', 'cb525a2bffe3ee08104a55d35503343cc0cb086c8927334ed72998cf7df877b8', 'b968815669aa420424820765945730604a9d2f798359f263dbd2feecf1752995', 'b58df883a18d5a5c055d4fd6a234ac4e90615a1be2fc99edf9dbae9f4f88ffd3', '1f9f0d4e51cefeff2de650cadf1f7b15a6081576b6405d7c73ec7235e7a21b2a', '62b0b638712cd4acef5f9810684cd9aefbae2503bc9a0379bd334a0fbac5837c']",1547648079262
668,67ffdffb229980fa91516ad05f0b4df6726d69207690714a8a70acdc986e0cb7,"[-0.05757826566696167, -0.17844563722610474, 0.006123591214418411, 0.005755065008997917, 0.05929940193891525, 0.036452412605285645, 0.05323668196797371, -0.048154160380363464, -0.01242494210600853, -0.045266665518283844, 0.0022231691982597113, -0.027942325919866562, -0.0021796287037432194, -0.0066272360272705555, 0.008989518508315086, 0.0031338646076619625, 0.009187426418066025, 0.019984424114227295, 0.017845651134848595, -0.014334052801132202, 0.03067745827138424, 0.0007086135447025299, -0.02887152135372162, -0.0028809653595089912, -0.00878826342523098, -0.013638121075928211, -0.010978270322084427, -0.007487093564122915, 0.02611480839550495, 0.011325824074447155, -0.007442904636263847, -0.010779937729239464, -0.0028841234743595123, -0.00610672403126955, -0.0026389157865196466, -0.00681651197373867, -0.0235088262706995, -0.0020121214911341667, 0.025407129898667336, -9.713205508887768e-05, -0.028658099472522736, 0.018629679456353188, -0.009605989791452885, -0.011975979432463646, -0.0030767982825636864, -0.041146889328956604, -0.014524804428219795, 0.020937053486704826, 0.0053544072434306145, -0.0062414901331067085]",,['3286f68cc4ee25989cf0bb73f067743e0a8edcae4f8bb5767d35fd1219b16eb5'],1547648174588
669,67ffdffb229980fa91516ad05f0b4df6726d69207690714a8a70acdc986e0cb7,"[0.03832659497857094, -0.3151538372039795, 0.08605407923460007, 0.11118479073047638, 0.00840796995908022, 0.06865204870700836, 0.15034887194633484, 0.0367409884929657, 0.0501062385737896, -0.07423693686723709, 0.0410979799926281, -0.015006786212325096, 0.04027291014790535, 0.004747791215777397, 0.029969334602355957, 0.004197500646114349, 0.021574944257736206, 0.00567237101495266, 0.1398099660873413, 0.0007080771028995514, 0.012511450797319412, 0.025310585275292397, -0.04828985035419464, 0.02950645238161087, -0.00784416776150465, -0.0608639270067215, -0.014974376186728477, 0.0293465256690979, 0.13615474104881287, 0.0295964814722538, 0.045988038182258606, -0.05537636950612068, 0.02595849707722664, -0.006773390807211399, 0.05425110086798668, 0.020229201763868332, -0.02453124150633812, -0.01855379343032837, 0.05774475261569023, -0.04979654401540756, -0.061554744839668274, -0.00561068020761013, 0.004557618871331215, 0.011238856241106987, -0.006904631853103638, -0.07065722346305847, -0.0426274836063385, 0.06942802667617798, 0.009365358389914036, -0.006818462163209915]",,"['7d5586c7dee7bc2389535a18ae848960a70b804d0db8332b46535c54dad88134', 'c631d7c9b320c548b58160e784e8e61a4e7feae595cd5f87ec8e76ff048f9276', '3ade1b1407e36f7db22c57aaab833b2d5c6303e31e67b22a706ae5c6459c2341', '772f558c57ae567935782388ddbe66db1102a6e1cda484d3be2f90275a320cd3', 'a31bc20e30f7aaa8fb8577b876de71c63004f332cd1efdc9baeea9618284f9ea', 'ead15befdef4f0a1a1e6efab8d0d8359d29dd326d786f1073327702bb097db0e', '10843a74ab72ea50706dce7bf2ffa309918d1c98412941100dc579c738c6008b', '8cfd76d7286cbcfdf301679d7aeb8cb4893e1c213e9604b17dece27511d3dbcb', '25a37ca08abadf385f7f02dbe85d97e3617391d5dcac49165b86391ff5309a12', '96971fa851f6121f0f721cf0638d5138503499749a5f95b937f29c94d12dfc99', '2c1800f378d8fa17b58f549bc172f9097b79d2f53851058dec38f2935ec99154', '92100064c699536c570465a316d75339c0ca3a9036128a1ec9a6f287911252fc', 'fb0a138c5f601fa147722f9b31eb6d6d66855373dd9d4eff9acc52c0d9d3fcf9', '2c42ded50a773232057acfcba318ee1a2bbe2b670eec6698a802d259b2748ec1', '8a77f142df19ec11532962b4fa94aadbcca2f582545e7693c0de0cd2b4a2a1de', '9922edebf1ad4dffcb565dfad0347a644afae680f7cecd9c419090094db97cb3', '4efb3f789eeaf7e85c621856db833e7995fb386704debfc8dbab44ec3152931f', 'ac22c941533541834d16c334a0898a10883d6d34a774783f54d654a4ddaa0faa', '12ac69c88d6e2b95b983c7399827353f9f39961cd99336ba9ba14efddb1a3807', '117d767fb5ac8f399629985d5280c05be8553e0159ceb4c5bf3a023b10f4839f', '05806ac221b5c6a78bb2e660c050743df64818cd8171e7475eb87d4660932a2d', '6ad10226eb6be295d45107c8bc0ac066577ec4173c4d8c65dc111bb796659c65', 'c10d50686e6c53d059c5921516b630ebef48587f74bb749cf396a7fedb901f38', '54dba8710953b1106358d9bf455c3b3b26845a6e18075eef600c2aa3149e0836', '29e5859a9303419e76014aaa0d55e104e03d2c93825f81145fbaf551279e497c']",1547648184519
670,91c673353702dae21061bbce4a6ddfbeff6a75fd4c5a78a6c6ce0d27b4e24685,"[-0.055056434124708176, 0.09800123423337936, -0.3079085350036621, 0.20282141864299774, -0.13925331830978394, -0.15108157694339752, -0.02604007162153721, 0.03326518088579178, -0.12302862107753754, 0.027311181649565697, -0.010086260735988617, 0.1117226630449295, -0.06075055152177811, 0.2514493763446808, 0.22513896226882935, 0.05017811432480812, -0.03726089000701904, 0.02461438812315464, 0.01987028867006302, -0.13325026631355286, -0.0157918818295002, 0.08062738180160522, 0.26812124252319336, -0.03359709680080414, -0.027341444045305252, -0.028858553618192673, 0.013331228867173195, 0.12955045700073242, 0.05596467852592468, 0.00993804819881916, 0.08380825072526932, -0.1283283531665802, -0.08288848400115967, -0.041849713772535324, 0.003830220550298691, 0.09283773601055145, -0.0028506380040198565, -0.03967069461941719, 0.015939056873321533, 0.18434640765190125, -0.013217926025390625, -0.023043230175971985, 0.010825898498296738, -0.09166491031646729, 0.027554161846637726, -0.07567934691905975, 0.0233622994273901, -0.01003137044608593, 0.012160521000623703, 0.011636544018983841]",['49b08e297a637a6e63e0ef7d39542b2427bb5c5afdb3cf1f8029bd38104a8181'],"['956c335d2f59c1853f499420ae4e85250a6c7190a1df1b11a26049a493541857', '5bdfa2f8bb374d61d9641c258940d4a19be4babed3ebfeb97754beb35bbd3d9f', '3983d0cd10e567317005f8f47d3592beb8aceeca2dcb28080b8bebc3099fb395', 'b3191291744489d29193418ed61f4062a6299d05e20588c53d6a93721304ff26', '0b289733f9fa49c3c2e73d2678abe46811db1a53a50ed51351a45352a944329b', 'e5b79804fb3b441080b8a35175e421b9c9b874812fdc3c7710d05029abcbcbbd', 'eb0ac5143b34083d3a119ff77db7a6700e737346191e11d3dc7bdec4ee2e4e5a', '49b08e297a637a6e63e0ef7d39542b2427bb5c5afdb3cf1f8029bd38104a8181', '069419f3e237facc599d1be5bf71b3ecf057ed5f56a96100f3a50e8fdfcae4e5', 'e2d5edf22a828a5c59a58f029ec66e0c440381a7b3722bdba03136d45fd39089', '2c3c15da41c57b1c3173d5f1a4e013a2e747c5a1717777d80d14f0d82ebcb6cc', '1379461daf84128449e010af5f2a0d37837bac53c854866b774c3588be8d55fe', 'e1b17564a799e10173f2cef3e272f4f314176232948874d35e96e66f71cdd6a3', '39fe4609689ac5ed160f8f7a324ca46125dab7b28941700d0bbc1f2fe13f2db5', '7d0fbab7017b74d9a6244afce7afe9ffa726117576a97d077f89ecd72b11a8d7', '66cafce9855c4f670d052cac7a4c3305b6f7dac7432eef5446ae6d58f12bb3c7', 'ea64b218fb45c07968ebc85129b2dfe4b22f83176c98808f49534e58ef82f8eb', '112d5491becc0fda8f8145bc27a996962e13565786de9326a573dac9c234bdd1', 'ab1aa29b70c6c0743f6cd82d752398e977781988610f6e8a4c94c1b876883bd4', '8945adf516257757912ff7da002d9153a7cd4206a61c13d84fd3c7da4dfe73ab', '236a10f274c2cf47137bbe3f046282594833f00c93cf12e294497f977d98521c', '9823bf670659a33b1e9465861615add44215daabeb1ec1308137a0d16f29ba12', '7aaa216542dc358ab55ee6fa1b2e578a8dbdfa0ba1adae0f4f79d30f3fe097ab', 'da5b97ac4c1b3ea7069078650a0c607c9f92b7299232678947938def00ce10d2', '0a273b43e1f114433a15402857fed1e95cb498bcbfc28787099c6939cf4a98cb']",1549055660894
671,c978c38bee0d8c5cf388f8062c5224fc30044b7dbd3ae33f5ee705c763b0fb29,"[-0.2337113618850708, -0.018430620431900024, 0.13717174530029297, -0.15109175443649292, -0.13455840945243835, -0.1305629312992096, 0.2129354476928711, -0.052324771881103516, 0.08683768659830093, 0.006035935133695602, -0.06866532564163208, 0.08690115809440613, 0.11719535291194916, -0.09372062981128693, 0.15532846748828888, 0.010538714937865734, 0.006176423747092485, -0.01470639742910862, -0.09204794466495514, -0.008111151866614819, -0.09354329854249954, 0.019388848915696144, 0.04031384736299515, -0.0502595528960228, -0.057442985475063324, -0.0299513041973114, 0.046624623239040375, -0.01225646585226059, -0.03748558834195137, 0.06870459765195847, -0.09919540584087372, -0.009214036166667938, 0.01704585924744606, 0.03782818838953972, -0.137282595038414, 0.009009616449475288, 0.06045735254883766, -0.022298676893115044, -0.050548262894153595, -0.022022593766450882, 0.03438536822795868, 0.08326862007379532, 0.01605909690260887, -0.028046950697898865, -0.039175424724817276, 0.06580547243356705, -0.017430804669857025, 0.013638591393828392, -0.04504501819610596, -0.06864828616380692]","['869f18ccbc3b01f66d544803403546b0ee65d14d66bc82faf843b37db8b7f9e8', '869f18ccbc3b01f66d544803403546b0ee65d14d66bc82faf843b37db8b7f9e8', '869f18ccbc3b01f66d544803403546b0ee65d14d66bc82faf843b37db8b7f9e8', '869f18ccbc3b01f66d544803403546b0ee65d14d66bc82faf843b37db8b7f9e8', '869f18ccbc3b01f66d544803403546b0ee65d14d66bc82faf843b37db8b7f9e8', '869f18ccbc3b01f66d544803403546b0ee65d14d66bc82faf843b37db8b7f9e8']","['732cc668b257056b83785740ba010aef459b8f964887d1150165705f477b3227', '869f18ccbc3b01f66d544803403546b0ee65d14d66bc82faf843b37db8b7f9e8', '8e5833f53223c18d15d5f017c8d61456bf6bfdd3cc9450320014465569f7ba63', 'c2787da1ca85507e15b8b58e163720be87ec5f810055070c2e2e3572a1b91e7c', '3e678db1430f7d404d2ba65f108076bf34892d3e0ad39f4d4c624f300dc1bbc3', 'e20f718284b01beddb454d8f440f651aaffcc69b1688fed692a2c398b9171f2e', 'd1656ad7469aec483e84e2be6f6e7fc5da37ad05dd5697d186c3c843f4ceb936', '358e50929b7c53cc78d6fd80c40594853aa732f26d9e6e517ca0a0116255578e', 'b5272e0dd103a7bf041496354ceeec0521d6bf5934de3f2ce54b0a8254d813b7', '88616e2d7c86e1e26eae0331cee045ee69e2b6e7ab7d7c0dec54ec55df524fb3', '5a07110223cb99b1f49fb644fc3228f340467d81a2794493fec464c2b47b666c', '12ce5ce79d166424134646f9374033567a01c36123022267225eecfcd88f57c7', 'caa659c5fe91e05dd60b29651a8c1b5b86f59ad9e2373cc55346a39ff83a2b16', '4f301000067b62c0d416c806a9cba8af337b525afdf16bd600b01eef6dc4eb1e', '39d09f296188440532d47ccda6c749f42a0aefc26a3f870046a77511e6013f1e', 'ccb450bf19b2a6c02d4699aeba186cb8a80fe395d7a2868b940bc6aa72d21d98', '1fd0aad1ddce2d0ed617509b0308f18d86ca835a55390c655034910f27f3b7bb', '5640abdeb0aed3c1f3d20dc1a8572d349bf4400f4b9c0a09bfcb49982148c446', '78b55657e9ff9ce00e55238a7f0ab61987d0ee5c883572c70ab4bab7ffff5e51', '690eb77492ee847ef8cac96e4a9c9b96866c5dbbcfe2232bcc4df1b4086d245c', 'e2d6f03b1b247bdced6d0045402c1f51a38fede8bd505212b8fba4cc0abd3599', '2ae252ed5cee01633aacdf144ba0fa70b4a498bd7a1eb2b4841cc5f08656fc80', 'a9549dc50e1fed4e2167ce5b643bece881394fbb73492401047a17111f72163f', 'f3a40eee703d46ddd63d1b948b86a1b9801d1cc838c13eca40efa9d03b1d4b83']",1548375404361
672,2062c710eddb7fa06d727f5f11c6564a402ed9d396337a695a94251e3595bbef,"[0.11178581416606903, -0.13388893008232117, -0.02068348042666912, 0.1333686113357544, 0.06228475645184517, -0.017353180795907974, -0.05263137072324753, 0.0211799219250679, -0.0028703026473522186, 0.07034990191459656, 0.045168016105890274, 0.08957493305206299, -0.02551010623574257, -0.010104254819452763, 0.006483040750026703, 0.00915011577308178, -0.012333452701568604, 0.07487526535987854, 0.03831522539258003, -0.04301220923662186, -0.004577191546559334, -0.030383311212062836, -0.0722862184047699, 0.033043742179870605, -0.022143227979540825, -0.007371106185019016, 0.032148681581020355, -0.040395934134721756, -0.015997551381587982, 0.044487327337265015, 0.024874694645404816, -0.008337072096765041, 0.03847123682498932, -0.018111199140548706, -0.0029935920611023903, -0.019942928105592728, 0.009209644980728626, 0.00032807921525090933, 0.013270831666886806, -0.015456886030733585, 0.002618345431983471, 0.030516186729073524, 0.003771318355575204, -0.057045288383960724, 0.006133579649031162, 0.04355350881814957, 0.005702212918549776, -0.03960530459880829, 0.015422632917761803, -0.0214567631483078]",,,1548031117993
673,2062c710eddb7fa06d727f5f11c6564a402ed9d396337a695a94251e3595bbef,"[-0.1560344398021698, -0.13915851712226868, 0.07296739518642426, -0.13434194028377533, -0.27388525009155273, -0.10039056092500687, 0.03067384473979473, 0.015947777777910233, -0.006933808326721191, 0.10836155712604523, 0.08378319442272186, -0.13238884508609772, 0.014613027684390545, 0.02369668334722519, -0.12088347971439362, 0.00820087268948555, -0.07293786108493805, 0.010356314480304718, -0.007931703701615334, 0.056305281817913055, -0.046219147741794586, -0.03385796770453453, -0.053472358733415604, -0.012666450813412666, 0.08489936590194702, 0.057215988636016846, -0.02109326235949993, 0.10966459661722183, -0.024815529584884644, 0.08872299641370773, 0.14263500273227692, -0.02106548473238945, 0.044093213975429535, -0.08209455013275146, 0.13876813650131226, -0.040357328951358795, -0.12966232001781464, -0.01350144762545824, -0.0323372408747673, 0.03411932289600372, 0.03980544954538345, 0.12205242365598679, 0.0320490226149559, 0.1318792998790741, 0.1150810495018959, 0.005096600390970707, 0.03689669817686081, 0.1124570369720459, -0.1050758957862854, -0.0472990944981575]",,"['d8e1a8e65d1dcf4d88528ef833ff88cf3d4d81195dc23fde1beeacc9c6153ba6', 'ab2aa4df3ae83eda851c943d5dc1178bf66e23837c4c6f77df9801e0220388c8']",1548031131544
674,6c655488d505c47b52a6ee916d9a378b58fe52028c8683d7a2d776f8d91014c5,"[0.01665661670267582, -0.2345380336046219, 0.03332307189702988, 0.09597159922122955, 0.1236608475446701, 0.06049184873700142, 0.028889983892440796, -0.03957972675561905, -0.0315319299697876, -0.05688587576150894, 0.006265784613788128, 0.01562123280018568, -0.021929236128926277, -0.019487885758280754, 0.009610636159777641, -0.027656111866235733, -0.006067047826945782, 0.023156143724918365, -0.0046388315968215466, 0.009683327749371529, -0.004649185575544834, 0.0123026417568326, 0.011593660339713097, -0.005365259945392609, -0.007453582249581814, -0.004719085060060024, -0.027659930288791656, -0.006917702965438366, 0.04938351362943649, -0.002236634027212858, 0.02593822404742241, 0.0008919055107980967, -0.03204091638326645, 0.02161351777613163, -0.00041627080645412207, -0.006731276400387287, -0.00764098484069109, 0.0036276672035455704, 0.04565449059009552, -0.0015803392743691802, 0.012605072930455208, 0.00558929517865181, 0.03845832124352455, 0.00033341627568006516, -0.01643483340740204, -0.015243622474372387, -0.0010226601734757423, 0.00024625263176858425, -0.010506056249141693, 0.004205513745546341]",,"['772aa0fc21ff2b699c31633905794ee870d12e5928020be68a96ee4021d0e3a5', 'b6395db9f8827686ffe8713b11502c4057ce11036fa07a86772dcd892a120858', 'f8e6fdb7829df60e499d53d4c31530801ea80dc3cc6e23806fd7465ceb272bca', '545a1d147fd75fcccba100a852c0cc18385473d6d14b00a4c28c2fc2f671e38e', '3a170866f8f6173b77af15d87e7869b71d44583ec0764bc80be3f5ab75457645', '73b49524a3273bf9c321a4aa9bb03196db491d55cbebffe54da69c92c30de14d', 'df7ea384d4166dede648addb3ff47d0374974117b084be6960257734c89f3010', '6e3988ed8deaa8ac42f3aff885f4556ef09f4051588d6b15ee8c0f1bea679930', '31916d23b59f2f6b02d494f9c48300afc476d1d207b87601f5121d173dfadd31', 'c9b961d6bfc20738fda398d212db842c79e5078b588ab115225d9cbc41658335', 'dc6b805815c412998f8aa7cc8958c862976d4814b3db11a384a3457217cfa0c1', '8de984c0595a2722dfab4b54e131667d2289abf6ad857e115a1503e5ecd2811c', '0b74fe1229d3a8ddb7035d5e37a7cf769b88201e4c2eeeb3870802571b179aeb', 'bff741f5363c6802b1f33f463d790c8b781e6901518b1871608331bb1651a647', 'b848251f28ddfd7d4ffc47e5872495b83762fc3f13af3b1583c6d6f9dedbb36e', '292a9e471dd621f608c7bc458b5f7b68848e1bf1478924bc220b81376ccb1d3b', '57142d34bc93314b7b3ce3d6a831d8a547b8b685f73a1df3fb6e02fd1638215c', '0320a796850ae0a97311c48a40b638a974a4d96a1e964672ed2ed2aafb37a960', '6a414218e1852ee6e2e2d191db2800e4eb555ac8000c136f2e292d44575c81e6', '455952fab9b0dd513498d74f152c5abeab00b1cc8c20a8f5946c90792ec4ad31', '0d745f06fadcdae5dfe7d8c13ef72ff423265af9df2e4640b0a5d90971341df0', 'c782a7dd5973fe751578eaa84d29bace7958f6ce63ce83b6ec3d26e8e47ae5c5', '08ea6f27002e752f4d304d8f7587e5fbd7be6d1d9aac91835e3c79048283b899', '8eb45b750e79084fdd7ce9d7b29b96beca7941444c550a1caf471eb3d06eb160', '8485cc9c30a4c7f7501a11a82703be7a69ea8e2fc418f901dfb7c34ff614a216']",1548649819954
675,ba61532bb954b9ab4f7617b5efb5454ef8a7f1c7331fa5566b2d445aed7a93f6,"[-0.15781809389591217, -0.08238554745912552, 0.12338229268789291, 0.01724402606487274, -0.18689343333244324, 0.00022873654961585999, 0.11681586503982544, 0.13054552674293518, -0.14058536291122437, 0.1038779690861702, -0.004485289566218853, -0.07476123422384262, 0.05195985734462738, 0.03408493101596832, -0.022462738677859306, -0.04647066444158554, 0.04374949261546135, -0.04795043542981148, 0.05761360004544258, 0.046091631054878235, 0.1135987937450409, -0.09058906137943268, -0.14606136083602905, -0.03365854173898697, -0.048475481569767, -0.13368268311023712, 0.040833961218595505, 0.1083916574716568, -0.052685532718896866, 0.12479285895824432, 0.018909359350800514, 0.03674190118908882, 0.02462807297706604, -0.04824818670749664, 0.025784166529774666, 0.12410710006952286, 0.09355627000331879, 0.17192929983139038, 0.076815165579319, -0.017868705093860626, -0.08309078216552734, -0.06865854561328888, 0.10649321228265762, 0.008176889270544052, 0.010029415600001812, 0.0008147209882736206, 0.003337935311719775, -0.04234018921852112, 0.0033433488570153713, 0.04986950755119324]",,"['3d05eb3e12722e5929804ffcc742162c1c1d94e90832ce1320692489e596b009', '47afcb87977d14883f002113838ece9d30950cd23ae34999a443d6b956575500', 'e1eff7b75fdad04121e36e67179b687de3227c9cb7f23ef187e5d57584b44276', '5ea63f09d57c2687097d590fd7ef19b1067936f8f0dbfefc7e91e96502f1cdb0', '5a23196a79d858f2acb8944f22b4989121fb1d532948d34c7ad1d1f2d0234c47', '3dbd195ca8a126f4e04083fd5049ef1f22692a7253a18c8ce0bdf31aade1d86a', 'bd5ee51467a5805a2445fea933b0492cb449a93d016dc06377614858cdcc0013', 'd7b9fbec4f47d290c37dc679508a56d855a32cc4427a3553e46898a1ba05b9b1', '39b9f991c6f6f78c9a2f1384291e8d378367542e8ec24d8f5c518f9bdb0a41e1', 'df8f95e4f94b61e6796aa4d253b3b2e8c88279427168c8b406853f513f51b81e', '82b8efd818b20e74d98edff10b56b3cebbb57b83b5a5fd10bf0162598713b477', 'c2baf33577724b719ffed9d9d8cb39d91bc7bc40ae35d85d59d5949cde4960af', '8085f83dabdb06707522e1b2bc0a25331c92d0a820872277a4680ae38e25dd63', '478e8e1c95297cff600577a5e4da9f9a18cbefd2b095d234a16a614b9d8c62f2', '039b1e651c46bd5c097ce8bf1c4fd5df4a473c5c3281a8e2641d89701fbe09a5', '9486eac23aba638d1291c380454624acb0fdd932869bccdb4fbbbbd06b08cdf7', '0652a942f08b7bcc5ca07d8d707a6642a5a7a63b17f76dca1387d7f4fec45127', '4ccb062945f75a811066f404318a5d855976e9fcf6aa4432e74c5c3bd038278f', 'eed704224a8840e8e9d112c34895728c53e2d1aab1cd1b76e79c0091f8625586', '2d822da82923ee374c76b9dd0c642aa6ccc319730494a618473d11242a0d41e9', '4332b8cbc31f45ec3d0e871b3497168d6aa2ea78057b162d76ce5d7d90d00647', 'b964f71a8d1c42439e3c74f8e96f036b47b2b381b9827036f001f3686c3ee98f', '8397473a1dff8d1d5b07835326b7f0d75a748880a6cc6b194c17248e32d33082', '2bd5124ba6779bc4067a5f9d138752c988e085ba8124cbffbb8255d41198385a', '882d26a5db41530f1664236ce9a09ee4035650c60ac6cff0a0e3c7899b33ab1c']",1548695937823
676,d461702c93b112b36c4aaad342b4adf1acede40ffa9b06c81e8ae668b0d6b695,"[-0.057917460799217224, -0.19744816422462463, 0.09706035256385803, -0.01699683628976345, 0.09142880886793137, -0.05960819870233536, 0.10128156840801239, -0.09565937519073486, 0.06186053156852722, 0.002453072927892208, -0.0474805012345314, 0.006593819707632065, 0.08356163650751114, -0.06112958490848541, 0.04139921814203262, 0.017461055889725685, 0.017747703939676285, -0.001266957726329565, 0.031165439635515213, 0.013648275285959244, -0.009539337828755379, 0.005304913967847824, 0.003114284249022603, -0.047344036400318146, -0.006525633856654167, 0.00463514169678092, 0.004495980218052864, -0.007410998456180096, 0.034183744341135025, 0.014601990580558777, -0.009979990310966969, -0.011351007036864758, -0.004026499111205339, 0.03362702578306198, -0.04238506406545639, -0.03320920839905739, 0.01621057093143463, 0.01996021158993244, 0.0022809416987001896, -0.0037289317697286606, 0.011063903570175171, -0.010974828153848648, 0.000592502299696207, 0.003213063348084688, -0.008825717493891716, -0.01128217950463295, -0.012212815694510937, 0.01212178636342287, 0.014040594920516014, 0.0017015738412737846]",,"['77b7c4850e7ddad2ffa81af4379a3ae25d9107902fbd419d8312e0ee4067d70c', '42906e88d4ce24294d2274f7e0b8a4e111955895222467dc976bb4674bfdc1f3', 'a3501fdaf6d869be27e9e808bd9387c888a8345591581bb6b8e358d9ea426847', 'b818b1a3382cdbf83d674935767d109ca546ea822a29b5ddc04a07f01ccf7cbc', '7c3a33ec1a775b4954dc4114cee6c904c58d1d59284be0527814de96cafd6b85', '047c0bb23f8e388561d83d1768bf7def760aaa55c74cda75ba8e88143967f262', '50123f57c1dd9fec6dbefc159f9569ed9813b27fe577a64347ce93f000adabac', '9c0ef7ace4323bb55255ce7d2a8c3be35c965e0b603d87d77f18be509e585fad', '97c53558d12239d409eeb754c9231e6088e0a7be6f4d6cecf40b2094533f5835', 'd50b582eb792e0f4607d82933145005b1fcd31e062c4bb8c610c7041c8e836f6', 'e9797a2f345f11f368743d7eba6dfe3ef9492f8823a8cd7470728f92b2e7de30', '404d85c004e62e90deba8525351900c27688fe214ae862dacebd8f18fc6a361f', 'e9e77277b19df1ad80850c9559500f4ee5a8eb7ecce178abbd0bafab80fae4e6', '0b90a1098c7b23d246bfd854476a7c5a7cac79f569f84d552949565efe309c7e', 'ae9610817a79f3cba1f2f1c0152ea9968bf9834752bdf20533838138c741d80c', 'a34ae73e6ce19dd1b3fcc537046e059b900c61282c0f89ce967609dce3bddff6', '85779c39d302f9d80f310a270a2f3eec768c3295f58a254b29bc390ea25f99dd', 'e0d975b30ad94cbb1cd5ca09b70f8fc40bbd65a887a9981085a5fb7248399c31', '60e2bad9b9d0bad2139a956ae4f3f3349ed01154e3f4133d929cc05ffdb22e86', '11d71eab00f00c1434e11d57670847065ada6542f2e521864fbabe68246618a9', '72703f085be09f6dfb32c7f6400a82e992bb873fad8f328b59b3e87eaeb8f957', 'cb53b2e34c354fabcaeba8afa6ac9d125241120e7a2eb8effbe5aa4968aead86', '7bbbe88f554e792fc58e48414cdb7a530e27acd6cefb179107e6f6bb3d4fa804', '64876ecd26a4f40844f336e6175fb6aec2c20df40406f40fd306aa2e69bc97df', '0cdd0070fdf29b2709636ac0c14ddf69aec9f945a07d198503ce2ca163f4c5e7']",1548717746943
677,d461702c93b112b36c4aaad342b4adf1acede40ffa9b06c81e8ae668b0d6b695,"[-0.057917460799217224, -0.19744816422462463, 0.09706035256385803, -0.01699683628976345, 0.09142880886793137, -0.05960819870233536, 0.10128156840801239, -0.09565937519073486, 0.06186053156852722, 0.002453072927892208, -0.0474805012345314, 0.006593819707632065, 0.08356163650751114, -0.06112958490848541, 0.04139921814203262, 0.017461055889725685, 0.017747703939676285, -0.001266957726329565, 0.031165439635515213, 0.013648275285959244, -0.009539337828755379, 0.005304913967847824, 0.003114284249022603, -0.047344036400318146, -0.006525633856654167, 0.00463514169678092, 0.004495980218052864, -0.007410998456180096, 0.034183744341135025, 0.014601990580558777, -0.009979990310966969, -0.011351007036864758, -0.004026499111205339, 0.03362702578306198, -0.04238506406545639, -0.03320920839905739, 0.01621057093143463, 0.01996021158993244, 0.0022809416987001896, -0.0037289317697286606, 0.011063903570175171, -0.010974828153848648, 0.000592502299696207, 0.003213063348084688, -0.008825717493891716, -0.01128217950463295, -0.012212815694510937, 0.01212178636342287, 0.014040594920516014, 0.0017015738412737846]",,"['77b7c4850e7ddad2ffa81af4379a3ae25d9107902fbd419d8312e0ee4067d70c', '42906e88d4ce24294d2274f7e0b8a4e111955895222467dc976bb4674bfdc1f3', 'a3501fdaf6d869be27e9e808bd9387c888a8345591581bb6b8e358d9ea426847', 'b818b1a3382cdbf83d674935767d109ca546ea822a29b5ddc04a07f01ccf7cbc', '7c3a33ec1a775b4954dc4114cee6c904c58d1d59284be0527814de96cafd6b85', '047c0bb23f8e388561d83d1768bf7def760aaa55c74cda75ba8e88143967f262', '50123f57c1dd9fec6dbefc159f9569ed9813b27fe577a64347ce93f000adabac', '9c0ef7ace4323bb55255ce7d2a8c3be35c965e0b603d87d77f18be509e585fad', '97c53558d12239d409eeb754c9231e6088e0a7be6f4d6cecf40b2094533f5835', 'd50b582eb792e0f4607d82933145005b1fcd31e062c4bb8c610c7041c8e836f6', 'e9797a2f345f11f368743d7eba6dfe3ef9492f8823a8cd7470728f92b2e7de30', '404d85c004e62e90deba8525351900c27688fe214ae862dacebd8f18fc6a361f', 'e9e77277b19df1ad80850c9559500f4ee5a8eb7ecce178abbd0bafab80fae4e6', '0b90a1098c7b23d246bfd854476a7c5a7cac79f569f84d552949565efe309c7e', 'ae9610817a79f3cba1f2f1c0152ea9968bf9834752bdf20533838138c741d80c', 'a34ae73e6ce19dd1b3fcc537046e059b900c61282c0f89ce967609dce3bddff6', '85779c39d302f9d80f310a270a2f3eec768c3295f58a254b29bc390ea25f99dd', 'e0d975b30ad94cbb1cd5ca09b70f8fc40bbd65a887a9981085a5fb7248399c31', '60e2bad9b9d0bad2139a956ae4f3f3349ed01154e3f4133d929cc05ffdb22e86', '11d71eab00f00c1434e11d57670847065ada6542f2e521864fbabe68246618a9', '72703f085be09f6dfb32c7f6400a82e992bb873fad8f328b59b3e87eaeb8f957', 'cb53b2e34c354fabcaeba8afa6ac9d125241120e7a2eb8effbe5aa4968aead86', '7bbbe88f554e792fc58e48414cdb7a530e27acd6cefb179107e6f6bb3d4fa804', '64876ecd26a4f40844f336e6175fb6aec2c20df40406f40fd306aa2e69bc97df', '0cdd0070fdf29b2709636ac0c14ddf69aec9f945a07d198503ce2ca163f4c5e7']",1548717746943
678,d461702c93b112b36c4aaad342b4adf1acede40ffa9b06c81e8ae668b0d6b695,"[-0.14317107200622559, -0.10787385702133179, -0.011564456857740879, -0.04358690232038498, 0.0002708509564399719, -0.03443249687552452, 0.017883645370602608, -0.10100381821393967, 0.048341091722249985, -0.07230038940906525, -0.04911896586418152, 0.034900303930044174, 0.04857495799660683, -0.08347269892692566, 0.05067082867026329, 0.003421616740524769, 0.03565123677253723, -0.033008649945259094, -0.0802801251411438, -0.014505996368825436, -0.033259861171245575, 0.03692009299993515, -0.010862013325095177, -0.07784614711999893, -0.0556471049785614, 0.04795805364847183, -0.010117612779140472, -0.0259564146399498, 0.026959648355841637, 0.02628329023718834, -0.043145403265953064, 0.015759648755192757, 0.05504924803972244, 0.044389352202415466, 0.025792323052883148, -0.0067479051649570465, 0.014608151279389858, 0.0035331398248672485, 0.05371719226241112, 0.0037634039763361216, -0.029329543933272362, 0.021359147503972054, -0.018891746178269386, 0.025834117084741592, 0.05275554582476616, -0.03522598370909691, 0.028809502720832825, -0.01109988335520029, 0.05067042261362076, -0.0028329333290457726]",,"['97c53558d12239d409eeb754c9231e6088e0a7be6f4d6cecf40b2094533f5835', 'a3501fdaf6d869be27e9e808bd9387c888a8345591581bb6b8e358d9ea426847', '0b708eb3ceea79c4d5e7235adf13ad3f81aeac1822a483c4494e2d96be7faf5d', '7c3a33ec1a775b4954dc4114cee6c904c58d1d59284be0527814de96cafd6b85', '1e5ab001ca75a4d05a74be4c47f80535f128dc2d3fc7e46c881123a8f9ecf220', '51d788ea4f51b43967555707c4718df8badd2157220d44c2a766ed77074ac9b5', 'dae855d3d749ebf3f9d6fdfff0e4fe48cafb70d6b9ef12d2c635bc53c3c46f57', '2d752e98e063ccc8fb7e3b51c11e905f6076f0b5f5fddc26bf941ed03e82793e', '16afa6e9b72307c364f79dff65baa246b14624e1a36c2fc6d461ef336e2daedb', '006134839b89f9a035247e7355e1a715ef827a2349e8dd776581df016cece012', '8bb73fee0cfd6d45e13dd192e79b5e12699711087d9826e39416cce3c487b35e', '76bebf92d5486eab03207e3377be4e1214b651f859c6302d30bb66b4f4c7efbf', 'c8dfee1b0775bcf6aa2836919a707d587c10acba7a7a2758806aa6521b48a81d', '85779c39d302f9d80f310a270a2f3eec768c3295f58a254b29bc390ea25f99dd', 'e0d975b30ad94cbb1cd5ca09b70f8fc40bbd65a887a9981085a5fb7248399c31', '60e2bad9b9d0bad2139a956ae4f3f3349ed01154e3f4133d929cc05ffdb22e86', 'cdfeeb637e232bbe2be7cf0aa3998751f3ce77d493a32b2d31e4e63cd29ff600', 'ae6cf024fd12e85519d1f944493009b9fb019cd6474a4470548f84edf35aeba9', '724af8aadcc6b9b27f79a123afb7ff94d1a164a5f4a3b56bcf01e994696944aa', 'ddffc06a2bca4c83bf2c540c31fce29e141e31566ddb8fa30b1948b6064700a6', '981ace9b1416695b4b959090b64beffd1fe93a070b054aae65ceed943c42fb6b', '9f582ebe71f3c13a80fe79423a75f53cc52bc0cb8c6d62fcfa0798c610804472', 'b90da1636701ec7db63fe06be458be3d356c86aecb222e5dd6b7234a9de9656d', 'd4975c7b38a23f4aa5abdfd27dda0305f1bfd0b7a151cf353177824117298fd5', '370977307a2e4887365ba340590897e57976e2e9fa6c35b1902204f9b807c44f']",1548717867928
679,d461702c93b112b36c4aaad342b4adf1acede40ffa9b06c81e8ae668b0d6b695,"[-0.14317107200622559, -0.10787385702133179, -0.011564456857740879, -0.04358690232038498, 0.0002708509564399719, -0.03443249687552452, 0.017883645370602608, -0.10100381821393967, 0.048341091722249985, -0.07230038940906525, -0.04911896586418152, 0.034900303930044174, 0.04857495799660683, -0.08347269892692566, 0.05067082867026329, 0.003421616740524769, 0.03565123677253723, -0.033008649945259094, -0.0802801251411438, -0.014505996368825436, -0.033259861171245575, 0.03692009299993515, -0.010862013325095177, -0.07784614711999893, -0.0556471049785614, 0.04795805364847183, -0.010117612779140472, -0.0259564146399498, 0.026959648355841637, 0.02628329023718834, -0.043145403265953064, 0.015759648755192757, 0.05504924803972244, 0.044389352202415466, 0.025792323052883148, -0.0067479051649570465, 0.014608151279389858, 0.0035331398248672485, 0.05371719226241112, 0.0037634039763361216, -0.029329543933272362, 0.021359147503972054, -0.018891746178269386, 0.025834117084741592, 0.05275554582476616, -0.03522598370909691, 0.028809502720832825, -0.01109988335520029, 0.05067042261362076, -0.0028329333290457726]",,"['97c53558d12239d409eeb754c9231e6088e0a7be6f4d6cecf40b2094533f5835', 'a3501fdaf6d869be27e9e808bd9387c888a8345591581bb6b8e358d9ea426847', '0b708eb3ceea79c4d5e7235adf13ad3f81aeac1822a483c4494e2d96be7faf5d', '7c3a33ec1a775b4954dc4114cee6c904c58d1d59284be0527814de96cafd6b85', '1e5ab001ca75a4d05a74be4c47f80535f128dc2d3fc7e46c881123a8f9ecf220', '51d788ea4f51b43967555707c4718df8badd2157220d44c2a766ed77074ac9b5', 'dae855d3d749ebf3f9d6fdfff0e4fe48cafb70d6b9ef12d2c635bc53c3c46f57', '2d752e98e063ccc8fb7e3b51c11e905f6076f0b5f5fddc26bf941ed03e82793e', '16afa6e9b72307c364f79dff65baa246b14624e1a36c2fc6d461ef336e2daedb', '006134839b89f9a035247e7355e1a715ef827a2349e8dd776581df016cece012', '8bb73fee0cfd6d45e13dd192e79b5e12699711087d9826e39416cce3c487b35e', '76bebf92d5486eab03207e3377be4e1214b651f859c6302d30bb66b4f4c7efbf', 'c8dfee1b0775bcf6aa2836919a707d587c10acba7a7a2758806aa6521b48a81d', '85779c39d302f9d80f310a270a2f3eec768c3295f58a254b29bc390ea25f99dd', 'e0d975b30ad94cbb1cd5ca09b70f8fc40bbd65a887a9981085a5fb7248399c31', '60e2bad9b9d0bad2139a956ae4f3f3349ed01154e3f4133d929cc05ffdb22e86', 'cdfeeb637e232bbe2be7cf0aa3998751f3ce77d493a32b2d31e4e63cd29ff600', 'ae6cf024fd12e85519d1f944493009b9fb019cd6474a4470548f84edf35aeba9', '724af8aadcc6b9b27f79a123afb7ff94d1a164a5f4a3b56bcf01e994696944aa', 'ddffc06a2bca4c83bf2c540c31fce29e141e31566ddb8fa30b1948b6064700a6', '981ace9b1416695b4b959090b64beffd1fe93a070b054aae65ceed943c42fb6b', '9f582ebe71f3c13a80fe79423a75f53cc52bc0cb8c6d62fcfa0798c610804472', 'b90da1636701ec7db63fe06be458be3d356c86aecb222e5dd6b7234a9de9656d', 'd4975c7b38a23f4aa5abdfd27dda0305f1bfd0b7a151cf353177824117298fd5', '370977307a2e4887365ba340590897e57976e2e9fa6c35b1902204f9b807c44f']",1548717867928
680,d461702c93b112b36c4aaad342b4adf1acede40ffa9b06c81e8ae668b0d6b695,"[-0.1342843919992447, -0.12328457087278366, 0.01518414169549942, -0.12523776292800903, 0.16541607677936554, -0.008915555663406849, 0.0544731430709362, 0.08912096917629242, 0.014856934547424316, -0.004322068765759468, -0.007117489818483591, 0.00550192641094327, 0.23890650272369385, 0.022971000522375107, -0.05013847351074219, -0.07161600142717361, 0.10469119995832443, -0.013831738382577896, -0.028385542333126068, 0.006014905869960785, 0.043008167296648026, 0.007549008820205927, 0.02700360305607319, 0.0007064938545227051, 0.036084678024053574, 0.039590947329998016, -0.005864887498319149, -0.013300168327987194, -0.029638519510626793, 0.009883864782750607, -0.002164355479180813, 0.011222194880247116, 0.027542948722839355, 0.027466874569654465, -0.019727416336536407, -0.024255570024251938, -0.005285738967359066, 0.005312610417604446, 0.011449238285422325, 0.01411118172109127, -0.015063261613249779, -0.011199054308235645, -0.02191053330898285, 0.00351928872987628, 0.022946171462535858, -0.017985951155424118, -0.015848178416490555, -0.004048164468258619, 0.014774341136217117, -0.0015537719009444118]","['0b708eb3ceea79c4d5e7235adf13ad3f81aeac1822a483c4494e2d96be7faf5d', '0b708eb3ceea79c4d5e7235adf13ad3f81aeac1822a483c4494e2d96be7faf5d', '0b708eb3ceea79c4d5e7235adf13ad3f81aeac1822a483c4494e2d96be7faf5d']","['77b7c4850e7ddad2ffa81af4379a3ae25d9107902fbd419d8312e0ee4067d70c', '42906e88d4ce24294d2274f7e0b8a4e111955895222467dc976bb4674bfdc1f3', 'a3501fdaf6d869be27e9e808bd9387c888a8345591581bb6b8e358d9ea426847', 'b818b1a3382cdbf83d674935767d109ca546ea822a29b5ddc04a07f01ccf7cbc', '7c3a33ec1a775b4954dc4114cee6c904c58d1d59284be0527814de96cafd6b85', '047c0bb23f8e388561d83d1768bf7def760aaa55c74cda75ba8e88143967f262', '50123f57c1dd9fec6dbefc159f9569ed9813b27fe577a64347ce93f000adabac', '9c0ef7ace4323bb55255ce7d2a8c3be35c965e0b603d87d77f18be509e585fad', '97c53558d12239d409eeb754c9231e6088e0a7be6f4d6cecf40b2094533f5835', 'e9e77277b19df1ad80850c9559500f4ee5a8eb7ecce178abbd0bafab80fae4e6', '85779c39d302f9d80f310a270a2f3eec768c3295f58a254b29bc390ea25f99dd', '60e2bad9b9d0bad2139a956ae4f3f3349ed01154e3f4133d929cc05ffdb22e86', '724af8aadcc6b9b27f79a123afb7ff94d1a164a5f4a3b56bcf01e994696944aa', '76bebf92d5486eab03207e3377be4e1214b651f859c6302d30bb66b4f4c7efbf', '5ef6a6fb3dc1a759a3259d5ecc60e4df424cd0f4e91346ddf3c487572d4c7edb', '0b708eb3ceea79c4d5e7235adf13ad3f81aeac1822a483c4494e2d96be7faf5d', '6332a0dd63d2458f00671fed2817b24275d74bed6ec41c66525ad4d53aa7fee4', '5b07e253a36bad3c2fd0c001dc096a156369e61491b5c353b347a2d05e0a04ff', 'd5e4aec682919bee8c8a600c8c81a8bcda06ca3be8803e9a2619156479cc9978', 'c9e181bfddd9c49e9f6c68820995a4e3e9d0503b97dce8cfe374063bf9d274e3', '1e5ab001ca75a4d05a74be4c47f80535f128dc2d3fc7e46c881123a8f9ecf220', '51d788ea4f51b43967555707c4718df8badd2157220d44c2a766ed77074ac9b5', 'dae855d3d749ebf3f9d6fdfff0e4fe48cafb70d6b9ef12d2c635bc53c3c46f57', '2d752e98e063ccc8fb7e3b51c11e905f6076f0b5f5fddc26bf941ed03e82793e', 'cdfeeb637e232bbe2be7cf0aa3998751f3ce77d493a32b2d31e4e63cd29ff600']",1548717886034
681,d461702c93b112b36c4aaad342b4adf1acede40ffa9b06c81e8ae668b0d6b695,"[-0.1342843919992447, -0.12328457087278366, 0.01518414169549942, -0.12523776292800903, 0.16541607677936554, -0.008915555663406849, 0.0544731430709362, 0.08912096917629242, 0.014856934547424316, -0.004322068765759468, -0.007117489818483591, 0.00550192641094327, 0.23890650272369385, 0.022971000522375107, -0.05013847351074219, -0.07161600142717361, 0.10469119995832443, -0.013831738382577896, -0.028385542333126068, 0.006014905869960785, 0.043008167296648026, 0.007549008820205927, 0.02700360305607319, 0.0007064938545227051, 0.036084678024053574, 0.039590947329998016, -0.005864887498319149, -0.013300168327987194, -0.029638519510626793, 0.009883864782750607, -0.002164355479180813, 0.011222194880247116, 0.027542948722839355, 0.027466874569654465, -0.019727416336536407, -0.024255570024251938, -0.005285738967359066, 0.005312610417604446, 0.011449238285422325, 0.01411118172109127, -0.015063261613249779, -0.011199054308235645, -0.02191053330898285, 0.00351928872987628, 0.022946171462535858, -0.017985951155424118, -0.015848178416490555, -0.004048164468258619, 0.014774341136217117, -0.0015537719009444118]","['0b708eb3ceea79c4d5e7235adf13ad3f81aeac1822a483c4494e2d96be7faf5d', '0b708eb3ceea79c4d5e7235adf13ad3f81aeac1822a483c4494e2d96be7faf5d', '0b708eb3ceea79c4d5e7235adf13ad3f81aeac1822a483c4494e2d96be7faf5d']","['77b7c4850e7ddad2ffa81af4379a3ae25d9107902fbd419d8312e0ee4067d70c', '42906e88d4ce24294d2274f7e0b8a4e111955895222467dc976bb4674bfdc1f3', 'a3501fdaf6d869be27e9e808bd9387c888a8345591581bb6b8e358d9ea426847', 'b818b1a3382cdbf83d674935767d109ca546ea822a29b5ddc04a07f01ccf7cbc', '7c3a33ec1a775b4954dc4114cee6c904c58d1d59284be0527814de96cafd6b85', '047c0bb23f8e388561d83d1768bf7def760aaa55c74cda75ba8e88143967f262', '50123f57c1dd9fec6dbefc159f9569ed9813b27fe577a64347ce93f000adabac', '9c0ef7ace4323bb55255ce7d2a8c3be35c965e0b603d87d77f18be509e585fad', '97c53558d12239d409eeb754c9231e6088e0a7be6f4d6cecf40b2094533f5835', 'e9e77277b19df1ad80850c9559500f4ee5a8eb7ecce178abbd0bafab80fae4e6', '85779c39d302f9d80f310a270a2f3eec768c3295f58a254b29bc390ea25f99dd', '60e2bad9b9d0bad2139a956ae4f3f3349ed01154e3f4133d929cc05ffdb22e86', '724af8aadcc6b9b27f79a123afb7ff94d1a164a5f4a3b56bcf01e994696944aa', '76bebf92d5486eab03207e3377be4e1214b651f859c6302d30bb66b4f4c7efbf', '5ef6a6fb3dc1a759a3259d5ecc60e4df424cd0f4e91346ddf3c487572d4c7edb', '0b708eb3ceea79c4d5e7235adf13ad3f81aeac1822a483c4494e2d96be7faf5d', '6332a0dd63d2458f00671fed2817b24275d74bed6ec41c66525ad4d53aa7fee4', '5b07e253a36bad3c2fd0c001dc096a156369e61491b5c353b347a2d05e0a04ff', 'd5e4aec682919bee8c8a600c8c81a8bcda06ca3be8803e9a2619156479cc9978', 'c9e181bfddd9c49e9f6c68820995a4e3e9d0503b97dce8cfe374063bf9d274e3', '1e5ab001ca75a4d05a74be4c47f80535f128dc2d3fc7e46c881123a8f9ecf220', '51d788ea4f51b43967555707c4718df8badd2157220d44c2a766ed77074ac9b5', 'dae855d3d749ebf3f9d6fdfff0e4fe48cafb70d6b9ef12d2c635bc53c3c46f57', '2d752e98e063ccc8fb7e3b51c11e905f6076f0b5f5fddc26bf941ed03e82793e', 'cdfeeb637e232bbe2be7cf0aa3998751f3ce77d493a32b2d31e4e63cd29ff600']",1548717886034
682,d461702c93b112b36c4aaad342b4adf1acede40ffa9b06c81e8ae668b0d6b695,"[-0.1261114925146103, -0.16620919108390808, -0.03162236884236336, 0.009668340906500816, -0.060440003871917725, -0.059225596487522125, 0.032180748879909515, 0.007521662395447493, 0.039046045392751694, 0.01720191352069378, 0.14890684187412262, -0.15632088482379913, -0.01873513124883175, 0.025188961997628212, 0.030707422643899918, -0.04778853431344032, -0.0619150809943676, 0.02509203925728798, 0.05202633515000343, -0.023328080773353577, 0.07632242143154144, -0.026653295382857323, -0.051251813769340515, 0.034671101719141006, -0.02051706798374653, 0.04090237617492676, -0.07790913432836533, 0.06817227602005005, -0.09123334288597107, 0.07620029151439667, -0.012895386666059494, -0.03194240853190422, 0.028251318261027336, 0.016628416255116463, 0.12919683754444122, 0.03510145843029022, 0.00033560438896529377, 0.019542377442121506, -0.012088784947991371, -0.04828503355383873, -0.010044289752840996, -0.003920451737940311, -0.017809586599469185, 0.03188623487949371, -0.024542802944779396, -0.07602501660585403, -0.03924863412976265, 0.020566243678331375, -0.06993365287780762, -0.024797877296805382]",,"['b26a0913eec6cb03f3432240c98152c3ecb59a6f3f034bf9712dd4518720b36b', '50f7793b8cc319320a8d917712b13af89f0089e0a1ea732e32de53a361aeaaf2', 'e487f1d3c54e03637c6aaf8cb7363f079d0c8b48faeeea3981d71e3d10ea0a68', '3e2e84f2c61e07e40f3294e7d6985a7a5923a6f4905d46a4a9d25ec0129f9ba4', '87f49077fde8a7906992f4511239f61e810171d2014bc9b18469dc9bb3ed62bd', '86d272479f262ddd1a676a4e09c8b779271a1b62691f8b49b5eb0eb880d2f4c7', 'd93f54f37e17249b152445100eed44499a4ee143fc328a5e1e49c7b8c7190b56', 'a0769cdb0bc6065c542c7fa4d78fe2d758042d0032286fd27b69c56f1e124b21', '732ff8387dd5d00cc23fb52d87dce945d57ad1fd0741e3f25eec131ecc9faace', 'bf5bd4a525e1e6b3cd389dccd8aae940a63000331344a7bb8eec9df743a00743', '9a6edc9dfe331d061f37598f49d1b191c6e51bb9e2b20bf44d8fccd9475c187b', '171aba7ebfa372848b1a42649f49b0e9dbf17b3720e42465b1cce5d08471d6b0', '18fa062af41db7f10dc6cd1326bb3aabc16293b8323b0a4c97c08e7efb721e74', 'def91db91dee0c1628582be3ff828b1f16c3bf6b6e519904d3a0311a78562d0b', '2c73151a3b2f073295c0c81f7842b841ab2fdbd55a49eac344c65a8d2ef6474e', 'b275a59044cf438199bddbf8f7b9337f75a232dd5e39c9fee73e9927a9d07a47', 'daccbdf771b33888ca4a779dfd16510b2f4d324097bbbb478f86bef26d91a887', 'b698cd838003f61ec82150f25a40ebb8f1cec584a3bc76cb185c4d1d0f89b154', 'a796cfc4eb1f7b1f01fb7047f4a841bad54851c6500d3d21606ec169a3434cd1', 'aef5f1968ab3a1317f688d1a4782188d2f167ff4ba3efcc1ef5098e9c55f4eaa', '85414051647cf851830ae852d7ec6d9fab45343dc92663b833eb63fb05779dc3', 'aefd5cda30e487454299575e5c76a56df9dca0bc66709ef3341d590665064de7', 'bcd6f81588cdd5a57af7f86122e2b27384c2368ec8adcc69c966c05dca62bbd4', '0884262d43759179d69808342bc1fd8caf572140b36a7e2895ea74ad08f91c1e', '8fe301894e16ad4bf32ed6310d68fac5172218eb5ef88112d8dca060f3cde1b3']",1548717920608
683,d461702c93b112b36c4aaad342b4adf1acede40ffa9b06c81e8ae668b0d6b695,"[-0.1261114925146103, -0.16620919108390808, -0.03162236884236336, 0.009668340906500816, -0.060440003871917725, -0.059225596487522125, 0.032180748879909515, 0.007521662395447493, 0.039046045392751694, 0.01720191352069378, 0.14890684187412262, -0.15632088482379913, -0.01873513124883175, 0.025188961997628212, 0.030707422643899918, -0.04778853431344032, -0.0619150809943676, 0.02509203925728798, 0.05202633515000343, -0.023328080773353577, 0.07632242143154144, -0.026653295382857323, -0.051251813769340515, 0.034671101719141006, -0.02051706798374653, 0.04090237617492676, -0.07790913432836533, 0.06817227602005005, -0.09123334288597107, 0.07620029151439667, -0.012895386666059494, -0.03194240853190422, 0.028251318261027336, 0.016628416255116463, 0.12919683754444122, 0.03510145843029022, 0.00033560438896529377, 0.019542377442121506, -0.012088784947991371, -0.04828503355383873, -0.010044289752840996, -0.003920451737940311, -0.017809586599469185, 0.03188623487949371, -0.024542802944779396, -0.07602501660585403, -0.03924863412976265, 0.020566243678331375, -0.06993365287780762, -0.024797877296805382]",,"['b26a0913eec6cb03f3432240c98152c3ecb59a6f3f034bf9712dd4518720b36b', '50f7793b8cc319320a8d917712b13af89f0089e0a1ea732e32de53a361aeaaf2', 'e487f1d3c54e03637c6aaf8cb7363f079d0c8b48faeeea3981d71e3d10ea0a68', '3e2e84f2c61e07e40f3294e7d6985a7a5923a6f4905d46a4a9d25ec0129f9ba4', '87f49077fde8a7906992f4511239f61e810171d2014bc9b18469dc9bb3ed62bd', '86d272479f262ddd1a676a4e09c8b779271a1b62691f8b49b5eb0eb880d2f4c7', 'd93f54f37e17249b152445100eed44499a4ee143fc328a5e1e49c7b8c7190b56', 'a0769cdb0bc6065c542c7fa4d78fe2d758042d0032286fd27b69c56f1e124b21', '732ff8387dd5d00cc23fb52d87dce945d57ad1fd0741e3f25eec131ecc9faace', 'bf5bd4a525e1e6b3cd389dccd8aae940a63000331344a7bb8eec9df743a00743', '9a6edc9dfe331d061f37598f49d1b191c6e51bb9e2b20bf44d8fccd9475c187b', '171aba7ebfa372848b1a42649f49b0e9dbf17b3720e42465b1cce5d08471d6b0', '18fa062af41db7f10dc6cd1326bb3aabc16293b8323b0a4c97c08e7efb721e74', 'def91db91dee0c1628582be3ff828b1f16c3bf6b6e519904d3a0311a78562d0b', '2c73151a3b2f073295c0c81f7842b841ab2fdbd55a49eac344c65a8d2ef6474e', 'b275a59044cf438199bddbf8f7b9337f75a232dd5e39c9fee73e9927a9d07a47', 'daccbdf771b33888ca4a779dfd16510b2f4d324097bbbb478f86bef26d91a887', 'b698cd838003f61ec82150f25a40ebb8f1cec584a3bc76cb185c4d1d0f89b154', 'a796cfc4eb1f7b1f01fb7047f4a841bad54851c6500d3d21606ec169a3434cd1', 'aef5f1968ab3a1317f688d1a4782188d2f167ff4ba3efcc1ef5098e9c55f4eaa', '85414051647cf851830ae852d7ec6d9fab45343dc92663b833eb63fb05779dc3', 'aefd5cda30e487454299575e5c76a56df9dca0bc66709ef3341d590665064de7', 'bcd6f81588cdd5a57af7f86122e2b27384c2368ec8adcc69c966c05dca62bbd4', '0884262d43759179d69808342bc1fd8caf572140b36a7e2895ea74ad08f91c1e', '8fe301894e16ad4bf32ed6310d68fac5172218eb5ef88112d8dca060f3cde1b3']",1548717920608
684,d461702c93b112b36c4aaad342b4adf1acede40ffa9b06c81e8ae668b0d6b695,"[-0.009406018070876598, -0.3351362943649292, 0.09341125935316086, 0.1581851989030838, -0.02905060350894928, -0.053508929908275604, 0.02216940186917782, 0.025878697633743286, 0.012519964948296547, 0.04189746454358101, 0.0280919149518013, -0.09783587604761124, 0.005137174855917692, -0.03625490143895149, 0.024046778678894043, -0.09971852600574493, -0.023869596421718597, 0.005621746182441711, 0.144426628947258, -0.02760108932852745, 0.05729169398546219, -0.010202150791883469, 0.020100360736250877, 0.06813286244869232, -0.0584019273519516, 0.07990406453609467, -0.005959928035736084, 0.05393916741013527, -0.005316739436239004, -0.03876253217458725, -0.03623145818710327, 0.024785570800304413, -0.005626333877444267, -0.007296252064406872, 0.11172955483198166, 0.06772269308567047, 0.043056242167949677, -0.019032102078199387, -0.08536986261606216, -0.03689330071210861, -0.046040378510951996, 0.017269788309931755, -0.04836936295032501, -0.03828515112400055, -0.03652721643447876, -0.00022321799769997597, -0.0500938817858696, 0.01118280366063118, -0.008193187415599823, -0.020727451890707016]",,"['e1890943a2b04f5de182c425f97231c0b9185017ccf4619c512ebea3f40d3ddc', '3e2e84f2c61e07e40f3294e7d6985a7a5923a6f4905d46a4a9d25ec0129f9ba4', '171aba7ebfa372848b1a42649f49b0e9dbf17b3720e42465b1cce5d08471d6b0', '12d3fb4f252a4322b45f0a895abb196ac23b82908319cb6d4c71d4408800cc3b', 'cd3358f1293f4d4e92e51ffc2a1fee5cc3f73a1a8b5a617fa225e050badfb0ab', '87f49077fde8a7906992f4511239f61e810171d2014bc9b18469dc9bb3ed62bd', 'bf5bd4a525e1e6b3cd389dccd8aae940a63000331344a7bb8eec9df743a00743', '9a6edc9dfe331d061f37598f49d1b191c6e51bb9e2b20bf44d8fccd9475c187b', 'f851704d70375496dc71834c7163a30a4286eaa950b36bfbbf013b2f3b7eeafb', '7494b2a6c3c206dc96b58a25bb0183da2e3cd5cc3a616db9b283351d902a2e5c', '8fe301894e16ad4bf32ed6310d68fac5172218eb5ef88112d8dca060f3cde1b3', '18fa062af41db7f10dc6cd1326bb3aabc16293b8323b0a4c97c08e7efb721e74', 'def91db91dee0c1628582be3ff828b1f16c3bf6b6e519904d3a0311a78562d0b', 'dfe77ffaf04d2e3f905069fec28fa52ae5b6f03a9d04266e4d808e89db91612d', 'f9883dc94933fda3bb5d1cdb39c72e1f28f187eeaa1db477f5f641c4fb778085', '4860f43f3b994df71f8cf8d294aeb8af83023cd71e1cd071b8c0f6a593f7d0e6', 'ed5822b68b2ed16f12083dc43931218b6603724330a064316f71d3547502218f', '86d272479f262ddd1a676a4e09c8b779271a1b62691f8b49b5eb0eb880d2f4c7', 'd93f54f37e17249b152445100eed44499a4ee143fc328a5e1e49c7b8c7190b56', 'a559b8b73df70f5f29638123bdf1b5fa07cd42b9f551fc32b49e0a2efc1e820b', 'a0769cdb0bc6065c542c7fa4d78fe2d758042d0032286fd27b69c56f1e124b21', '2c73151a3b2f073295c0c81f7842b841ab2fdbd55a49eac344c65a8d2ef6474e', 'd60daaacba5b9513bface0c673c2feb5c3215885acae11b370c8c997a92da51c', 'b275a59044cf438199bddbf8f7b9337f75a232dd5e39c9fee73e9927a9d07a47', 'daccbdf771b33888ca4a779dfd16510b2f4d324097bbbb478f86bef26d91a887']",1548717933806
685,d461702c93b112b36c4aaad342b4adf1acede40ffa9b06c81e8ae668b0d6b695,"[-0.009406018070876598, -0.3351362943649292, 0.09341125935316086, 0.1581851989030838, -0.02905060350894928, -0.053508929908275604, 0.02216940186917782, 0.025878697633743286, 0.012519964948296547, 0.04189746454358101, 0.0280919149518013, -0.09783587604761124, 0.005137174855917692, -0.03625490143895149, 0.024046778678894043, -0.09971852600574493, -0.023869596421718597, 0.005621746182441711, 0.144426628947258, -0.02760108932852745, 0.05729169398546219, -0.010202150791883469, 0.020100360736250877, 0.06813286244869232, -0.0584019273519516, 0.07990406453609467, -0.005959928035736084, 0.05393916741013527, -0.005316739436239004, -0.03876253217458725, -0.03623145818710327, 0.024785570800304413, -0.005626333877444267, -0.007296252064406872, 0.11172955483198166, 0.06772269308567047, 0.043056242167949677, -0.019032102078199387, -0.08536986261606216, -0.03689330071210861, -0.046040378510951996, 0.017269788309931755, -0.04836936295032501, -0.03828515112400055, -0.03652721643447876, -0.00022321799769997597, -0.0500938817858696, 0.01118280366063118, -0.008193187415599823, -0.020727451890707016]",,"['e1890943a2b04f5de182c425f97231c0b9185017ccf4619c512ebea3f40d3ddc', '3e2e84f2c61e07e40f3294e7d6985a7a5923a6f4905d46a4a9d25ec0129f9ba4', '171aba7ebfa372848b1a42649f49b0e9dbf17b3720e42465b1cce5d08471d6b0', '12d3fb4f252a4322b45f0a895abb196ac23b82908319cb6d4c71d4408800cc3b', 'cd3358f1293f4d4e92e51ffc2a1fee5cc3f73a1a8b5a617fa225e050badfb0ab', '87f49077fde8a7906992f4511239f61e810171d2014bc9b18469dc9bb3ed62bd', 'bf5bd4a525e1e6b3cd389dccd8aae940a63000331344a7bb8eec9df743a00743', '9a6edc9dfe331d061f37598f49d1b191c6e51bb9e2b20bf44d8fccd9475c187b', 'f851704d70375496dc71834c7163a30a4286eaa950b36bfbbf013b2f3b7eeafb', '7494b2a6c3c206dc96b58a25bb0183da2e3cd5cc3a616db9b283351d902a2e5c', '8fe301894e16ad4bf32ed6310d68fac5172218eb5ef88112d8dca060f3cde1b3', '18fa062af41db7f10dc6cd1326bb3aabc16293b8323b0a4c97c08e7efb721e74', 'def91db91dee0c1628582be3ff828b1f16c3bf6b6e519904d3a0311a78562d0b', 'dfe77ffaf04d2e3f905069fec28fa52ae5b6f03a9d04266e4d808e89db91612d', 'f9883dc94933fda3bb5d1cdb39c72e1f28f187eeaa1db477f5f641c4fb778085', '4860f43f3b994df71f8cf8d294aeb8af83023cd71e1cd071b8c0f6a593f7d0e6', 'ed5822b68b2ed16f12083dc43931218b6603724330a064316f71d3547502218f', '86d272479f262ddd1a676a4e09c8b779271a1b62691f8b49b5eb0eb880d2f4c7', 'd93f54f37e17249b152445100eed44499a4ee143fc328a5e1e49c7b8c7190b56', 'a559b8b73df70f5f29638123bdf1b5fa07cd42b9f551fc32b49e0a2efc1e820b', 'a0769cdb0bc6065c542c7fa4d78fe2d758042d0032286fd27b69c56f1e124b21', '2c73151a3b2f073295c0c81f7842b841ab2fdbd55a49eac344c65a8d2ef6474e', 'd60daaacba5b9513bface0c673c2feb5c3215885acae11b370c8c997a92da51c', 'b275a59044cf438199bddbf8f7b9337f75a232dd5e39c9fee73e9927a9d07a47', 'daccbdf771b33888ca4a779dfd16510b2f4d324097bbbb478f86bef26d91a887']",1548717933806
686,93d6c32aa32423eea0e1d9c54f9f87f705430686aef795630e935ae7f2d03ac0,"[-0.2628447413444519, 0.20086374878883362, 0.4467134475708008, 0.13834238052368164, -0.09413759410381317, -0.08110079169273376, 0.042614128440618515, -0.03225677087903023, -0.11519375443458557, 0.07891956716775894, -0.114928238093853, -0.02632381021976471, 0.03867378458380699, -0.020483313128352165, 0.03755820170044899, -0.04048655182123184, 0.028990488499403, 0.06898979842662811, -0.010419242084026337, -0.01903880387544632, 0.016470447182655334, 0.012528189457952976, 0.01749577932059765, -0.003957195207476616, -0.08361726999282837, 0.012605184689164162, -0.05816996097564697, 0.025329140946269035, -0.04429835453629494, -0.030510161072015762, -0.046482913196086884, 0.027542997151613235, -0.01160815916955471, -0.018194591626524925, 0.03626314923167229, -0.0530715212225914, 0.011892225593328476, 0.023232467472553253, -0.017403218895196915, 0.007870536297559738, 0.02059367299079895, -0.011662856675684452, -0.01043723151087761, 0.009380092844367027, -0.015311548486351967, -0.04433315619826317, 0.0008802702650427818, -0.02048860862851143, -0.008357133716344833, 0.0568486824631691]","['5c3a7efa9d8ced4088d5b53f08641f1c4dd7b0eb2865dc3a4c3a2f67ffb4c4ec', '72c80f577d1280cc3182717bc6f5f20a412c845bba16e11d9c6dbc05004fecbf']","['0e8ef2bd775b78597cb2dd97fceb6e340af07f57b99ef530603e6d1dcd92b4bc', 'fa1984a7e2f929dedaf438614ac5fdc31fea02c498d89d4c1cea65526ce71dcd', '0bd9533210cd00d3b0ff3fabd16c784be6d64f2997712d402313b145b452b347', 'f5181a9cf3966628ed45e8c25e97ada1be14eae9a075f3b51bf93b1b9b4478e4', 'eaaf33f32d720adf432bf79afe6672f95d56d13ba8327f35a405c5325263bc91', 'c7112040ad70c3c7b516e670d37770bf5e9aa24305601f8695e9586e0bd62746', '8827c18f09cf878de38804994ed090552c0abf047bd1415e5eb3e6b981a72dff', '4a67e73be2b887c29c66d6daf06ebf3cdf2c087fada109b0c5741576bab8f0c2', 'd21bab457e9e26091fae88c9fb14e8d94f22fc47d729515f62c1b97651fc5b7a', 'bf76d968fc751d09829b31552af65eda6e64ca650de3e331dfed63e293478540', '50693fc374bed2ee6baeec684575ccf1c2317037c5318a283f8c397b7710032e', '9c3ec881c197ca473b291ce00fe51063875e5cc2e704cf8a190557ee16006a4f', '0901128b3e4289e4ee23442932ac159f42d85cb1fa75cc69610be5f89e52fc02', '50b07fa801e51058b540369c3911ab48e53af568130981213e18a802a2b674f7', '915c94aba7d9fbdbd2b3077765f05a371cedd49c0ec48b540369c10726c93f20', 'a42548ed292d7242647d08ee87c4f911ad307810d1aaf0d82c9993373a34762a', 'c827ddcd4cdf20472f2e6dd76f2394c2d7b538304b288104c1042bf45734637f', '4396b2a3a9a4a7f93443a115c347ec0082fff9577a740e5fd128fff1982317d7', '3800ea07450a89bf7ee091620d25c9787b5e8ed2a67ad15c83b40112351d09fd', '0a0038f07ca85c53c1efbc0c7b6267365dff9329de4673ccf5ef7ecb614ffb7f', 'a4a98fa15b83cd3e54f4347ab10f068424ac77c34f20fd5f3d419e40fe97ca76', 'fba177621680d807099186440ec94e042e68753f41c4c2573bb90fe29173efbd', '4e254260b388657b385a348cd0eeebf57c72e22e7f62eddff90e237b60c39af3', 'fa587f68c67b60b0364ef0956a636fbfd13c380d4336404f0a3c22c7e69ba5a1', 'ac2ee910f124850680d6d545775524c944b74d57dbe094728763051e6e14278d']",1548856338931
687,b19a2e7005260d87dc6bbfcaaa444ff6f26445b2d52d7e3e767651a86d84c680,"[-0.2628447413444519, 0.20086374878883362, 0.4467134475708008, 0.13834238052368164, -0.09413759410381317, -0.08110079169273376, 0.042614128440618515, -0.03225677087903023, -0.11519375443458557, 0.07891956716775894, -0.114928238093853, -0.02632381021976471, 0.03867378458380699, -0.020483313128352165, 0.03755820170044899, -0.04048655182123184, 0.028990488499403, 0.06898979842662811, -0.010419242084026337, -0.01903880387544632, 0.016470447182655334, 0.012528189457952976, 0.01749577932059765, -0.003957195207476616, -0.08361726999282837, 0.012605184689164162, -0.05816996097564697, 0.025329140946269035, -0.04429835453629494, -0.030510161072015762, -0.046482913196086884, 0.027542997151613235, -0.01160815916955471, -0.018194591626524925, 0.03626314923167229, -0.0530715212225914, 0.011892225593328476, 0.023232467472553253, -0.017403218895196915, 0.007870536297559738, 0.02059367299079895, -0.011662856675684452, -0.01043723151087761, 0.009380092844367027, -0.015311548486351967, -0.04433315619826317, 0.0008802702650427818, -0.02048860862851143, -0.008357133716344833, 0.0568486824631691]","['a4a98fa15b83cd3e54f4347ab10f068424ac77c34f20fd5f3d419e40fe97ca76', 'fba177621680d807099186440ec94e042e68753f41c4c2573bb90fe29173efbd', 'fa587f68c67b60b0364ef0956a636fbfd13c380d4336404f0a3c22c7e69ba5a1', 'c6b367369559668dbaf4b9c638a7c463e63af958333cbf3b1ebd1ee8ddf37440', '4e254260b388657b385a348cd0eeebf57c72e22e7f62eddff90e237b60c39af3']","['0e8ef2bd775b78597cb2dd97fceb6e340af07f57b99ef530603e6d1dcd92b4bc', 'fa1984a7e2f929dedaf438614ac5fdc31fea02c498d89d4c1cea65526ce71dcd', '0bd9533210cd00d3b0ff3fabd16c784be6d64f2997712d402313b145b452b347', 'f5181a9cf3966628ed45e8c25e97ada1be14eae9a075f3b51bf93b1b9b4478e4', 'eaaf33f32d720adf432bf79afe6672f95d56d13ba8327f35a405c5325263bc91', 'c7112040ad70c3c7b516e670d37770bf5e9aa24305601f8695e9586e0bd62746', '8827c18f09cf878de38804994ed090552c0abf047bd1415e5eb3e6b981a72dff', '4a67e73be2b887c29c66d6daf06ebf3cdf2c087fada109b0c5741576bab8f0c2', 'd21bab457e9e26091fae88c9fb14e8d94f22fc47d729515f62c1b97651fc5b7a', 'bf76d968fc751d09829b31552af65eda6e64ca650de3e331dfed63e293478540', '50693fc374bed2ee6baeec684575ccf1c2317037c5318a283f8c397b7710032e', '9c3ec881c197ca473b291ce00fe51063875e5cc2e704cf8a190557ee16006a4f', '0901128b3e4289e4ee23442932ac159f42d85cb1fa75cc69610be5f89e52fc02', '50b07fa801e51058b540369c3911ab48e53af568130981213e18a802a2b674f7', '915c94aba7d9fbdbd2b3077765f05a371cedd49c0ec48b540369c10726c93f20', 'a42548ed292d7242647d08ee87c4f911ad307810d1aaf0d82c9993373a34762a', 'c827ddcd4cdf20472f2e6dd76f2394c2d7b538304b288104c1042bf45734637f', '4396b2a3a9a4a7f93443a115c347ec0082fff9577a740e5fd128fff1982317d7', '3800ea07450a89bf7ee091620d25c9787b5e8ed2a67ad15c83b40112351d09fd', '0a0038f07ca85c53c1efbc0c7b6267365dff9329de4673ccf5ef7ecb614ffb7f', 'a4a98fa15b83cd3e54f4347ab10f068424ac77c34f20fd5f3d419e40fe97ca76', 'fba177621680d807099186440ec94e042e68753f41c4c2573bb90fe29173efbd', '4e254260b388657b385a348cd0eeebf57c72e22e7f62eddff90e237b60c39af3', 'fa587f68c67b60b0364ef0956a636fbfd13c380d4336404f0a3c22c7e69ba5a1', 'ac2ee910f124850680d6d545775524c944b74d57dbe094728763051e6e14278d']",1548852631531
688,b19a2e7005260d87dc6bbfcaaa444ff6f26445b2d52d7e3e767651a86d84c680,"[-0.2628447413444519, 0.20086374878883362, 0.4467134475708008, 0.13834238052368164, -0.09413759410381317, -0.08110079169273376, 0.042614128440618515, -0.03225677087903023, -0.11519375443458557, 0.07891956716775894, -0.114928238093853, -0.02632381021976471, 0.03867378458380699, -0.020483313128352165, 0.03755820170044899, -0.04048655182123184, 0.028990488499403, 0.06898979842662811, -0.010419242084026337, -0.01903880387544632, 0.016470447182655334, 0.012528189457952976, 0.01749577932059765, -0.003957195207476616, -0.08361726999282837, 0.012605184689164162, -0.05816996097564697, 0.025329140946269035, -0.04429835453629494, -0.030510161072015762, -0.046482913196086884, 0.027542997151613235, -0.01160815916955471, -0.018194591626524925, 0.03626314923167229, -0.0530715212225914, 0.011892225593328476, 0.023232467472553253, -0.017403218895196915, 0.007870536297559738, 0.02059367299079895, -0.011662856675684452, -0.01043723151087761, 0.009380092844367027, -0.015311548486351967, -0.04433315619826317, 0.0008802702650427818, -0.02048860862851143, -0.008357133716344833, 0.0568486824631691]","['a4a98fa15b83cd3e54f4347ab10f068424ac77c34f20fd5f3d419e40fe97ca76', 'fba177621680d807099186440ec94e042e68753f41c4c2573bb90fe29173efbd', 'fa587f68c67b60b0364ef0956a636fbfd13c380d4336404f0a3c22c7e69ba5a1', 'c6b367369559668dbaf4b9c638a7c463e63af958333cbf3b1ebd1ee8ddf37440', '4e254260b388657b385a348cd0eeebf57c72e22e7f62eddff90e237b60c39af3']","['0e8ef2bd775b78597cb2dd97fceb6e340af07f57b99ef530603e6d1dcd92b4bc', 'fa1984a7e2f929dedaf438614ac5fdc31fea02c498d89d4c1cea65526ce71dcd', '0bd9533210cd00d3b0ff3fabd16c784be6d64f2997712d402313b145b452b347', 'f5181a9cf3966628ed45e8c25e97ada1be14eae9a075f3b51bf93b1b9b4478e4', 'eaaf33f32d720adf432bf79afe6672f95d56d13ba8327f35a405c5325263bc91', 'c7112040ad70c3c7b516e670d37770bf5e9aa24305601f8695e9586e0bd62746', '8827c18f09cf878de38804994ed090552c0abf047bd1415e5eb3e6b981a72dff', '4a67e73be2b887c29c66d6daf06ebf3cdf2c087fada109b0c5741576bab8f0c2', 'd21bab457e9e26091fae88c9fb14e8d94f22fc47d729515f62c1b97651fc5b7a', 'bf76d968fc751d09829b31552af65eda6e64ca650de3e331dfed63e293478540', '50693fc374bed2ee6baeec684575ccf1c2317037c5318a283f8c397b7710032e', '9c3ec881c197ca473b291ce00fe51063875e5cc2e704cf8a190557ee16006a4f', '0901128b3e4289e4ee23442932ac159f42d85cb1fa75cc69610be5f89e52fc02', '50b07fa801e51058b540369c3911ab48e53af568130981213e18a802a2b674f7', '915c94aba7d9fbdbd2b3077765f05a371cedd49c0ec48b540369c10726c93f20', 'a42548ed292d7242647d08ee87c4f911ad307810d1aaf0d82c9993373a34762a', 'c827ddcd4cdf20472f2e6dd76f2394c2d7b538304b288104c1042bf45734637f', '4396b2a3a9a4a7f93443a115c347ec0082fff9577a740e5fd128fff1982317d7', '3800ea07450a89bf7ee091620d25c9787b5e8ed2a67ad15c83b40112351d09fd', '0a0038f07ca85c53c1efbc0c7b6267365dff9329de4673ccf5ef7ecb614ffb7f', 'a4a98fa15b83cd3e54f4347ab10f068424ac77c34f20fd5f3d419e40fe97ca76', 'fba177621680d807099186440ec94e042e68753f41c4c2573bb90fe29173efbd', '4e254260b388657b385a348cd0eeebf57c72e22e7f62eddff90e237b60c39af3', 'fa587f68c67b60b0364ef0956a636fbfd13c380d4336404f0a3c22c7e69ba5a1', 'ac2ee910f124850680d6d545775524c944b74d57dbe094728763051e6e14278d']",1548852631531
689,c907d322d01ecb30dcee27d1e3724dc957e282eb2365999dec20bddfbd87a24c,"[-0.17460331320762634, -0.1480492353439331, 0.04104476422071457, 0.007736315950751305, -0.003609113395214081, 0.046670325100421906, -0.013353493064641953, -0.05879109352827072, 0.13920311629772186, -0.13160519301891327, -0.016962165012955666, 0.08486419916152954, 0.142733633518219, 0.0799858421087265, 0.12287111580371857, -0.11033371090888977, -0.1423332542181015, 0.1496993601322174, 0.07180644571781158, 0.002376137301325798, -0.013741739094257355, -0.027513621374964714, -0.2193484604358673, -0.06399981677532196, -0.04946061968803406, -0.04482486844062805, 0.1325398087501526, -0.0034226023126393557, 0.02671463042497635, -0.04024612158536911, -0.027370387688279152, 0.006956552155315876, 0.09722015261650085, -0.05626540631055832, 0.11319222301244736, 0.16319340467453003, -0.12061569094657898, 0.09548091888427734, -0.11452953517436981, -0.018824569880962372, -0.09661033749580383, 0.12558794021606445, -0.06506781280040741, -0.059812918305397034, -0.07558543980121613, -0.1314455270767212, -0.073605015873909, 0.008106193505227566, 0.0268089659512043, -0.11013706773519516]",,,1548967751959
690,a8c10f9f1bd5d7bb35871db6049eacde97397298dba47fb208bb4e2db9a9bf3c,"[0.045650724321603775, 0.018130064010620117, -0.14930984377861023, 0.1528683453798294, -0.03582915663719177, -0.20918716490268707, 0.0066337366588413715, 0.003883565776050091, -0.04666348546743393, -0.044257115572690964, 0.00786048173904419, -0.09384128451347351, -0.02753705158829689, -0.02526026777923107, -0.06578543782234192, 0.03230923041701317, -0.05677909031510353, 0.08516308665275574, -0.0160979013890028, -0.03373738378286362, -0.030014105141162872, 0.006814631167799234, 0.05184121057391167, 0.015513144433498383, -0.004225786775350571, 0.008199986070394516, -0.020680349320173264, -0.0012603260111063719, -0.0549386665225029, 0.05774800851941109, -0.005234607961028814, 0.054795511066913605, -0.04978346824645996, -0.07411769032478333, 0.055434271693229675, -0.012046332471072674, -0.026539525017142296, 0.04339457303285599, -0.07376628369092941, 0.031244518235325813, 0.0005972273647785187, 0.07402756810188293, 0.02312912791967392, 0.00523747643455863, -0.009926099330186844, 0.08845412731170654, -0.09583371132612228, -0.002525387331843376, 0.03337537497282028, 0.007444707676768303]",,,1547776463297
691,a8c10f9f1bd5d7bb35871db6049eacde97397298dba47fb208bb4e2db9a9bf3c,"[0.045650724321603775, 0.018130064010620117, -0.14930984377861023, 0.1528683453798294, -0.03582915663719177, -0.20918716490268707, 0.0066337366588413715, 0.003883565776050091, -0.04666348546743393, -0.044257115572690964, 0.00786048173904419, -0.09384128451347351, -0.02753705158829689, -0.02526026777923107, -0.06578543782234192, 0.03230923041701317, -0.05677909031510353, 0.08516308665275574, -0.0160979013890028, -0.03373738378286362, -0.030014105141162872, 0.006814631167799234, 0.05184121057391167, 0.015513144433498383, -0.004225786775350571, 0.008199986070394516, -0.020680349320173264, -0.0012603260111063719, -0.0549386665225029, 0.05774800851941109, -0.005234607961028814, 0.054795511066913605, -0.04978346824645996, -0.07411769032478333, 0.055434271693229675, -0.012046332471072674, -0.026539525017142296, 0.04339457303285599, -0.07376628369092941, 0.031244518235325813, 0.0005972273647785187, 0.07402756810188293, 0.02312912791967392, 0.00523747643455863, -0.009926099330186844, 0.08845412731170654, -0.09583371132612228, -0.002525387331843376, 0.03337537497282028, 0.007444707676768303]",,,1547776463297
692,a8c10f9f1bd5d7bb35871db6049eacde97397298dba47fb208bb4e2db9a9bf3c,"[-0.05209741368889809, 0.07341799139976501, -0.17004898190498352, 0.06461324542760849, -0.08863259851932526, -0.22852486371994019, -0.050747618079185486, -0.034414373338222504, -0.0790528655052185, -0.03205340355634689, -0.012891808524727821, -0.06896322220563889, -0.03626231849193573, -0.049202390015125275, -0.11460892111063004, 0.050517212599515915, -0.04091125726699829, 0.1016993373632431, 0.0028459010645747185, -0.022243184968829155, -0.007759790867567062, 0.02306596003472805, 0.07175423204898834, -0.004967370070517063, 0.03288761526346207, 0.031103083863854408, -0.040335193276405334, -0.007337563671171665, -0.05562452971935272, 0.053499024361371994, 0.006662317551672459, 0.09407350420951843, -0.0949903130531311, -0.11914083361625671, 0.041239265352487564, 0.012596401385962963, -0.02684844471514225, 0.03637710213661194, -0.06994089484214783, 0.05553823336958885, -0.00520110409706831, 0.08096115291118622, 0.06143704429268837, 0.00916958600282669, -0.008197657763957977, 0.11616544425487518, -0.08195667713880539, 0.003315831534564495, 0.03199780359864235, -0.01914067193865776]",,"['39b4c24adc7165457fb4f44637a778e59c1b14fda285a22d370cf575595c4c62', 'c048dd7a45f000d9c57073d2009e93b6ab630fdd0a99e64a65ca3189db0c18d8', '7480d2422ccab127e1a977e4b1faa0eefc8d6ff34fb9fab5ffb4e76c3e31cc9e', 'e88300e91dc5267c639e9578bc533de45eda68434da0acef62133041061601e5', 'c6fd60524c4e7c2091509732f7ad0f4185c188859b8f2734a47ccc82c44d1548', 'dfa7046285518400cf937f638a44869d1b87ad9442960a62fb61709aa60fccdd', '01e43c5850b9bac6b408c9abc51db5f25269a81936d5b2c6196c7c3586fb60c5', '1abf6c303d99087c466e8e67e39abd350da8599af16f9c0fdbea7073e0012c01', 'f9471b3bf3be87d442ce65c264d0ea99fd0461ae27792c63532a12b7527c78ec', '36e8246f800db10613eef89c81513df909ec8171a875f004392cef21c3f9c07c', 'b082950b7ca81311be2d518c76c4a0c869b453b14660951792ece7652a8a7b8f', 'bdd98e958a8cb9d2a1729dc793be5ea3f7c889053724b651ab67cbe4d052c596', '096fdf5eee7bab8b47930530ea6421fc6efd151bb0bd145fec38d2d9fb4559cc', '96d3a3690ca643770d6e0bbc2098a362710d0317c97c81e533ac454cb810ed87', '73c282485eeee7d1265cd643266c7b8a48f35c0bb57c5ac230b9e6e7181fa304', '47639b63f90868e3d5a407c72e094dad8e8d31d3a5436c52d3f85f6495d9deb4', '46f2b1fa95e6e5b3b431bbdd22567b4c58f9ddac4e6e64a1e7b736efd18c9e26', '42358241f8f089305781f3585432d82137fd02816263a75960845cecc302e844', 'd9f2182ac2a820ff28a33ede8afd5d9831890954b973c36e59fd8df7c525ce4d', '6d296ea75f244d810a11dc9ed7390880836282995c0c0ba5b74b0accdc6bc100', '9a80a22371e44e7a9fc92469fe3ad78e12747bb4d6caea05e1aabf291a213f67', 'c6497df3303caf5c378ec4093aa782db0801bdc20088b53ed599d65a63f936eb', '0852b003daf3538e7309df9bb76e65c7cb8499a90290b244d2945be71995cab2', '0d00f9586e89a69f02288d799683e92e9b70aec392887b6ad4a14d5566b9be27', '877a411de8069e049b4f35a65bdd70a7af07b4ea4ed7de24171909072384501c']",1547776488634
693,a8c10f9f1bd5d7bb35871db6049eacde97397298dba47fb208bb4e2db9a9bf3c,"[-0.05209741368889809, 0.07341799139976501, -0.17004898190498352, 0.06461324542760849, -0.08863259851932526, -0.22852486371994019, -0.050747618079185486, -0.034414373338222504, -0.0790528655052185, -0.03205340355634689, -0.012891808524727821, -0.06896322220563889, -0.03626231849193573, -0.049202390015125275, -0.11460892111063004, 0.050517212599515915, -0.04091125726699829, 0.1016993373632431, 0.0028459010645747185, -0.022243184968829155, -0.007759790867567062, 0.02306596003472805, 0.07175423204898834, -0.004967370070517063, 0.03288761526346207, 0.031103083863854408, -0.040335193276405334, -0.007337563671171665, -0.05562452971935272, 0.053499024361371994, 0.006662317551672459, 0.09407350420951843, -0.0949903130531311, -0.11914083361625671, 0.041239265352487564, 0.012596401385962963, -0.02684844471514225, 0.03637710213661194, -0.06994089484214783, 0.05553823336958885, -0.00520110409706831, 0.08096115291118622, 0.06143704429268837, 0.00916958600282669, -0.008197657763957977, 0.11616544425487518, -0.08195667713880539, 0.003315831534564495, 0.03199780359864235, -0.01914067193865776]",,"['39b4c24adc7165457fb4f44637a778e59c1b14fda285a22d370cf575595c4c62', 'c048dd7a45f000d9c57073d2009e93b6ab630fdd0a99e64a65ca3189db0c18d8', '7480d2422ccab127e1a977e4b1faa0eefc8d6ff34fb9fab5ffb4e76c3e31cc9e', 'e88300e91dc5267c639e9578bc533de45eda68434da0acef62133041061601e5', 'c6fd60524c4e7c2091509732f7ad0f4185c188859b8f2734a47ccc82c44d1548', 'dfa7046285518400cf937f638a44869d1b87ad9442960a62fb61709aa60fccdd', '01e43c5850b9bac6b408c9abc51db5f25269a81936d5b2c6196c7c3586fb60c5', '1abf6c303d99087c466e8e67e39abd350da8599af16f9c0fdbea7073e0012c01', 'f9471b3bf3be87d442ce65c264d0ea99fd0461ae27792c63532a12b7527c78ec', '36e8246f800db10613eef89c81513df909ec8171a875f004392cef21c3f9c07c', 'b082950b7ca81311be2d518c76c4a0c869b453b14660951792ece7652a8a7b8f', 'bdd98e958a8cb9d2a1729dc793be5ea3f7c889053724b651ab67cbe4d052c596', '096fdf5eee7bab8b47930530ea6421fc6efd151bb0bd145fec38d2d9fb4559cc', '96d3a3690ca643770d6e0bbc2098a362710d0317c97c81e533ac454cb810ed87', '73c282485eeee7d1265cd643266c7b8a48f35c0bb57c5ac230b9e6e7181fa304', '47639b63f90868e3d5a407c72e094dad8e8d31d3a5436c52d3f85f6495d9deb4', '46f2b1fa95e6e5b3b431bbdd22567b4c58f9ddac4e6e64a1e7b736efd18c9e26', '42358241f8f089305781f3585432d82137fd02816263a75960845cecc302e844', 'd9f2182ac2a820ff28a33ede8afd5d9831890954b973c36e59fd8df7c525ce4d', '6d296ea75f244d810a11dc9ed7390880836282995c0c0ba5b74b0accdc6bc100', '9a80a22371e44e7a9fc92469fe3ad78e12747bb4d6caea05e1aabf291a213f67', 'c6497df3303caf5c378ec4093aa782db0801bdc20088b53ed599d65a63f936eb', '0852b003daf3538e7309df9bb76e65c7cb8499a90290b244d2945be71995cab2', '0d00f9586e89a69f02288d799683e92e9b70aec392887b6ad4a14d5566b9be27', '877a411de8069e049b4f35a65bdd70a7af07b4ea4ed7de24171909072384501c']",1547776488634
694,a8c10f9f1bd5d7bb35871db6049eacde97397298dba47fb208bb4e2db9a9bf3c,"[-0.044407445937395096, 0.0709972232580185, -0.17939040064811707, 0.08130830526351929, -0.10740361362695694, -0.2440851330757141, -0.05272649973630905, -0.022770050913095474, -0.07991379499435425, -0.04065132886171341, -0.026525994762778282, -0.08562017977237701, -0.027402514591813087, -0.04406163841485977, -0.10851627588272095, 0.06911478191614151, -0.05206718668341637, 0.12095733731985092, 0.014367262832820415, -0.013134279288351536, 0.0012458115816116333, 0.016929801553487778, 0.07861920446157455, 0.008529064245522022, 0.030831996351480484, 0.04023898392915726, -0.053003713488578796, 0.008175238035619259, -0.06049903854727745, 0.04162599518895149, 0.035360850393772125, 0.10817325860261917, -0.0897904485464096, -0.11280523240566254, 0.052979789674282074, 0.040959909558296204, -0.009243493899703026, 0.05137261375784874, -0.05658060312271118, 0.09012014418840408, -0.026784975081682205, 0.07463173568248749, 0.008527369238436222, 0.0060005406849086285, -0.003994237631559372, 0.11184894293546677, -0.04498822242021561, 0.009832175448536873, -0.0008537489920854568, -0.0004930072464048862]",,"['39b4c24adc7165457fb4f44637a778e59c1b14fda285a22d370cf575595c4c62', 'c048dd7a45f000d9c57073d2009e93b6ab630fdd0a99e64a65ca3189db0c18d8', '7480d2422ccab127e1a977e4b1faa0eefc8d6ff34fb9fab5ffb4e76c3e31cc9e', 'e88300e91dc5267c639e9578bc533de45eda68434da0acef62133041061601e5', 'c6fd60524c4e7c2091509732f7ad0f4185c188859b8f2734a47ccc82c44d1548', 'dfa7046285518400cf937f638a44869d1b87ad9442960a62fb61709aa60fccdd', '01e43c5850b9bac6b408c9abc51db5f25269a81936d5b2c6196c7c3586fb60c5', '1abf6c303d99087c466e8e67e39abd350da8599af16f9c0fdbea7073e0012c01', 'f9471b3bf3be87d442ce65c264d0ea99fd0461ae27792c63532a12b7527c78ec', '36e8246f800db10613eef89c81513df909ec8171a875f004392cef21c3f9c07c', 'b082950b7ca81311be2d518c76c4a0c869b453b14660951792ece7652a8a7b8f', 'bdd98e958a8cb9d2a1729dc793be5ea3f7c889053724b651ab67cbe4d052c596', '096fdf5eee7bab8b47930530ea6421fc6efd151bb0bd145fec38d2d9fb4559cc', '96d3a3690ca643770d6e0bbc2098a362710d0317c97c81e533ac454cb810ed87', '73c282485eeee7d1265cd643266c7b8a48f35c0bb57c5ac230b9e6e7181fa304', '47639b63f90868e3d5a407c72e094dad8e8d31d3a5436c52d3f85f6495d9deb4', '46f2b1fa95e6e5b3b431bbdd22567b4c58f9ddac4e6e64a1e7b736efd18c9e26', '42358241f8f089305781f3585432d82137fd02816263a75960845cecc302e844', 'd9f2182ac2a820ff28a33ede8afd5d9831890954b973c36e59fd8df7c525ce4d', '6d296ea75f244d810a11dc9ed7390880836282995c0c0ba5b74b0accdc6bc100', '9a80a22371e44e7a9fc92469fe3ad78e12747bb4d6caea05e1aabf291a213f67', 'c6497df3303caf5c378ec4093aa782db0801bdc20088b53ed599d65a63f936eb', '0852b003daf3538e7309df9bb76e65c7cb8499a90290b244d2945be71995cab2', '0d00f9586e89a69f02288d799683e92e9b70aec392887b6ad4a14d5566b9be27', '877a411de8069e049b4f35a65bdd70a7af07b4ea4ed7de24171909072384501c']",1547776555433
695,a8c10f9f1bd5d7bb35871db6049eacde97397298dba47fb208bb4e2db9a9bf3c,"[-0.044407445937395096, 0.0709972232580185, -0.17939040064811707, 0.08130830526351929, -0.10740361362695694, -0.2440851330757141, -0.05272649973630905, -0.022770050913095474, -0.07991379499435425, -0.04065132886171341, -0.026525994762778282, -0.08562017977237701, -0.027402514591813087, -0.04406163841485977, -0.10851627588272095, 0.06911478191614151, -0.05206718668341637, 0.12095733731985092, 0.014367262832820415, -0.013134279288351536, 0.0012458115816116333, 0.016929801553487778, 0.07861920446157455, 0.008529064245522022, 0.030831996351480484, 0.04023898392915726, -0.053003713488578796, 0.008175238035619259, -0.06049903854727745, 0.04162599518895149, 0.035360850393772125, 0.10817325860261917, -0.0897904485464096, -0.11280523240566254, 0.052979789674282074, 0.040959909558296204, -0.009243493899703026, 0.05137261375784874, -0.05658060312271118, 0.09012014418840408, -0.026784975081682205, 0.07463173568248749, 0.008527369238436222, 0.0060005406849086285, -0.003994237631559372, 0.11184894293546677, -0.04498822242021561, 0.009832175448536873, -0.0008537489920854568, -0.0004930072464048862]",,"['39b4c24adc7165457fb4f44637a778e59c1b14fda285a22d370cf575595c4c62', 'c048dd7a45f000d9c57073d2009e93b6ab630fdd0a99e64a65ca3189db0c18d8', '7480d2422ccab127e1a977e4b1faa0eefc8d6ff34fb9fab5ffb4e76c3e31cc9e', 'e88300e91dc5267c639e9578bc533de45eda68434da0acef62133041061601e5', 'c6fd60524c4e7c2091509732f7ad0f4185c188859b8f2734a47ccc82c44d1548', 'dfa7046285518400cf937f638a44869d1b87ad9442960a62fb61709aa60fccdd', '01e43c5850b9bac6b408c9abc51db5f25269a81936d5b2c6196c7c3586fb60c5', '1abf6c303d99087c466e8e67e39abd350da8599af16f9c0fdbea7073e0012c01', 'f9471b3bf3be87d442ce65c264d0ea99fd0461ae27792c63532a12b7527c78ec', '36e8246f800db10613eef89c81513df909ec8171a875f004392cef21c3f9c07c', 'b082950b7ca81311be2d518c76c4a0c869b453b14660951792ece7652a8a7b8f', 'bdd98e958a8cb9d2a1729dc793be5ea3f7c889053724b651ab67cbe4d052c596', '096fdf5eee7bab8b47930530ea6421fc6efd151bb0bd145fec38d2d9fb4559cc', '96d3a3690ca643770d6e0bbc2098a362710d0317c97c81e533ac454cb810ed87', '73c282485eeee7d1265cd643266c7b8a48f35c0bb57c5ac230b9e6e7181fa304', '47639b63f90868e3d5a407c72e094dad8e8d31d3a5436c52d3f85f6495d9deb4', '46f2b1fa95e6e5b3b431bbdd22567b4c58f9ddac4e6e64a1e7b736efd18c9e26', '42358241f8f089305781f3585432d82137fd02816263a75960845cecc302e844', 'd9f2182ac2a820ff28a33ede8afd5d9831890954b973c36e59fd8df7c525ce4d', '6d296ea75f244d810a11dc9ed7390880836282995c0c0ba5b74b0accdc6bc100', '9a80a22371e44e7a9fc92469fe3ad78e12747bb4d6caea05e1aabf291a213f67', 'c6497df3303caf5c378ec4093aa782db0801bdc20088b53ed599d65a63f936eb', '0852b003daf3538e7309df9bb76e65c7cb8499a90290b244d2945be71995cab2', '0d00f9586e89a69f02288d799683e92e9b70aec392887b6ad4a14d5566b9be27', '877a411de8069e049b4f35a65bdd70a7af07b4ea4ed7de24171909072384501c']",1547776555433
696,29b2cd96c65cd2e7e1c6141fd2059532cc2964f825f71f05f9f38140cb254320,"[-0.15873053669929504, 0.13290831446647644, -0.25231680274009705, 0.04800092801451683, 0.0843210443854332, 0.19504503905773163, 0.02453976310789585, -0.02673296257853508, 0.05737981200218201, 0.1288449615240097, -0.003639746457338333, -0.017168689519166946, 0.10598646104335785, 0.06077520549297333, -0.024712692946195602, -0.04885031282901764, -0.011216599494218826, 0.08149796724319458, 0.04456444829702377, -0.003835181938484311, 0.02450864017009735, 0.019622545689344406, 0.10652600228786469, 0.044895440340042114, -0.0326227992773056, 0.039347149431705475, 0.01054922491312027, -0.03186044096946716, 0.03032328560948372, -0.006146439351141453, 0.02766205556690693, 0.00264530535787344, 0.05768202617764473, 0.018839724361896515, 0.046235837042331696, 0.022305086255073547, 0.020447514951229095, 0.03687060624361038, -0.0003871507942676544, -0.028529223054647446, 0.00055659469217062, 0.016716618090867996, 0.060009680688381195, 0.007070980034768581, -0.05449860915541649, -0.03894900903105736, 0.023413321003317833, 0.022042833268642426, 0.04222042113542557, -0.028304701671004295]",,"['cbcf7c27bb5d5fb9cbdfef0dc883f503d0ecf25c81da141b16f4297efd6075e9', '5165fc8ae07f2de2fd45240198d158a0349b61031465f143ad7133daf93f4411', 'd31a44f2d6a404bb23086f2c3dd5591b708740b5a8e30ef00e91c76b1156dd50', '51783c1e4f815f59007c8c215d9314460a8b1fadfd840165f42d810a9415a575', 'c44ceadbed3563a62f4807ec27cbda403f6094794d5c3b290fa2682cb5b00464', '82a692bac6062d76efa4e0f6b1d8ed4df6824286257a5f99be37ca831136227d', '9788a279f41ad072657bdd7b745911755c15cd8b7afcb45c0bb47ace5a3dbf8c', '27b900de56a57a046c28f206d894a10e5ce7370d706b7a7b9af8fdb7f8b75610', '7c95fb325e154119cd209eedc9c8e777448e15a78ef1b7c964ec5ff0cfb4fd07', '27cc0003b1a04745e82203c9bee453ab7c989042a7f5608ed9aa532ee3c82fb5', 'b1741e5082699cc9f17325c9456947642e23826597c9715f9cc50a0c5a2745e4', '5863b5f8371b57ddfa0c80afe7786bc1f5dac47186daf831b4ec418b856c1c17', '61478f24a84658dcc2d5f7968f3a62efa6b432d894ad6d38c253aa0f11556a5f', 'cfd1b01e32b5f0a214399720a7f8850ddde7f60d482c62c77e67c2a3d1da10d4', '02f2915c9e0083e79b47b8dc9d982c3d698b725779258c977bfcf72b879a613b', 'c167b75b424cd7a47c907fec7b4edccff33629cbd1cf9d346b0856d170a35973', '7d5f1e164c4f85e72e06fac22597a318e520f9e9040c3af6c7bd3a7bee7432a4', '063329fd18c086b306af7638c520020c4c35c1abe7a8f05e286931cbcb75ffb8', '888d89116790fc9104fdb46a07a539816bbb57befa287dc62e0635fda0d44065', 'babd2ce6f8788ca61568e3578604f6cb2dd7f0f408ac7f2785c3839a4f41f1e7', 'b81e2e45a260e46be2b2c47f351bc639e80f1b7388a0a0843bc6692c5f4532a6', 'cbb5b59dd5b93ef3fcc6ccfdeaccf834fd3ae392c87256a5b8702f7cf3cf7523', '23240cc914a579988e225d08cddf4714902282a9ab51811338781d0d600e950b', 'd3072062033d7b5ebc2d2af457f9f9b76f0970c32ec749989d1e34008314d5fb', '5013a5218660ffaaf84072ac530ffcd143562b0ddd0b7a618ab44c2ee4a228b4']",1548832406116
697,29b2cd96c65cd2e7e1c6141fd2059532cc2964f825f71f05f9f38140cb254320,"[-0.15873053669929504, 0.13290831446647644, -0.25231680274009705, 0.04800092801451683, 0.0843210443854332, 0.19504503905773163, 0.02453976310789585, -0.02673296257853508, 0.05737981200218201, 0.1288449615240097, -0.003639746457338333, -0.017168689519166946, 0.10598646104335785, 0.06077520549297333, -0.024712692946195602, -0.04885031282901764, -0.011216599494218826, 0.08149796724319458, 0.04456444829702377, -0.003835181938484311, 0.02450864017009735, 0.019622545689344406, 0.10652600228786469, 0.044895440340042114, -0.0326227992773056, 0.039347149431705475, 0.01054922491312027, -0.03186044096946716, 0.03032328560948372, -0.006146439351141453, 0.02766205556690693, 0.00264530535787344, 0.05768202617764473, 0.018839724361896515, 0.046235837042331696, 0.022305086255073547, 0.020447514951229095, 0.03687060624361038, -0.0003871507942676544, -0.028529223054647446, 0.00055659469217062, 0.016716618090867996, 0.060009680688381195, 0.007070980034768581, -0.05449860915541649, -0.03894900903105736, 0.023413321003317833, 0.022042833268642426, 0.04222042113542557, -0.028304701671004295]",,"['cbcf7c27bb5d5fb9cbdfef0dc883f503d0ecf25c81da141b16f4297efd6075e9', '5165fc8ae07f2de2fd45240198d158a0349b61031465f143ad7133daf93f4411', 'd31a44f2d6a404bb23086f2c3dd5591b708740b5a8e30ef00e91c76b1156dd50', '51783c1e4f815f59007c8c215d9314460a8b1fadfd840165f42d810a9415a575', 'c44ceadbed3563a62f4807ec27cbda403f6094794d5c3b290fa2682cb5b00464', '82a692bac6062d76efa4e0f6b1d8ed4df6824286257a5f99be37ca831136227d', '9788a279f41ad072657bdd7b745911755c15cd8b7afcb45c0bb47ace5a3dbf8c', '27b900de56a57a046c28f206d894a10e5ce7370d706b7a7b9af8fdb7f8b75610', '7c95fb325e154119cd209eedc9c8e777448e15a78ef1b7c964ec5ff0cfb4fd07', '27cc0003b1a04745e82203c9bee453ab7c989042a7f5608ed9aa532ee3c82fb5', 'b1741e5082699cc9f17325c9456947642e23826597c9715f9cc50a0c5a2745e4', '5863b5f8371b57ddfa0c80afe7786bc1f5dac47186daf831b4ec418b856c1c17', '61478f24a84658dcc2d5f7968f3a62efa6b432d894ad6d38c253aa0f11556a5f', 'cfd1b01e32b5f0a214399720a7f8850ddde7f60d482c62c77e67c2a3d1da10d4', '02f2915c9e0083e79b47b8dc9d982c3d698b725779258c977bfcf72b879a613b', 'c167b75b424cd7a47c907fec7b4edccff33629cbd1cf9d346b0856d170a35973', '7d5f1e164c4f85e72e06fac22597a318e520f9e9040c3af6c7bd3a7bee7432a4', '063329fd18c086b306af7638c520020c4c35c1abe7a8f05e286931cbcb75ffb8', '888d89116790fc9104fdb46a07a539816bbb57befa287dc62e0635fda0d44065', 'babd2ce6f8788ca61568e3578604f6cb2dd7f0f408ac7f2785c3839a4f41f1e7', 'b81e2e45a260e46be2b2c47f351bc639e80f1b7388a0a0843bc6692c5f4532a6', 'cbb5b59dd5b93ef3fcc6ccfdeaccf834fd3ae392c87256a5b8702f7cf3cf7523', '23240cc914a579988e225d08cddf4714902282a9ab51811338781d0d600e950b', 'd3072062033d7b5ebc2d2af457f9f9b76f0970c32ec749989d1e34008314d5fb', '5013a5218660ffaaf84072ac530ffcd143562b0ddd0b7a618ab44c2ee4a228b4']",1548832406116
698,29b2cd96c65cd2e7e1c6141fd2059532cc2964f825f71f05f9f38140cb254320,"[-0.160451740026474, 0.07615291327238083, -0.2756505012512207, 0.16769149899482727, -0.08220528811216354, 0.433457612991333, 0.015175117179751396, -0.03387896344065666, 0.16622400283813477, 0.15768352150917053, -0.15498432517051697, -0.013955136761069298, 0.0428842268884182, 0.05242864042520523, 0.03649125248193741, 0.020597243681550026, 0.014158991165459156, 0.0337214469909668, -0.03310738131403923, -0.03908955678343773, -0.05567194148898125, -0.00506155751645565, 0.053413599729537964, -0.05216855928301811, -0.07846749573945999, 0.025600265711545944, -0.04099505394697189, -0.016597431153059006, 0.0055798739194869995, 0.006920120678842068, -0.0021545621566474438, 0.02242855541408062, -0.02582152746617794, -0.06827676296234131, 0.047479573637247086, 0.0031714411452412605, 0.020324252545833588, 0.07164271175861359, 0.009168136864900589, 0.0030300673097372055, -0.013611587695777416, -0.017456233501434326, 0.0037967143580317497, 0.0495874248445034, -0.04090597480535507, -0.013195095583796501, -0.0027555408887565136, -0.052275463938713074, -0.01045109611004591, -0.0022103264927864075]",,"['528900ad3174ca0ae1b3a9ca62828b3a5e81dcb6e2212267e1f1f027ed20d76e', 'd31a44f2d6a404bb23086f2c3dd5591b708740b5a8e30ef00e91c76b1156dd50', '51783c1e4f815f59007c8c215d9314460a8b1fadfd840165f42d810a9415a575', 'a49cf52cde4c5cf099e617bbe4006af501aa94793609792cbcb1d401720dd2e7', 'c44ceadbed3563a62f4807ec27cbda403f6094794d5c3b290fa2682cb5b00464', '82a692bac6062d76efa4e0f6b1d8ed4df6824286257a5f99be37ca831136227d', '2b7109ca810215896505beb7d8a1150f45a0515ae7d887c34ce4c4cdea719382', '60f8a5950208680c50ea8e9424d14ff387ca0950658ae169f1996bd9c204d288', '9788a279f41ad072657bdd7b745911755c15cd8b7afcb45c0bb47ace5a3dbf8c', '2cdc25b657c14e52447e7a9a968aabd372780ed1be5fda8101e7ecbdb14fd167', '5b60ef4a36101a2d9ac5c566ec02a93b8a3a0edabd763e820952eda36671912a', '92254d9218667c021e6f234e3dd901d7b99b0cecb44dbf9081bafbd259c86110', 'fadffdd558154b114a1b4a2731b9653a4627119ca0eea0edb76b6c1502066ec2', 'f0ec55667fee6896b2ad521604c87477cddd635b6765c652852d46f4d5e38a7c', 'ee9b6912433c1b186248b937977108b01d4cc37cee4f68799f80f47503c0f175', '6ce9743650b1a15f6691131ce16411d48c3dcfb065c70a315f5a698f9f9c010c', '27b900de56a57a046c28f206d894a10e5ce7370d706b7a7b9af8fdb7f8b75610', '7c95fb325e154119cd209eedc9c8e777448e15a78ef1b7c964ec5ff0cfb4fd07', 'ac397003893561c91041edfde371d42843f22079a4fc5408c38ecfbe80101bad', '33eb0577ce534f4b803728875edfd7993dd0e1c857c752cc7375660f39e6e026', '8a5c300fe89f3b82c6dea04d7da88c52a24afd58282f58e9b2071f1947a95d4b', '3995cf0a0a606f04e1079fdec1cf88798e3706d1b6bf230cf1195bf2414f4078', '1b32b4eb5b1f2bf45889a47dfff8f38306bbe4549f4c20b641f2386474721f4c', '53c6c2a3e1b16c700ca97a0b41658e5f856fa843c582e9f023c4be99981a1dc9', '705f5c4306427c95e5662cf7e913ba906f1074b1cc953e1c58b4c205647c48f3']",1548832474003
699,29b2cd96c65cd2e7e1c6141fd2059532cc2964f825f71f05f9f38140cb254320,"[-0.160451740026474, 0.07615291327238083, -0.2756505012512207, 0.16769149899482727, -0.08220528811216354, 0.433457612991333, 0.015175117179751396, -0.03387896344065666, 0.16622400283813477, 0.15768352150917053, -0.15498432517051697, -0.013955136761069298, 0.0428842268884182, 0.05242864042520523, 0.03649125248193741, 0.020597243681550026, 0.014158991165459156, 0.0337214469909668, -0.03310738131403923, -0.03908955678343773, -0.05567194148898125, -0.00506155751645565, 0.053413599729537964, -0.05216855928301811, -0.07846749573945999, 0.025600265711545944, -0.04099505394697189, -0.016597431153059006, 0.0055798739194869995, 0.006920120678842068, -0.0021545621566474438, 0.02242855541408062, -0.02582152746617794, -0.06827676296234131, 0.047479573637247086, 0.0031714411452412605, 0.020324252545833588, 0.07164271175861359, 0.009168136864900589, 0.0030300673097372055, -0.013611587695777416, -0.017456233501434326, 0.0037967143580317497, 0.0495874248445034, -0.04090597480535507, -0.013195095583796501, -0.0027555408887565136, -0.052275463938713074, -0.01045109611004591, -0.0022103264927864075]",,"['528900ad3174ca0ae1b3a9ca62828b3a5e81dcb6e2212267e1f1f027ed20d76e', 'd31a44f2d6a404bb23086f2c3dd5591b708740b5a8e30ef00e91c76b1156dd50', '51783c1e4f815f59007c8c215d9314460a8b1fadfd840165f42d810a9415a575', 'a49cf52cde4c5cf099e617bbe4006af501aa94793609792cbcb1d401720dd2e7', 'c44ceadbed3563a62f4807ec27cbda403f6094794d5c3b290fa2682cb5b00464', '82a692bac6062d76efa4e0f6b1d8ed4df6824286257a5f99be37ca831136227d', '2b7109ca810215896505beb7d8a1150f45a0515ae7d887c34ce4c4cdea719382', '60f8a5950208680c50ea8e9424d14ff387ca0950658ae169f1996bd9c204d288', '9788a279f41ad072657bdd7b745911755c15cd8b7afcb45c0bb47ace5a3dbf8c', '2cdc25b657c14e52447e7a9a968aabd372780ed1be5fda8101e7ecbdb14fd167', '5b60ef4a36101a2d9ac5c566ec02a93b8a3a0edabd763e820952eda36671912a', '92254d9218667c021e6f234e3dd901d7b99b0cecb44dbf9081bafbd259c86110', 'fadffdd558154b114a1b4a2731b9653a4627119ca0eea0edb76b6c1502066ec2', 'f0ec55667fee6896b2ad521604c87477cddd635b6765c652852d46f4d5e38a7c', 'ee9b6912433c1b186248b937977108b01d4cc37cee4f68799f80f47503c0f175', '6ce9743650b1a15f6691131ce16411d48c3dcfb065c70a315f5a698f9f9c010c', '27b900de56a57a046c28f206d894a10e5ce7370d706b7a7b9af8fdb7f8b75610', '7c95fb325e154119cd209eedc9c8e777448e15a78ef1b7c964ec5ff0cfb4fd07', 'ac397003893561c91041edfde371d42843f22079a4fc5408c38ecfbe80101bad', '33eb0577ce534f4b803728875edfd7993dd0e1c857c752cc7375660f39e6e026', '8a5c300fe89f3b82c6dea04d7da88c52a24afd58282f58e9b2071f1947a95d4b', '3995cf0a0a606f04e1079fdec1cf88798e3706d1b6bf230cf1195bf2414f4078', '1b32b4eb5b1f2bf45889a47dfff8f38306bbe4549f4c20b641f2386474721f4c', '53c6c2a3e1b16c700ca97a0b41658e5f856fa843c582e9f023c4be99981a1dc9', '705f5c4306427c95e5662cf7e913ba906f1074b1cc953e1c58b4c205647c48f3']",1548832474003
700,d3128fcea3c38cac6e3aab7f45f926898f0038896430554644ecfb87f7d8872c,"[-0.05343829095363617, -0.1683838963508606, 0.037975065410137177, 0.005758092738687992, 0.11633622646331787, 0.02431299164891243, 0.07888332009315491, -0.08063981682062149, -0.03014807030558586, -0.04655188322067261, -0.01497805304825306, -0.02458314597606659, 0.009523728862404823, -0.01414565835148096, -0.0017472561448812485, 0.017586294561624527, -0.013113178312778473, -0.00028207222931087017, 0.003747054375708103, 0.02192070707678795, 0.02997666224837303, 0.007591011002659798, 0.004929225891828537, -0.018130522221326828, 0.02107350528240204, -0.00392869021743536, -0.0148856732994318, 0.0017262515611946583, 0.0015481878072023392, -0.005211569368839264, -0.00013435212895274162, -0.009865048341453075, -0.02803376317024231, 0.018785640597343445, -0.01611044444143772, -0.01180140022188425, -0.01535036787390709, 0.00994873046875, -0.014017917215824127, 0.013018886558711529, 0.01298227533698082, -0.012399167753756046, 0.00031223008409142494, -0.012835264205932617, 0.003981287125498056, -0.011487917974591255, -0.002791482489556074, 0.01482146605849266, 0.016487272456288338, 0.006591205019503832]",,,1548724728333
701,7e1ed3cd384abb4db9c4080330cf9ae3029c2c4a7aa1c85edceed940729dab38,"[-0.05343829095363617, -0.1683838963508606, 0.037975065410137177, 0.005758092738687992, 0.11633622646331787, 0.02431299164891243, 0.07888332009315491, -0.08063981682062149, -0.03014807030558586, -0.04655188322067261, -0.01497805304825306, -0.02458314597606659, 0.009523728862404823, -0.01414565835148096, -0.0017472561448812485, 0.017586294561624527, -0.013113178312778473, -0.00028207222931087017, 0.003747054375708103, 0.02192070707678795, 0.02997666224837303, 0.007591011002659798, 0.004929225891828537, -0.018130522221326828, 0.02107350528240204, -0.00392869021743536, -0.0148856732994318, 0.0017262515611946583, 0.0015481878072023392, -0.005211569368839264, -0.00013435212895274162, -0.009865048341453075, -0.02803376317024231, 0.018785640597343445, -0.01611044444143772, -0.01180140022188425, -0.01535036787390709, 0.00994873046875, -0.014017917215824127, 0.013018886558711529, 0.01298227533698082, -0.012399167753756046, 0.00031223008409142494, -0.012835264205932617, 0.003981287125498056, -0.011487917974591255, -0.002791482489556074, 0.01482146605849266, 0.016487272456288338, 0.006591205019503832]",,,1548720658242
702,7e1ed3cd384abb4db9c4080330cf9ae3029c2c4a7aa1c85edceed940729dab38,"[-0.26830315589904785, 0.32754164934158325, 0.5380611419677734, 0.32485735416412354, -0.008543133735656738, 0.011200938373804092, -0.01040727086365223, -0.01016303151845932, 0.020994586870074272, 0.03741317242383957, 0.0465492345392704, -0.029257923364639282, 0.003283271798864007, -0.031044751405715942, 0.05937531217932701, -0.023790422827005386, 0.010672558099031448, 0.03036990761756897, -0.07682876288890839, 0.011939889751374722, 0.038009583950042725, -0.012297255918383598, -0.02935309335589409, -0.007239427417516708, 0.011839961633086205, 0.006863865535706282, 0.0033032726496458054, 0.0013599218800663948, -0.030787281692028046, 0.01251196302473545, 0.01876753941178322, 0.0057790447026491165, -0.01996673084795475, -0.01388283260166645, -0.022348416969180107, -0.015725262463092804, -0.019854845479130745, 0.02902129292488098, 0.007138113025575876, -0.00021990202367305756, 0.001368061639368534, -0.00015166355296969414, -0.018621651455760002, 0.002899321261793375, -0.010373111814260483, 0.0021433327347040176, 0.004890482407063246, 0.008037555031478405, -0.008031606674194336, -0.0061232177540659904]",['02811154912b9607cf422e76ed5cee633f7d8c4c1d4becd9e89e31fc92605ebb'],"['4e0e969ae7cdf453b31a6ba555f65ff1b84104431878ec726e3a6b176bd5322c', 'c8c633ead7535ba8e8424b1591ff238a9261f9500a9cbd1a4cc5d5a76e7b8221', 'a1160c6988a31ad3851cdfa401ba3a73bfb415ef18611cbe5c648192d8e83f81', '229038c44bd076cffd155adb7aed5d70f69302c131638ff1c255cf535e517bbb', 'f7ffb504d40b9cb07022f1a0f5bdb44bcaacbe1d8110e74e2c3aa657601074a7', '7840ded8ef6da91749c303fbdd10d9920f60d8aa135ef5c057bc72b3a00c53e4', '87926e9aa2d59b357be75679f7137c334f50b9079e7b6324229ec14b9126c863', '0221eb41620ed9eaa6ab33092f6e4e365648924d07edd6957b15b7d6a384a069', 'c3cc829839af90cecaf01aaa4ed209331c923e740268d5da801b7e87c11a5502', 'fa4f6ed1a464c9898b9dc69d494574c508201c333d2ec16806616bd7a60a631f', 'c8c461b88efa4f4b197fd189f42fdfa8ac658d27924a35a7a7cdad2324a51d3a', '67e166b04d577d669d78671709b938c86da95ffcb8a7c3a27d07cb972db695ca', 'e3c30b1ca9efaf74fb64a74f2416121d3efe169936d8a7a35fa9a5a656ba0158', '350d733609b18601b249aefe707f0ed0c17168b9df2e57e9f32339f5e3606beb', '1c2304168a4c76670ed3b4fc8cd0d1e51ab7a9c19dc6aba4e1a5fbbc42b43659', '2574d45162e99720c525ba9401ea9da3edf6ffbbc731b70c2599b6eb6c1aee7a', 'fe8ab3efe7f5bf7a55d4bf1bb0065edc52e50fb43da51bb0f52f5554c646e544', 'a092f075a26ce6623dc9f45aa5e6b35dd209a4b32980a7506e31bc0ab800bd67', 'b92b9dc9c92938e3c1d606663ef9716d65dac63e975ee0584abc63f890daf166', '8844913b133460455b70fdf27ec0c9b9f68a34da199b83af2a4186fe25257268', '4f1aad97dad2cc734d5c11b8a96200599604e9a857261834cda937236e5a0265', '6b2b809c93a3dace76db6770d6f6eb41a67e0a67de8d16a783b23653cadf90eb', '3c4926b7c61b4d232dc010cd6ccbd280e63ebbf543ac728e6aecb214afa24dcc', '9903a42d264fd89f4498fb9ead6ee25f1bd77f2e523efe4733995838b9fd1398', 'd5df2032b7c546c85c42e7d723379db51f08661f54b9ed770b88d4da0d760c63']",1548720939893
703,7e1ed3cd384abb4db9c4080330cf9ae3029c2c4a7aa1c85edceed940729dab38,"[-0.28812626004219055, 0.35345834493637085, 0.39622560143470764, 0.17072950303554535, 0.14218910038471222, -0.0001432979479432106, -0.07116499543190002, 0.1974969357252121, -0.010545797646045685, 0.09182517975568771, -0.017478838562965393, -0.04510362073779106, -0.04858626425266266, -0.08824490010738373, 0.12817519903182983, 0.007237747777253389, -0.052009467035532, 0.02503904141485691, -0.0481497161090374, 0.02671310305595398, 0.040803082287311554, 0.003635948523879051, -0.049461185932159424, -0.029723932966589928, 0.017037469893693924, 0.033474400639534, 0.025913774967193604, 0.013160377740859985, -0.03648901730775833, 0.00030985288321971893, 0.014986814931035042, 0.024826902896165848, -0.02333960309624672, -0.004900174215435982, -0.012125539593398571, -0.018200330436229706, -0.002225155010819435, 0.01641169749200344, 0.017259690910577774, 0.010544659569859505, 0.0007123315008357167, -0.0044812848791480064, -0.015043697319924831, 0.003938100300729275, -0.016736622899770737, -0.00859103910624981, -0.0074006905779242516, 0.008802696131169796, -0.009660739451646805, -0.007047057617455721]",,"['4e0e969ae7cdf453b31a6ba555f65ff1b84104431878ec726e3a6b176bd5322c', 'c8c633ead7535ba8e8424b1591ff238a9261f9500a9cbd1a4cc5d5a76e7b8221', 'a1160c6988a31ad3851cdfa401ba3a73bfb415ef18611cbe5c648192d8e83f81', '7840ded8ef6da91749c303fbdd10d9920f60d8aa135ef5c057bc72b3a00c53e4', '87926e9aa2d59b357be75679f7137c334f50b9079e7b6324229ec14b9126c863', '0221eb41620ed9eaa6ab33092f6e4e365648924d07edd6957b15b7d6a384a069', 'c3cc829839af90cecaf01aaa4ed209331c923e740268d5da801b7e87c11a5502', '350d733609b18601b249aefe707f0ed0c17168b9df2e57e9f32339f5e3606beb', 'a092f075a26ce6623dc9f45aa5e6b35dd209a4b32980a7506e31bc0ab800bd67', '3c4926b7c61b4d232dc010cd6ccbd280e63ebbf543ac728e6aecb214afa24dcc', '3924837c6bba471d9f61cb2e5a190511a2c5cd4390f81aa70cf371815ccc0220', 'caf9a5bfd81ef43f6cf3cbdc6017fdc79d43bcdea9fdb2e2d4fda98c616c64e8', '41092fba9d48e98c40f8fc6f5f2e243d4518b3a38d29d0b6f81dac5ebf6228c9', '2055c43125c29bf23c8b9946d1bf9e3c9a8deb93dcc94916599d54f2aaa7badf', 'aedb1d651625114565fb41a856828783e4226a454f83bff46d3acf08096fb94a', '08657660c499dd08cc37b1a98d88d83b485c494990dd9733b6f11953b50ba641', '74276ff6ebd9d9034bb4dbd29d067d2e7aae92e83f7d7c3660dd5da4447f7646', 'dcd29b2693ad104e4d58bdf279c6eb476cb9c9f17d8761e9ce82f3f0fde5b78e', '84f95e2f48817015a5a50bb95e0cf5570cb7339ed5fe1b0abe519bb7036d8f33', '86fd20f33dc3325325f86831f696c51d8f30d45a664f587891833ef20bf0a6bc', 'c38159d64afd258be026a3969a2bc1820865fdb09187745210053e414d7a468b', '8a8ffa0c41f1dc06d9b2c57f138ea38dc706ed585c1ddb8d3353656f05e1bfd3', '34750fdd4dc47739d4bcf5347ffb0e48cd141dcf098626a4e024a5bde444d2ce', '768b7e0ac1fcb5386ac337710bd7edb6064d4bcafdfcc33cd31e0f111d2b74af', '4d35e6ba86b28a9576e2341bda74227f84c14914298a6e10a4c72e1f3b76413a']",1548721106095
704,b09dc4bbd4d6b3f1c2a48cccee4dcef4882de2f298525367b75db64d1fda6ec7,"[-0.22701141238212585, -0.03841867297887802, -0.02576010301709175, -0.2941136956214905, 0.017203092575073242, -0.12700435519218445, 0.06166165694594383, -0.006988059729337692, 0.11339858174324036, 0.020875725895166397, 0.014625094830989838, 0.058114442974328995, 0.36368948221206665, -0.07869172841310501, 0.07625746726989746, -0.06622539460659027, 0.11447253823280334, -0.003706545103341341, -0.010081423446536064, -0.012158824130892754, -0.07787635922431946, 0.008631536737084389, 0.0510668084025383, -0.056118398904800415, -0.022054290398955345, 0.037296995520591736, -0.026008950546383858, -0.02666475623846054, 0.013264155015349388, 0.06277849525213242, -0.0357564352452755, 0.018430069088935852, 0.0780441015958786, 0.030689330771565437, -0.05171149596571922, -0.03568952530622482, 0.04817642644047737, 0.015043003484606743, 0.029182404279708862, -0.04198920726776123, -0.026215065270662308, 0.011154607869684696, -0.04843323305249214, -0.03163273632526398, -0.020046431571245193, 0.01656724326312542, -0.04292101413011551, -0.01370804663747549, -0.02050168439745903, -0.014421137049794197]",,"['dd36f90afe5a87fe61f2a2f1414e8ff83e66138257cfff9d93e1ebc69e501559', '9ee0c21909ac6cb56674fc3605d1d6d1f96be841557b83c098d37963f15c0cee', 'de25e6af755568e8b99e688b5608f08480324b2ca7a9b3d4ce39239afb70c081', 'c83764bdcefa1caf31777069ccfd3ddf473421d01da1c2dc2a784719241dd8aa', '6d81f3c9ef1f25977292b838c666f6c8533ea45f3c4837bdd34d17ab3688e793', '632341ba97e0753de913a78c36af4c64f70c13e6ab713106ea2cf81e14c3a1d5', 'c9724bc74fd89c44ccadc7f2ee3cef77e568a1de3d0ca1f2fe687d878ce1c2b6', 'aa66c6217c2b2423bde3ebf4da1eee0484feb1af33ebd50ea3abf8735cb94041', 'f902a6b4d9844732286421004c51374f9074c105dc127e05c584101144f9f6dc', '97591452861406bc944e646f1c14b7d507dc31ba46020a44544298363da93419', 'f4918a003bb0df04fc45319352456d5a9cc483feb43e9dc34717e6e7bcdba9c4']",1547661175141
705,b09dc4bbd4d6b3f1c2a48cccee4dcef4882de2f298525367b75db64d1fda6ec7,"[-0.22701141238212585, -0.03841867297887802, -0.02576010301709175, -0.2941136956214905, 0.017203092575073242, -0.12700435519218445, 0.06166165694594383, -0.006988059729337692, 0.11339858174324036, 0.020875725895166397, 0.014625094830989838, 0.058114442974328995, 0.36368948221206665, -0.07869172841310501, 0.07625746726989746, -0.06622539460659027, 0.11447253823280334, -0.003706545103341341, -0.010081423446536064, -0.012158824130892754, -0.07787635922431946, 0.008631536737084389, 0.0510668084025383, -0.056118398904800415, -0.022054290398955345, 0.037296995520591736, -0.026008950546383858, -0.02666475623846054, 0.013264155015349388, 0.06277849525213242, -0.0357564352452755, 0.018430069088935852, 0.0780441015958786, 0.030689330771565437, -0.05171149596571922, -0.03568952530622482, 0.04817642644047737, 0.015043003484606743, 0.029182404279708862, -0.04198920726776123, -0.026215065270662308, 0.011154607869684696, -0.04843323305249214, -0.03163273632526398, -0.020046431571245193, 0.01656724326312542, -0.04292101413011551, -0.01370804663747549, -0.02050168439745903, -0.014421137049794197]",,"['dd36f90afe5a87fe61f2a2f1414e8ff83e66138257cfff9d93e1ebc69e501559', '9ee0c21909ac6cb56674fc3605d1d6d1f96be841557b83c098d37963f15c0cee', 'de25e6af755568e8b99e688b5608f08480324b2ca7a9b3d4ce39239afb70c081', 'c83764bdcefa1caf31777069ccfd3ddf473421d01da1c2dc2a784719241dd8aa', '6d81f3c9ef1f25977292b838c666f6c8533ea45f3c4837bdd34d17ab3688e793', '632341ba97e0753de913a78c36af4c64f70c13e6ab713106ea2cf81e14c3a1d5', 'c9724bc74fd89c44ccadc7f2ee3cef77e568a1de3d0ca1f2fe687d878ce1c2b6', 'aa66c6217c2b2423bde3ebf4da1eee0484feb1af33ebd50ea3abf8735cb94041', 'f902a6b4d9844732286421004c51374f9074c105dc127e05c584101144f9f6dc', '97591452861406bc944e646f1c14b7d507dc31ba46020a44544298363da93419', 'f4918a003bb0df04fc45319352456d5a9cc483feb43e9dc34717e6e7bcdba9c4']",1547661175141
706,b09dc4bbd4d6b3f1c2a48cccee4dcef4882de2f298525367b75db64d1fda6ec7,"[-0.15494941174983978, -0.14373686909675598, -0.016948692500591278, -0.1538829803466797, 0.08885885775089264, -0.03293585032224655, -0.01980924978852272, 0.1920279711484909, 0.0309482179582119, -0.0315459743142128, 0.04623594880104065, -0.040317945182323456, 0.2733604907989502, 0.024641435593366623, -0.06335262954235077, -0.14374610781669617, 0.143808513879776, 0.04617113620042801, -0.009508246555924416, -0.03552083671092987, 0.0014208629727363586, 0.022907737642526627, 0.09869414567947388, 0.007081788033246994, -0.007261085323989391, 0.06479765474796295, -0.0653906986117363, 0.00293329986743629, -0.017771240323781967, -0.007557226344943047, -0.0434187650680542, 0.07084336131811142, 0.02558395452797413, -0.02087777853012085, 0.07745996117591858, -0.03345790132880211, -0.02030031755566597, -0.024393361061811447, 0.03967173397541046, 0.008858025074005127, -0.03432976454496384, -0.027650317177176476, -0.04797348752617836, -0.0222934503108263, 0.008165063336491585, -0.044487014412879944, 0.005134227219969034, -0.007106110453605652, 0.009842551313340664, 0.06725800782442093]",,,1547661207605
707,b09dc4bbd4d6b3f1c2a48cccee4dcef4882de2f298525367b75db64d1fda6ec7,"[-0.15494941174983978, -0.14373686909675598, -0.016948692500591278, -0.1538829803466797, 0.08885885775089264, -0.03293585032224655, -0.01980924978852272, 0.1920279711484909, 0.0309482179582119, -0.0315459743142128, 0.04623594880104065, -0.040317945182323456, 0.2733604907989502, 0.024641435593366623, -0.06335262954235077, -0.14374610781669617, 0.143808513879776, 0.04617113620042801, -0.009508246555924416, -0.03552083671092987, 0.0014208629727363586, 0.022907737642526627, 0.09869414567947388, 0.007081788033246994, -0.007261085323989391, 0.06479765474796295, -0.0653906986117363, 0.00293329986743629, -0.017771240323781967, -0.007557226344943047, -0.0434187650680542, 0.07084336131811142, 0.02558395452797413, -0.02087777853012085, 0.07745996117591858, -0.03345790132880211, -0.02030031755566597, -0.024393361061811447, 0.03967173397541046, 0.008858025074005127, -0.03432976454496384, -0.027650317177176476, -0.04797348752617836, -0.0222934503108263, 0.008165063336491585, -0.044487014412879944, 0.005134227219969034, -0.007106110453605652, 0.009842551313340664, 0.06725800782442093]",,,1547661207605
708,1e4288b7f0eeab608127d98a0dc26dfd0dfa617dc932267b14f3b55aaf57e8d2,"[-0.19607026875019073, -0.036903660744428635, 0.011961543932557106, -0.05874551832675934, -0.0791514590382576, 0.04369206726551056, 0.3459298610687256, 0.05347522720694542, -0.024600636214017868, -0.03234490379691124, 0.06524658203125, 0.03646883741021156, -0.09146825969219208, -0.011567866429686546, -0.06289870291948318, -0.01203895453363657, -0.048627547919750214, 0.016452491283416748, -0.02644570916891098, 0.052294664084911346, 0.015224196016788483, 0.0038053509779274464, -0.013536211103200912, 0.019195884466171265, 0.008367348462343216, -0.008099645376205444, 0.014675036072731018, -0.01895945519208908, -0.06505827605724335, 0.015868693590164185, -0.006533770821988583, 0.017365220934152603, -0.03430161252617836, -0.006489692255854607, -0.0017551854252815247, 0.06801652163267136, 0.008563491515815258, -0.001199541613459587, 0.001017100177705288, -0.00790624599903822, -0.024420224130153656, -0.023087549954652786, 0.02659396082162857, -0.002685699611902237, -0.00019234605133533478, -0.022204555571079254, -0.012424453161656857, -0.03179116174578667, -0.02417181245982647, -0.017964506521821022]",,"['61f5dd4cf82077e606ab3669224547fbe3c7f1df08c93a1bf54e36dec5759dd0', '3bb1da6c5b5c07eba3506b1176f92fc68a042d904babb9fa026aff8bdccd34da', '250262d6fa22f6feb88369c1b97c7b3ba1a7a95a06fe5ebcaeab500ed90a4c16', '476c9b3719ecac16dec730a8432e21e7337781d5d738f182d2ae0624ba52abf8', '8236a961d6ab8e3c42d0dfb21d6bd02cf06362054f7f5179660f26f69fa361dc', 'c3b0916415e119da78c0746cfaeaa6dc806f3076718c9c703337d75d9d61eb4f', 'ce9f7d1d983308f03a2da89e4d020494ca620c6184c2c98684ba63fb581e866c', 'a7d6bb944b150f2b118d688d7af68fdbaa25fa6a81bd3f714a4dddda9fae576c', 'c94786048fd6d3206741939a1586ba0ca3581e6e8a476628a4ee6b2794c416b7', '6375685cbf841f3a6572be7e66b53ba2e8ffefd05ce12038c3cb4c49d223f6ee', '02843952638f40f57661e1d4c37aa9b6c910455163dba2745a7b9ff1fd74c4da', '6fede06747be8eb40296fa87ac6705739d91c278c23abdaf9ea5d20d203e847c', 'c17daa37dc5a0199940118e7edb402526fbca70929086f2e7ba042c5af2299b3', '1465ddaa8200c72b6dc9489fdfc65df666e7479e28c61cfe70bf438285b1b600', '7cdca1773736eb4c6db18d2fc3df1d522f19d4f148e55e6f98cce084682d25bf', '0fd4241689cb349f307de44ff8fda5b99e5f2dec24986f44f73cc6d6223a5a83', '89df91460aee20eec32a6c48675ef856973d12eac4c94dea2bc6a2380f07976b', 'dcc9da1936d2c8e82f4d2e89b908e508d7c19f67e33c62dbe7a9ed8a6b986c67', '0b2d1aeffe776256fa6664ff03fbd169e08a3c9cdcde83454bb3fb0736f91e8a', '3ea8d0fd26f813fa05d934131b11ab36f9c6f4531c13c0fff4fd45de9ce79c64', '50be960dd81555116a3bd0aa71f3743e0ed79f6d42a79906f1b938bb2bfa2e70', 'a32d86964059556ab713a9fb2da0ba861c490d742525c4b7d278f157e9bdd7b7', '5d361c66d1c94eccfee5fd8fa495361516571fab008eb9c83246fba62beafd34', '58e32c192547e9854b1a414dcdddbb91d90c4dd4bf7e461308c9029601aeaadb', '6d0e48b9636d6ad95663a519626d9b69e2db7438f41c2776faeed846f998e23a']",1547852741178
709,1e4288b7f0eeab608127d98a0dc26dfd0dfa617dc932267b14f3b55aaf57e8d2,"[-0.19607026875019073, -0.036903660744428635, 0.011961543932557106, -0.05874551832675934, -0.0791514590382576, 0.04369206726551056, 0.3459298610687256, 0.05347522720694542, -0.024600636214017868, -0.03234490379691124, 0.06524658203125, 0.03646883741021156, -0.09146825969219208, -0.011567866429686546, -0.06289870291948318, -0.01203895453363657, -0.048627547919750214, 0.016452491283416748, -0.02644570916891098, 0.052294664084911346, 0.015224196016788483, 0.0038053509779274464, -0.013536211103200912, 0.019195884466171265, 0.008367348462343216, -0.008099645376205444, 0.014675036072731018, -0.01895945519208908, -0.06505827605724335, 0.015868693590164185, -0.006533770821988583, 0.017365220934152603, -0.03430161252617836, -0.006489692255854607, -0.0017551854252815247, 0.06801652163267136, 0.008563491515815258, -0.001199541613459587, 0.001017100177705288, -0.00790624599903822, -0.024420224130153656, -0.023087549954652786, 0.02659396082162857, -0.002685699611902237, -0.00019234605133533478, -0.022204555571079254, -0.012424453161656857, -0.03179116174578667, -0.02417181245982647, -0.017964506521821022]",,"['61f5dd4cf82077e606ab3669224547fbe3c7f1df08c93a1bf54e36dec5759dd0', '3bb1da6c5b5c07eba3506b1176f92fc68a042d904babb9fa026aff8bdccd34da', '250262d6fa22f6feb88369c1b97c7b3ba1a7a95a06fe5ebcaeab500ed90a4c16', '476c9b3719ecac16dec730a8432e21e7337781d5d738f182d2ae0624ba52abf8', '8236a961d6ab8e3c42d0dfb21d6bd02cf06362054f7f5179660f26f69fa361dc', 'c3b0916415e119da78c0746cfaeaa6dc806f3076718c9c703337d75d9d61eb4f', 'ce9f7d1d983308f03a2da89e4d020494ca620c6184c2c98684ba63fb581e866c', 'a7d6bb944b150f2b118d688d7af68fdbaa25fa6a81bd3f714a4dddda9fae576c', 'c94786048fd6d3206741939a1586ba0ca3581e6e8a476628a4ee6b2794c416b7', '6375685cbf841f3a6572be7e66b53ba2e8ffefd05ce12038c3cb4c49d223f6ee', '02843952638f40f57661e1d4c37aa9b6c910455163dba2745a7b9ff1fd74c4da', '6fede06747be8eb40296fa87ac6705739d91c278c23abdaf9ea5d20d203e847c', 'c17daa37dc5a0199940118e7edb402526fbca70929086f2e7ba042c5af2299b3', '1465ddaa8200c72b6dc9489fdfc65df666e7479e28c61cfe70bf438285b1b600', '7cdca1773736eb4c6db18d2fc3df1d522f19d4f148e55e6f98cce084682d25bf', '0fd4241689cb349f307de44ff8fda5b99e5f2dec24986f44f73cc6d6223a5a83', '89df91460aee20eec32a6c48675ef856973d12eac4c94dea2bc6a2380f07976b', 'dcc9da1936d2c8e82f4d2e89b908e508d7c19f67e33c62dbe7a9ed8a6b986c67', '0b2d1aeffe776256fa6664ff03fbd169e08a3c9cdcde83454bb3fb0736f91e8a', '3ea8d0fd26f813fa05d934131b11ab36f9c6f4531c13c0fff4fd45de9ce79c64', '50be960dd81555116a3bd0aa71f3743e0ed79f6d42a79906f1b938bb2bfa2e70', 'a32d86964059556ab713a9fb2da0ba861c490d742525c4b7d278f157e9bdd7b7', '5d361c66d1c94eccfee5fd8fa495361516571fab008eb9c83246fba62beafd34', '58e32c192547e9854b1a414dcdddbb91d90c4dd4bf7e461308c9029601aeaadb', '6d0e48b9636d6ad95663a519626d9b69e2db7438f41c2776faeed846f998e23a']",1547852741178
710,1e4288b7f0eeab608127d98a0dc26dfd0dfa617dc932267b14f3b55aaf57e8d2,"[-0.19607026875019073, -0.036903660744428635, 0.011961543932557106, -0.05874551832675934, -0.0791514590382576, 0.04369206726551056, 0.3459298610687256, 0.05347522720694542, -0.024600636214017868, -0.03234490379691124, 0.06524658203125, 0.03646883741021156, -0.09146825969219208, -0.011567866429686546, -0.06289870291948318, -0.01203895453363657, -0.048627547919750214, 0.016452491283416748, -0.02644570916891098, 0.052294664084911346, 0.015224196016788483, 0.0038053509779274464, -0.013536211103200912, 0.019195884466171265, 0.008367348462343216, -0.008099645376205444, 0.014675036072731018, -0.01895945519208908, -0.06505827605724335, 0.015868693590164185, -0.006533770821988583, 0.017365220934152603, -0.03430161252617836, -0.006489692255854607, -0.0017551854252815247, 0.06801652163267136, 0.008563491515815258, -0.001199541613459587, 0.001017100177705288, -0.00790624599903822, -0.024420224130153656, -0.023087549954652786, 0.02659396082162857, -0.002685699611902237, -0.00019234605133533478, -0.022204555571079254, -0.012424453161656857, -0.03179116174578667, -0.02417181245982647, -0.017964506521821022]",,"['61f5dd4cf82077e606ab3669224547fbe3c7f1df08c93a1bf54e36dec5759dd0', '3bb1da6c5b5c07eba3506b1176f92fc68a042d904babb9fa026aff8bdccd34da', '250262d6fa22f6feb88369c1b97c7b3ba1a7a95a06fe5ebcaeab500ed90a4c16', '476c9b3719ecac16dec730a8432e21e7337781d5d738f182d2ae0624ba52abf8', '8236a961d6ab8e3c42d0dfb21d6bd02cf06362054f7f5179660f26f69fa361dc', 'c3b0916415e119da78c0746cfaeaa6dc806f3076718c9c703337d75d9d61eb4f', 'ce9f7d1d983308f03a2da89e4d020494ca620c6184c2c98684ba63fb581e866c', 'a7d6bb944b150f2b118d688d7af68fdbaa25fa6a81bd3f714a4dddda9fae576c', 'c94786048fd6d3206741939a1586ba0ca3581e6e8a476628a4ee6b2794c416b7', '6375685cbf841f3a6572be7e66b53ba2e8ffefd05ce12038c3cb4c49d223f6ee', '02843952638f40f57661e1d4c37aa9b6c910455163dba2745a7b9ff1fd74c4da', '6fede06747be8eb40296fa87ac6705739d91c278c23abdaf9ea5d20d203e847c', 'c17daa37dc5a0199940118e7edb402526fbca70929086f2e7ba042c5af2299b3', '1465ddaa8200c72b6dc9489fdfc65df666e7479e28c61cfe70bf438285b1b600', '7cdca1773736eb4c6db18d2fc3df1d522f19d4f148e55e6f98cce084682d25bf', '0fd4241689cb349f307de44ff8fda5b99e5f2dec24986f44f73cc6d6223a5a83', '89df91460aee20eec32a6c48675ef856973d12eac4c94dea2bc6a2380f07976b', 'dcc9da1936d2c8e82f4d2e89b908e508d7c19f67e33c62dbe7a9ed8a6b986c67', '0b2d1aeffe776256fa6664ff03fbd169e08a3c9cdcde83454bb3fb0736f91e8a', '3ea8d0fd26f813fa05d934131b11ab36f9c6f4531c13c0fff4fd45de9ce79c64', '50be960dd81555116a3bd0aa71f3743e0ed79f6d42a79906f1b938bb2bfa2e70', 'a32d86964059556ab713a9fb2da0ba861c490d742525c4b7d278f157e9bdd7b7', '5d361c66d1c94eccfee5fd8fa495361516571fab008eb9c83246fba62beafd34', '58e32c192547e9854b1a414dcdddbb91d90c4dd4bf7e461308c9029601aeaadb', '6d0e48b9636d6ad95663a519626d9b69e2db7438f41c2776faeed846f998e23a']",1547852741178
711,1e4288b7f0eeab608127d98a0dc26dfd0dfa617dc932267b14f3b55aaf57e8d2,"[-0.19607026875019073, -0.036903660744428635, 0.011961543932557106, -0.05874551832675934, -0.0791514590382576, 0.04369206726551056, 0.3459298610687256, 0.05347522720694542, -0.024600636214017868, -0.03234490379691124, 0.06524658203125, 0.03646883741021156, -0.09146825969219208, -0.011567866429686546, -0.06289870291948318, -0.01203895453363657, -0.048627547919750214, 0.016452491283416748, -0.02644570916891098, 0.052294664084911346, 0.015224196016788483, 0.0038053509779274464, -0.013536211103200912, 0.019195884466171265, 0.008367348462343216, -0.008099645376205444, 0.014675036072731018, -0.01895945519208908, -0.06505827605724335, 0.015868693590164185, -0.006533770821988583, 0.017365220934152603, -0.03430161252617836, -0.006489692255854607, -0.0017551854252815247, 0.06801652163267136, 0.008563491515815258, -0.001199541613459587, 0.001017100177705288, -0.00790624599903822, -0.024420224130153656, -0.023087549954652786, 0.02659396082162857, -0.002685699611902237, -0.00019234605133533478, -0.022204555571079254, -0.012424453161656857, -0.03179116174578667, -0.02417181245982647, -0.017964506521821022]",,"['61f5dd4cf82077e606ab3669224547fbe3c7f1df08c93a1bf54e36dec5759dd0', '3bb1da6c5b5c07eba3506b1176f92fc68a042d904babb9fa026aff8bdccd34da', '250262d6fa22f6feb88369c1b97c7b3ba1a7a95a06fe5ebcaeab500ed90a4c16', '476c9b3719ecac16dec730a8432e21e7337781d5d738f182d2ae0624ba52abf8', '8236a961d6ab8e3c42d0dfb21d6bd02cf06362054f7f5179660f26f69fa361dc', 'c3b0916415e119da78c0746cfaeaa6dc806f3076718c9c703337d75d9d61eb4f', 'ce9f7d1d983308f03a2da89e4d020494ca620c6184c2c98684ba63fb581e866c', 'a7d6bb944b150f2b118d688d7af68fdbaa25fa6a81bd3f714a4dddda9fae576c', 'c94786048fd6d3206741939a1586ba0ca3581e6e8a476628a4ee6b2794c416b7', '6375685cbf841f3a6572be7e66b53ba2e8ffefd05ce12038c3cb4c49d223f6ee', '02843952638f40f57661e1d4c37aa9b6c910455163dba2745a7b9ff1fd74c4da', '6fede06747be8eb40296fa87ac6705739d91c278c23abdaf9ea5d20d203e847c', 'c17daa37dc5a0199940118e7edb402526fbca70929086f2e7ba042c5af2299b3', '1465ddaa8200c72b6dc9489fdfc65df666e7479e28c61cfe70bf438285b1b600', '7cdca1773736eb4c6db18d2fc3df1d522f19d4f148e55e6f98cce084682d25bf', '0fd4241689cb349f307de44ff8fda5b99e5f2dec24986f44f73cc6d6223a5a83', '89df91460aee20eec32a6c48675ef856973d12eac4c94dea2bc6a2380f07976b', 'dcc9da1936d2c8e82f4d2e89b908e508d7c19f67e33c62dbe7a9ed8a6b986c67', '0b2d1aeffe776256fa6664ff03fbd169e08a3c9cdcde83454bb3fb0736f91e8a', '3ea8d0fd26f813fa05d934131b11ab36f9c6f4531c13c0fff4fd45de9ce79c64', '50be960dd81555116a3bd0aa71f3743e0ed79f6d42a79906f1b938bb2bfa2e70', 'a32d86964059556ab713a9fb2da0ba861c490d742525c4b7d278f157e9bdd7b7', '5d361c66d1c94eccfee5fd8fa495361516571fab008eb9c83246fba62beafd34', '58e32c192547e9854b1a414dcdddbb91d90c4dd4bf7e461308c9029601aeaadb', '6d0e48b9636d6ad95663a519626d9b69e2db7438f41c2776faeed846f998e23a']",1547852741178
712,1e4288b7f0eeab608127d98a0dc26dfd0dfa617dc932267b14f3b55aaf57e8d2,"[-0.023455578833818436, -0.24871528148651123, 0.06987281888723373, 0.02497893199324608, 0.016756204888224602, -0.04006470367312431, 0.014271668158471584, -0.02689867466688156, 0.002344498410820961, -0.0030939634889364243, 0.007473374716937542, -0.08073865622282028, -0.027072513476014137, -0.03509530425071716, -0.04901428520679474, -0.035545919090509415, 0.00039363279938697815, 0.03550203517079353, 0.07967860996723175, 0.04237452894449234, 0.05900060385465622, 0.05029343068599701, 0.030008070170879364, -0.04642666131258011, 0.0182802714407444, -0.0051289331167936325, 0.0036483746953308582, 0.039670538157224655, 0.009813705459237099, 0.011318475008010864, 0.03483039140701294, 0.03736066073179245, -0.06106547266244888, -0.04131327196955681, -0.005605215672403574, 0.05131226032972336, 0.03754093497991562, -0.03868817910552025, 0.011069142259657383, -0.035432230681180954, -0.0047731478698551655, -0.002334629651159048, 0.04176829755306244, -0.03886547312140465, -0.037553153932094574, -0.01164256501942873, 0.024684060364961624, -0.005680358037352562, -0.03741194307804108, -0.012947840616106987]",['61f5dd4cf82077e606ab3669224547fbe3c7f1df08c93a1bf54e36dec5759dd0'],['61f5dd4cf82077e606ab3669224547fbe3c7f1df08c93a1bf54e36dec5759dd0'],1547852767164
713,1e4288b7f0eeab608127d98a0dc26dfd0dfa617dc932267b14f3b55aaf57e8d2,"[-0.023455578833818436, -0.24871528148651123, 0.06987281888723373, 0.02497893199324608, 0.016756204888224602, -0.04006470367312431, 0.014271668158471584, -0.02689867466688156, 0.002344498410820961, -0.0030939634889364243, 0.007473374716937542, -0.08073865622282028, -0.027072513476014137, -0.03509530425071716, -0.04901428520679474, -0.035545919090509415, 0.00039363279938697815, 0.03550203517079353, 0.07967860996723175, 0.04237452894449234, 0.05900060385465622, 0.05029343068599701, 0.030008070170879364, -0.04642666131258011, 0.0182802714407444, -0.0051289331167936325, 0.0036483746953308582, 0.039670538157224655, 0.009813705459237099, 0.011318475008010864, 0.03483039140701294, 0.03736066073179245, -0.06106547266244888, -0.04131327196955681, -0.005605215672403574, 0.05131226032972336, 0.03754093497991562, -0.03868817910552025, 0.011069142259657383, -0.035432230681180954, -0.0047731478698551655, -0.002334629651159048, 0.04176829755306244, -0.03886547312140465, -0.037553153932094574, -0.01164256501942873, 0.024684060364961624, -0.005680358037352562, -0.03741194307804108, -0.012947840616106987]",['61f5dd4cf82077e606ab3669224547fbe3c7f1df08c93a1bf54e36dec5759dd0'],['61f5dd4cf82077e606ab3669224547fbe3c7f1df08c93a1bf54e36dec5759dd0'],1547852767164
714,1e4288b7f0eeab608127d98a0dc26dfd0dfa617dc932267b14f3b55aaf57e8d2,"[-0.023455578833818436, -0.24871528148651123, 0.06987281888723373, 0.02497893199324608, 0.016756204888224602, -0.04006470367312431, 0.014271668158471584, -0.02689867466688156, 0.002344498410820961, -0.0030939634889364243, 0.007473374716937542, -0.08073865622282028, -0.027072513476014137, -0.03509530425071716, -0.04901428520679474, -0.035545919090509415, 0.00039363279938697815, 0.03550203517079353, 0.07967860996723175, 0.04237452894449234, 0.05900060385465622, 0.05029343068599701, 0.030008070170879364, -0.04642666131258011, 0.0182802714407444, -0.0051289331167936325, 0.0036483746953308582, 0.039670538157224655, 0.009813705459237099, 0.011318475008010864, 0.03483039140701294, 0.03736066073179245, -0.06106547266244888, -0.04131327196955681, -0.005605215672403574, 0.05131226032972336, 0.03754093497991562, -0.03868817910552025, 0.011069142259657383, -0.035432230681180954, -0.0047731478698551655, -0.002334629651159048, 0.04176829755306244, -0.03886547312140465, -0.037553153932094574, -0.01164256501942873, 0.024684060364961624, -0.005680358037352562, -0.03741194307804108, -0.012947840616106987]",['61f5dd4cf82077e606ab3669224547fbe3c7f1df08c93a1bf54e36dec5759dd0'],['61f5dd4cf82077e606ab3669224547fbe3c7f1df08c93a1bf54e36dec5759dd0'],1547852767164
715,1e4288b7f0eeab608127d98a0dc26dfd0dfa617dc932267b14f3b55aaf57e8d2,"[-0.023455578833818436, -0.24871528148651123, 0.06987281888723373, 0.02497893199324608, 0.016756204888224602, -0.04006470367312431, 0.014271668158471584, -0.02689867466688156, 0.002344498410820961, -0.0030939634889364243, 0.007473374716937542, -0.08073865622282028, -0.027072513476014137, -0.03509530425071716, -0.04901428520679474, -0.035545919090509415, 0.00039363279938697815, 0.03550203517079353, 0.07967860996723175, 0.04237452894449234, 0.05900060385465622, 0.05029343068599701, 0.030008070170879364, -0.04642666131258011, 0.0182802714407444, -0.0051289331167936325, 0.0036483746953308582, 0.039670538157224655, 0.009813705459237099, 0.011318475008010864, 0.03483039140701294, 0.03736066073179245, -0.06106547266244888, -0.04131327196955681, -0.005605215672403574, 0.05131226032972336, 0.03754093497991562, -0.03868817910552025, 0.011069142259657383, -0.035432230681180954, -0.0047731478698551655, -0.002334629651159048, 0.04176829755306244, -0.03886547312140465, -0.037553153932094574, -0.01164256501942873, 0.024684060364961624, -0.005680358037352562, -0.03741194307804108, -0.012947840616106987]",['61f5dd4cf82077e606ab3669224547fbe3c7f1df08c93a1bf54e36dec5759dd0'],['61f5dd4cf82077e606ab3669224547fbe3c7f1df08c93a1bf54e36dec5759dd0'],1547852767164
716,9df033369145a5c9ee9237cc4ce5aedbcb88762b50c45f7a4a60d0a38c2512ec,"[-0.04980561137199402, -0.1424727439880371, -0.002521584276109934, 0.011253957636654377, 0.10482586920261383, -0.007029361091554165, -0.17851194739341736, -0.04962749034166336, 0.025267623364925385, 0.0648135095834732, 0.10041742026805878, -0.059914879500865936, 0.14034335315227509, 0.03261756896972656, -0.10996991395950317, -0.04421601444482803, -0.0053354352712631226, -0.05984220653772354, 0.021853014826774597, -0.007479643449187279, 0.0201359074562788, 0.05887618660926819, -0.060153257101774216, -0.08630380779504776, -0.08029806613922119, 0.07208411395549774, -0.10321195423603058, 0.02594785951077938, -0.018446745350956917, -0.07292064279317856, -0.01802782714366913, -0.019153445959091187, -0.11415481567382812, -0.011235491372644901, -0.08271196484565735, 0.1264861524105072, 0.003999759908765554, -0.06111238896846771, -0.02231394127011299, -0.014658697880804539, -0.010501785203814507, 0.03344981372356415, -0.04468797147274017, -0.09567497670650482, -0.08441422879695892, 0.06047394126653671, 0.027844280004501343, 0.013872281648218632, -0.14078034460544586, 0.1886301040649414]",,"['cb683bec5780e7cef18967a884c195f3805673abd6e641b1e0916a92402be291', '749969a0954d7a3140e28f5c4ed33dd31d17bf95b28f14bdf9b163dedcee6ebe', '0aea76bc482309a44ac4bb8a461446004855a9418029da36b2ce89a4fca3dd3a', 'b71ab0a84b084aabf8e1034e34d032b673fcc589f11101649581d31300de3d40', 'e2420f45d8f2e67708e5d0310e8361415be7f462663a18af7f256f9c7665b038', '8721b5ebd79b7a35ab787d1cd8a013eea80ffc99cf16b62268241d58b08ef121', '969aa90dd55696360524ba84fc39e77f13e75f9e0a667098b73d252c717f76f2', 'f34d087da9e1e9dc25a300c6571b9e768e46f350971b9c2460b562e6104bc49c', '56e9531819044bb70b80b2e3f798dbd4f71b08cd7a1a052c0fb7859c9aabaf07', '6d227bdd4e07f8b2536d04513fd2e4003b9550292a657c72cec6a8c9a1878371', '65c8589a43d383bc05623774d15c6a09c86c3ffd6d97a37b71f02ed30155064b', 'f82741bfc42307158e1366f0a0b0daf392be42ae0ae485c07b444c418f332793', 'a5f5bfa5a1d6acfbc2369571667c473b159e17650b6cdff08612cb249228ad4a']",1547740943640
717,2fcd657e51b9b9f940bd6f1a4402d54f430aace49970e32a4d4829c7250ad317,"[-0.1959734559059143, -0.008623099885880947, 0.19775527715682983, -0.07344356179237366, -0.012908732518553734, -0.07052387297153473, -0.11971276253461838, 0.023798655718564987, 0.07959157973527908, -0.07709421962499619, -0.2535458207130432, -0.010651699267327785, -0.09977681934833527, 0.2042517364025116, -0.1769178807735443, -0.029724467545747757, -0.023398732766509056, 0.06359070539474487, 0.0029522767290472984, -0.008704506792128086, -0.019060475751757622, -0.04262501746416092, -0.03536471724510193, -0.07795849442481995, -0.044028833508491516, -0.023807354271411896, -0.001988888718187809, 0.019964251667261124, 0.026242369785904884, 0.026708677411079407, 0.0018998421728610992, -0.0297585166990757, 0.05122687667608261, 0.044755809009075165, -0.03535968437790871, -0.0009797164238989353, -0.003987300209701061, 0.049191661179065704, -0.029168695211410522, -0.010496732778847218, -0.004783617332577705, -0.007750136312097311, -0.022676998749375343, -0.051515720784664154, -0.01761525496840477, -0.005350985564291477, 0.004631777293980122, 0.01794462464749813, 0.004478393588215113, 0.02026999369263649]","['776622c522f2c67d6bbb092ca13aed1be3be30217185eb67f7935a5aff5cfafa', '23a07304d1c03dfc4434d8e8dd0c5ddec94610c4238f05a5677d987c9eafbe84']","['23a07304d1c03dfc4434d8e8dd0c5ddec94610c4238f05a5677d987c9eafbe84', '776622c522f2c67d6bbb092ca13aed1be3be30217185eb67f7935a5aff5cfafa', 'f24689443cc19dcb3201120ba8272c92c409e4041e9ef17f612e11188736972f', '53155e42100e1fd0b21f243abf3cc099715df9dbaebd03942ba4bee8b8e6f755', '79113ff20b015472190ac26bba8712c8147b190d4a586bca360cde35b614ade7', 'f744eb923f29b37c25a9d32ca6e671f48246507c7586b378184cd027b3b48d38']",1547738429055
718,2fcd657e51b9b9f940bd6f1a4402d54f430aace49970e32a4d4829c7250ad317,"[-0.1959734559059143, -0.008623099885880947, 0.19775527715682983, -0.07344356179237366, -0.012908732518553734, -0.07052387297153473, -0.11971276253461838, 0.023798655718564987, 0.07959157973527908, -0.07709421962499619, -0.2535458207130432, -0.010651699267327785, -0.09977681934833527, 0.2042517364025116, -0.1769178807735443, -0.029724467545747757, -0.023398732766509056, 0.06359070539474487, 0.0029522767290472984, -0.008704506792128086, -0.019060475751757622, -0.04262501746416092, -0.03536471724510193, -0.07795849442481995, -0.044028833508491516, -0.023807354271411896, -0.001988888718187809, 0.019964251667261124, 0.026242369785904884, 0.026708677411079407, 0.0018998421728610992, -0.0297585166990757, 0.05122687667608261, 0.044755809009075165, -0.03535968437790871, -0.0009797164238989353, -0.003987300209701061, 0.049191661179065704, -0.029168695211410522, -0.010496732778847218, -0.004783617332577705, -0.007750136312097311, -0.022676998749375343, -0.051515720784664154, -0.01761525496840477, -0.005350985564291477, 0.004631777293980122, 0.01794462464749813, 0.004478393588215113, 0.02026999369263649]","['776622c522f2c67d6bbb092ca13aed1be3be30217185eb67f7935a5aff5cfafa', '23a07304d1c03dfc4434d8e8dd0c5ddec94610c4238f05a5677d987c9eafbe84']","['23a07304d1c03dfc4434d8e8dd0c5ddec94610c4238f05a5677d987c9eafbe84', '776622c522f2c67d6bbb092ca13aed1be3be30217185eb67f7935a5aff5cfafa', 'f24689443cc19dcb3201120ba8272c92c409e4041e9ef17f612e11188736972f', '53155e42100e1fd0b21f243abf3cc099715df9dbaebd03942ba4bee8b8e6f755', '79113ff20b015472190ac26bba8712c8147b190d4a586bca360cde35b614ade7', 'f744eb923f29b37c25a9d32ca6e671f48246507c7586b378184cd027b3b48d38']",1547738429055
719,bd6ddb76d0f11c07e5ea63a1f2ec056baceea3a6c6656b64ee4835c9fbe351d4,"[0.02338092215359211, 0.15153758227825165, -0.33586838841438293, 0.3683512806892395, -0.06486507505178452, 0.2472739815711975, 0.1379546821117401, 0.016244230791926384, 0.2720869183540344, 0.08751454949378967, -0.3107663094997406, -0.14650234580039978, 0.08547991514205933, -0.12443526089191437, -0.07484705001115799, -0.05022469162940979, 0.018794147297739983, -0.13261042535305023, -0.08505473285913467, -0.04555900767445564, -0.061619509011507034, 0.02420523203909397, -0.0389830656349659, -0.06955525279045105, -0.0076498426496982574, -0.07175348699092865, -0.11918962001800537, 0.050381679087877274, -0.020786957815289497, -0.16008684039115906, 0.03771521896123886, 0.04965111240744591, 0.021085374057292938, -0.026307500898838043, -0.028722018003463745, -0.042244963347911835, -0.0009049872751347721, -0.05221885070204735, -0.02530558593571186, 0.004302218556404114, -0.032610706984996796, -0.031258419156074524, -0.014362632296979427, -0.08843180537223816, 0.057256076484918594, -0.03353874012827873, -0.001667845994234085, -0.035883694887161255, -0.013946843333542347, -0.0598093643784523]",,"['8cd78c0476dc6835b0c824e89498d3060f38b925441e7184858f4c79e2dca864', 'aa8fe17953db2fd4b91cc468e43002fc6bab184165438e7ef371e020140334d8', '94cdc78a14e42db87170b20a278350a0332433f4ea0aa67d33edb53e29282d80', 'ee9b6912433c1b186248b937977108b01d4cc37cee4f68799f80f47503c0f175', '5523d524d6e1f50445cdc022e600e1575cb0c499b0a982da0309f5702ee7307b', 'ad3e11b11865f20a9bcc672698e01b3e961d4776229503db982a8620eada2324', '6a177fcc7e1b715d13a5b816caa5bda967fd0e5fcde310a1b687d2107f49267a', 'f6ef371793b54304532c04af4c594701c08d44e33821a54140f1574f9eff84f1', '88bfec0ae5e475d88d7ae6b554665211b93294721552c206bbb56937e8877cbd', '4b5d783d4147cdbe045ef63e8f532f3a8553b09b63c3f990b05adc3513012a9c', '40902c1f32a2556d38d5814fbd611261393d8b988a006649cad1b3ff1eff9010', '4ba5d3688e88b36f10f5609155b9a7608cb6a0a0aa79452317d0be8a295dbcea', '59c2aaa15f27645427dd241a763d6a1c250437b3276594c371d63f8302a93e94', 'a0c6a90ea28acbbaffff5055e7dc6433a717e8e92b98c70fd7c9a21ea33eeb24', '47a57f0b7cb7087d4afd25896f62638c9bc8d0a6f3c47f469f084de9e49e0625', 'bbc889578011a7d1d60522e10e17be45bd378d1e98c932db5e380042f0d4aa45', '883bb7b22734c1aa7a8aac87076c765e9326e4b7c873c4b1c54655945a9c5596', '9d4a3baa383102f7abf6f2431f515693ca77dfa3e01c788d6bbe894494e09591', '69400f8504996e747e76e530f198197e2e724dabc0296d7b8774bd4cdec44a31', '239d0ae74e62202861b1bc1dc006ec1fde8d8e18793fa453713eb447ede2740e', '1057794c454bcaf2bd6f3dea5c948bdfbe6785abce880984bf79296a7fbdfaba', '83af3dae2361252db97f6c0a466a51eba3e688d0ff52e14dd4a8ecfb9ece9b25', '4718717536f96fa8e7f37b1e62d645a42cbd95536ea7f7e961320051da9a538f']",1548293470159
720,bd6ddb76d0f11c07e5ea63a1f2ec056baceea3a6c6656b64ee4835c9fbe351d4,"[0.02338092215359211, 0.15153758227825165, -0.33586838841438293, 0.3683512806892395, -0.06486507505178452, 0.2472739815711975, 0.1379546821117401, 0.016244230791926384, 0.2720869183540344, 0.08751454949378967, -0.3107663094997406, -0.14650234580039978, 0.08547991514205933, -0.12443526089191437, -0.07484705001115799, -0.05022469162940979, 0.018794147297739983, -0.13261042535305023, -0.08505473285913467, -0.04555900767445564, -0.061619509011507034, 0.02420523203909397, -0.0389830656349659, -0.06955525279045105, -0.0076498426496982574, -0.07175348699092865, -0.11918962001800537, 0.050381679087877274, -0.020786957815289497, -0.16008684039115906, 0.03771521896123886, 0.04965111240744591, 0.021085374057292938, -0.026307500898838043, -0.028722018003463745, -0.042244963347911835, -0.0009049872751347721, -0.05221885070204735, -0.02530558593571186, 0.004302218556404114, -0.032610706984996796, -0.031258419156074524, -0.014362632296979427, -0.08843180537223816, 0.057256076484918594, -0.03353874012827873, -0.001667845994234085, -0.035883694887161255, -0.013946843333542347, -0.0598093643784523]",,"['8cd78c0476dc6835b0c824e89498d3060f38b925441e7184858f4c79e2dca864', 'aa8fe17953db2fd4b91cc468e43002fc6bab184165438e7ef371e020140334d8', '94cdc78a14e42db87170b20a278350a0332433f4ea0aa67d33edb53e29282d80', 'ee9b6912433c1b186248b937977108b01d4cc37cee4f68799f80f47503c0f175', '5523d524d6e1f50445cdc022e600e1575cb0c499b0a982da0309f5702ee7307b', 'ad3e11b11865f20a9bcc672698e01b3e961d4776229503db982a8620eada2324', '6a177fcc7e1b715d13a5b816caa5bda967fd0e5fcde310a1b687d2107f49267a', 'f6ef371793b54304532c04af4c594701c08d44e33821a54140f1574f9eff84f1', '88bfec0ae5e475d88d7ae6b554665211b93294721552c206bbb56937e8877cbd', '4b5d783d4147cdbe045ef63e8f532f3a8553b09b63c3f990b05adc3513012a9c', '40902c1f32a2556d38d5814fbd611261393d8b988a006649cad1b3ff1eff9010', '4ba5d3688e88b36f10f5609155b9a7608cb6a0a0aa79452317d0be8a295dbcea', '59c2aaa15f27645427dd241a763d6a1c250437b3276594c371d63f8302a93e94', 'a0c6a90ea28acbbaffff5055e7dc6433a717e8e92b98c70fd7c9a21ea33eeb24', '47a57f0b7cb7087d4afd25896f62638c9bc8d0a6f3c47f469f084de9e49e0625', 'bbc889578011a7d1d60522e10e17be45bd378d1e98c932db5e380042f0d4aa45', '883bb7b22734c1aa7a8aac87076c765e9326e4b7c873c4b1c54655945a9c5596', '9d4a3baa383102f7abf6f2431f515693ca77dfa3e01c788d6bbe894494e09591', '69400f8504996e747e76e530f198197e2e724dabc0296d7b8774bd4cdec44a31', '239d0ae74e62202861b1bc1dc006ec1fde8d8e18793fa453713eb447ede2740e', '1057794c454bcaf2bd6f3dea5c948bdfbe6785abce880984bf79296a7fbdfaba', '83af3dae2361252db97f6c0a466a51eba3e688d0ff52e14dd4a8ecfb9ece9b25', '4718717536f96fa8e7f37b1e62d645a42cbd95536ea7f7e961320051da9a538f']",1548293470159
721,74c05c895f9fdd50f565d1a7ba1af6d2edfa3c7619dcbe69007a02cd929fe9b4,"[-0.20255649089813232, -0.016908567398786545, 0.03185821324586868, -0.015581827610731125, -0.10172676295042038, 0.01874350756406784, 0.04725143313407898, -0.016461631283164024, -0.02654413878917694, -0.007069973275065422, 0.010417938232421875, -0.024177979677915573, 0.04093277454376221, -0.046887047588825226, 0.049667637795209885, -0.004469859413802624, 0.05775374174118042, -0.042498476803302765, -0.02269821986556053, 0.07678176462650299, -0.02753078192472458, 0.01717502437531948, -0.06250197440385818, -0.08207464218139648, -0.0018873224034905434, -0.017425723373889923, -0.002389764878898859, 0.023169031366705894, 0.00035938993096351624, -0.03191417083144188, -0.030703406780958176, 0.00790809839963913, 0.07591909170150757, -0.011832790449261665, 0.05656413733959198, -0.033919960260391235, 0.09407337009906769, -0.01793554425239563, 0.1617342084646225, -0.009356673806905746, -0.08132532238960266, 0.03329966589808464, -0.05209055915474892, 0.012423611246049404, 0.032936763018369675, 0.04995895177125931, -0.011336416937410831, 0.09408022463321686, 0.022559957578778267, -0.045351870357990265]",,,1547761739463
722,0d5bc0ef7076d7f8dd858744da9a9edf27c8e8c43ca341d2a4c03654d9098f9f,"[-0.14455001056194305, -0.08497252315282822, 0.011548101902008057, -0.09852199256420135, -0.19953489303588867, -0.12473560869693756, -0.1385730504989624, -0.035361576825380325, -0.08251394331455231, 0.004258998204022646, -0.027737846598029137, -0.10504104197025299, -0.08207936584949493, -0.10479098558425903, -0.10974350571632385, 0.004642153158783913, -0.0378018319606781, 0.10847243666648865, 0.04979446530342102, -0.01270451582968235, -0.028538566082715988, 0.02983282133936882, 0.12370139360427856, 0.009042032063007355, 0.01533975638449192, 0.077666275203228, -0.033619776368141174, 0.014355138875544071, -0.1133822426199913, 0.020529281347990036, 0.06890159100294113, 0.1056957095861435, -0.08465903997421265, -0.18023481965065002, -0.009983031079173088, 0.0403212271630764, -0.048834867775440216, 0.044743798673152924, -0.051765326410532, 0.06548058241605759, 0.027771100401878357, 0.051844511181116104, 0.018000612035393715, 0.024868398904800415, 0.05768392235040665, 0.10293857753276825, -0.019188178703188896, 0.042645007371902466, -0.03833736479282379, -0.048698537051677704]",,"['6092c8306d973fa297a1fb225f15a261e298f920fd86d4bb156c0a324d2d70e8', '52a27241e700bc9f5e3806a7a3632b693d4a17164ded1998fd93de6b4b37c5b3', 'c6497df3303caf5c378ec4093aa782db0801bdc20088b53ed599d65a63f936eb', '64fa2ae0446ca0d5e60e4dde09641592d89832493f5867b546c8988d7bb71d12', 'e83ef6904f3f1a30056c41337717b32ac4c51659f8721412ff9a63eb899a29e4', 'a6b8f80a20833be918386fa6312b90db8e7af09f5e05ecd53a40a5e8b049533c', '07efd16156c1d8baf1501a21a749c2b6f5e93aad783280035bb13a43199a09fa', '9705dadb34f632b7ee4bf2cd41a8b2f48adb79759d83f996568ff0b522118d36', '52800f1cb05f0c12cc95a56e8f7cccaf99df9b908838c1a5b0b01705d6f12c0b', '877a411de8069e049b4f35a65bdd70a7af07b4ea4ed7de24171909072384501c', 'f04267761bc161aa4e7d4ccebf9f58f36f2a4091b933f182fb436ad5917a1e92', '3754447e5ebcca575160320dec1cf280909713e90d52be00b2595c0d7290109a', 'b082950b7ca81311be2d518c76c4a0c869b453b14660951792ece7652a8a7b8f', '096fdf5eee7bab8b47930530ea6421fc6efd151bb0bd145fec38d2d9fb4559cc', 'bc35a0c8dbf94ffcec0e0c1d6f72e195f909e9ac7c2c04601a9aacbcea3444ef', 'f4e1d8b5a89dce1ac509ab857755cb3dbe3b7f5aa26d4003ad6a7aa9cd29afa2']",1548123748289
723,0d5bc0ef7076d7f8dd858744da9a9edf27c8e8c43ca341d2a4c03654d9098f9f,"[-0.14455001056194305, -0.08497252315282822, 0.011548101902008057, -0.09852199256420135, -0.19953489303588867, -0.12473560869693756, -0.1385730504989624, -0.035361576825380325, -0.08251394331455231, 0.004258998204022646, -0.027737846598029137, -0.10504104197025299, -0.08207936584949493, -0.10479098558425903, -0.10974350571632385, 0.004642153158783913, -0.0378018319606781, 0.10847243666648865, 0.04979446530342102, -0.01270451582968235, -0.028538566082715988, 0.02983282133936882, 0.12370139360427856, 0.009042032063007355, 0.01533975638449192, 0.077666275203228, -0.033619776368141174, 0.014355138875544071, -0.1133822426199913, 0.020529281347990036, 0.06890159100294113, 0.1056957095861435, -0.08465903997421265, -0.18023481965065002, -0.009983031079173088, 0.0403212271630764, -0.048834867775440216, 0.044743798673152924, -0.051765326410532, 0.06548058241605759, 0.027771100401878357, 0.051844511181116104, 0.018000612035393715, 0.024868398904800415, 0.05768392235040665, 0.10293857753276825, -0.019188178703188896, 0.042645007371902466, -0.03833736479282379, -0.048698537051677704]",,"['6092c8306d973fa297a1fb225f15a261e298f920fd86d4bb156c0a324d2d70e8', '52a27241e700bc9f5e3806a7a3632b693d4a17164ded1998fd93de6b4b37c5b3', 'c6497df3303caf5c378ec4093aa782db0801bdc20088b53ed599d65a63f936eb', '64fa2ae0446ca0d5e60e4dde09641592d89832493f5867b546c8988d7bb71d12', 'e83ef6904f3f1a30056c41337717b32ac4c51659f8721412ff9a63eb899a29e4', 'a6b8f80a20833be918386fa6312b90db8e7af09f5e05ecd53a40a5e8b049533c', '07efd16156c1d8baf1501a21a749c2b6f5e93aad783280035bb13a43199a09fa', '9705dadb34f632b7ee4bf2cd41a8b2f48adb79759d83f996568ff0b522118d36', '52800f1cb05f0c12cc95a56e8f7cccaf99df9b908838c1a5b0b01705d6f12c0b', '877a411de8069e049b4f35a65bdd70a7af07b4ea4ed7de24171909072384501c', 'f04267761bc161aa4e7d4ccebf9f58f36f2a4091b933f182fb436ad5917a1e92', '3754447e5ebcca575160320dec1cf280909713e90d52be00b2595c0d7290109a', 'b082950b7ca81311be2d518c76c4a0c869b453b14660951792ece7652a8a7b8f', '096fdf5eee7bab8b47930530ea6421fc6efd151bb0bd145fec38d2d9fb4559cc', 'bc35a0c8dbf94ffcec0e0c1d6f72e195f909e9ac7c2c04601a9aacbcea3444ef', 'f4e1d8b5a89dce1ac509ab857755cb3dbe3b7f5aa26d4003ad6a7aa9cd29afa2']",1548123748289
724,0d5bc0ef7076d7f8dd858744da9a9edf27c8e8c43ca341d2a4c03654d9098f9f,"[-0.14455001056194305, -0.08497252315282822, 0.011548101902008057, -0.09852199256420135, -0.19953489303588867, -0.12473560869693756, -0.1385730504989624, -0.035361576825380325, -0.08251394331455231, 0.004258998204022646, -0.027737846598029137, -0.10504104197025299, -0.08207936584949493, -0.10479098558425903, -0.10974350571632385, 0.004642153158783913, -0.0378018319606781, 0.10847243666648865, 0.04979446530342102, -0.01270451582968235, -0.028538566082715988, 0.02983282133936882, 0.12370139360427856, 0.009042032063007355, 0.01533975638449192, 0.077666275203228, -0.033619776368141174, 0.014355138875544071, -0.1133822426199913, 0.020529281347990036, 0.06890159100294113, 0.1056957095861435, -0.08465903997421265, -0.18023481965065002, -0.009983031079173088, 0.0403212271630764, -0.048834867775440216, 0.044743798673152924, -0.051765326410532, 0.06548058241605759, 0.027771100401878357, 0.051844511181116104, 0.018000612035393715, 0.024868398904800415, 0.05768392235040665, 0.10293857753276825, -0.019188178703188896, 0.042645007371902466, -0.03833736479282379, -0.048698537051677704]",,"['6092c8306d973fa297a1fb225f15a261e298f920fd86d4bb156c0a324d2d70e8', '52a27241e700bc9f5e3806a7a3632b693d4a17164ded1998fd93de6b4b37c5b3', 'c6497df3303caf5c378ec4093aa782db0801bdc20088b53ed599d65a63f936eb', '64fa2ae0446ca0d5e60e4dde09641592d89832493f5867b546c8988d7bb71d12', 'e83ef6904f3f1a30056c41337717b32ac4c51659f8721412ff9a63eb899a29e4', 'a6b8f80a20833be918386fa6312b90db8e7af09f5e05ecd53a40a5e8b049533c', '07efd16156c1d8baf1501a21a749c2b6f5e93aad783280035bb13a43199a09fa', '9705dadb34f632b7ee4bf2cd41a8b2f48adb79759d83f996568ff0b522118d36', '52800f1cb05f0c12cc95a56e8f7cccaf99df9b908838c1a5b0b01705d6f12c0b', '877a411de8069e049b4f35a65bdd70a7af07b4ea4ed7de24171909072384501c', 'f04267761bc161aa4e7d4ccebf9f58f36f2a4091b933f182fb436ad5917a1e92', '3754447e5ebcca575160320dec1cf280909713e90d52be00b2595c0d7290109a', 'b082950b7ca81311be2d518c76c4a0c869b453b14660951792ece7652a8a7b8f', '096fdf5eee7bab8b47930530ea6421fc6efd151bb0bd145fec38d2d9fb4559cc', 'bc35a0c8dbf94ffcec0e0c1d6f72e195f909e9ac7c2c04601a9aacbcea3444ef', 'f4e1d8b5a89dce1ac509ab857755cb3dbe3b7f5aa26d4003ad6a7aa9cd29afa2']",1548123748289
725,d629e1461fcc52b0fd8644b1e645d7f1a4fba20f233295fbb51b38aaef1ffd45,"[-0.1367783546447754, -0.05871333181858063, 0.05649588257074356, -0.058649443089962006, 0.16262315213680267, 0.006868644151836634, 0.017433354631066322, 0.09153147041797638, -0.014796086587011814, 0.0010308888740837574, 0.0003605559468269348, -0.006318619474768639, 0.1691298484802246, 0.03361562639474869, -0.06571610271930695, -0.10929253697395325, 0.09450539201498032, 0.000993066467344761, -0.03453727811574936, -0.021353479474782944, 0.035883378237485886, 0.003466760739684105, 0.04114854335784912, 0.03724122792482376, 0.003866414073854685, 0.0067244418896734715, -0.01678893342614174, -0.002474470529705286, -0.03321048244833946, 0.012663085013628006, -0.012972972355782986, 0.021208634600043297, 0.018533842638134956, 0.009046053513884544, 0.005814623553305864, -0.02530333399772644, -0.008326249197125435, -0.009769263677299023, 0.013398929499089718, 0.007397051900625229, -0.006200817413628101, 0.016958177089691162, -0.018192749470472336, -0.00745899835601449, 0.02183990180492401, -0.02193075232207775, -0.0036324122920632362, 0.0022225219290703535, -0.0015314229531213641, 0.014445576816797256]",,"['57d3109143f8518172f3b5ee7bacaaadd32a8d5f9955d3ac3d99260d0a43fc04', 'a18b4d276a8ee9e5586e07bced4c4b695391b108305200f6872d352c56a4881a', 'd2cba7649c55f3a71a8a3d5cc3d4c29bdb96a4c0314c2828dd278cfaa8cb3f9c', '92a6b8554789f948e6b90d51fac861ecd5282d4d57a3fac5b489e04299da25b1', '4ef87961353b8e3082da2101e516941ee56b23af933862fa0a919f55169b375d', 'e970980c2a311d5ab8132b5fd511b353b1c6d7a8c6624535f0049d5f29219d87', '5bacb2791d44d293d476a8c23818aa258d5e35a0eb4c1c178f10f5623e627368', 'bc2face35e894fd3c889fa6e10dfdbe80a0b95d521dc9f0742de59a2148e5bea', '040998a67f386a3bb027ffc119b37049eb0a0c691ac902d45711308bc65747e5', '2330674280a0da76a47a8beafdc88c9017016bf7aef1eedd2659333ad7b2fa93', '119ee2845d393d1fde91b67a4b762c2c74da1db9c5f751dac39e8f11bac9b237', '2947e831a7366545b364166f51f2c6c89deed7a583713055e0a4a03ebfad0c5a', '5ec70de5d7b41af5116facbeec242740b867f3fdd10ce7e625a94b63481a700f', 'ab92d752be6c6ffc6f23aea4d3a57e2ba0f1b8fb63b7c3db1aa93900b242d76c', '792e24b5d30aa926cb4d8a31042aa4d1e5e85d146e54e3027346e6093314f499', '2e24b93f70d993084b73f2da5482f92a0bc29394128870d0205eccd22a0ac6bd', '9e59972edb877598f59bc84c052b3a70f556cc139cda6aa1103a2764d0279423', '1f7408abd0d5f806f573303b8fc02c0100376eb3d6a80d59c6db150b222f17d9', '1d71e77ec1f94ebcf16afcf94290d9602bab3e1115b139b41cf9a74046bcd8c2', 'e041858074e107fa5b5ed88b4e8f6c995198459f816a7bffc5b9071273d9fbc6', '5f137a0570cd4bad0380d350c29f0bfe08a6a483fc1f62047c40249c8d1a099c', 'a408e50ffd6e9f73d6b1c719c446ef0647fc24bd1e1149ba68b6251537c28e87', '8b8228722bbe9ecfeed4c40d8e00e09a7446bca70da8197fc959c303fec6d396', '56f8569405a0fa5ef8a9043507f8170dde0508736985860c3ac22860d7bd0157', '8caa9e5de4f4853d2e34d829b4b74a169a07723940109ed32cca38b2c31fe2b2']",1548727712922
726,d629e1461fcc52b0fd8644b1e645d7f1a4fba20f233295fbb51b38aaef1ffd45,"[-0.1367783546447754, -0.05871333181858063, 0.05649588257074356, -0.058649443089962006, 0.16262315213680267, 0.006868644151836634, 0.017433354631066322, 0.09153147041797638, -0.014796086587011814, 0.0010308888740837574, 0.0003605559468269348, -0.006318619474768639, 0.1691298484802246, 0.03361562639474869, -0.06571610271930695, -0.10929253697395325, 0.09450539201498032, 0.000993066467344761, -0.03453727811574936, -0.021353479474782944, 0.035883378237485886, 0.003466760739684105, 0.04114854335784912, 0.03724122792482376, 0.003866414073854685, 0.0067244418896734715, -0.01678893342614174, -0.002474470529705286, -0.03321048244833946, 0.012663085013628006, -0.012972972355782986, 0.021208634600043297, 0.018533842638134956, 0.009046053513884544, 0.005814623553305864, -0.02530333399772644, -0.008326249197125435, -0.009769263677299023, 0.013398929499089718, 0.007397051900625229, -0.006200817413628101, 0.016958177089691162, -0.018192749470472336, -0.00745899835601449, 0.02183990180492401, -0.02193075232207775, -0.0036324122920632362, 0.0022225219290703535, -0.0015314229531213641, 0.014445576816797256]",,"['57d3109143f8518172f3b5ee7bacaaadd32a8d5f9955d3ac3d99260d0a43fc04', 'a18b4d276a8ee9e5586e07bced4c4b695391b108305200f6872d352c56a4881a', 'd2cba7649c55f3a71a8a3d5cc3d4c29bdb96a4c0314c2828dd278cfaa8cb3f9c', '92a6b8554789f948e6b90d51fac861ecd5282d4d57a3fac5b489e04299da25b1', '4ef87961353b8e3082da2101e516941ee56b23af933862fa0a919f55169b375d', 'e970980c2a311d5ab8132b5fd511b353b1c6d7a8c6624535f0049d5f29219d87', '5bacb2791d44d293d476a8c23818aa258d5e35a0eb4c1c178f10f5623e627368', 'bc2face35e894fd3c889fa6e10dfdbe80a0b95d521dc9f0742de59a2148e5bea', '040998a67f386a3bb027ffc119b37049eb0a0c691ac902d45711308bc65747e5', '2330674280a0da76a47a8beafdc88c9017016bf7aef1eedd2659333ad7b2fa93', '119ee2845d393d1fde91b67a4b762c2c74da1db9c5f751dac39e8f11bac9b237', '2947e831a7366545b364166f51f2c6c89deed7a583713055e0a4a03ebfad0c5a', '5ec70de5d7b41af5116facbeec242740b867f3fdd10ce7e625a94b63481a700f', 'ab92d752be6c6ffc6f23aea4d3a57e2ba0f1b8fb63b7c3db1aa93900b242d76c', '792e24b5d30aa926cb4d8a31042aa4d1e5e85d146e54e3027346e6093314f499', '2e24b93f70d993084b73f2da5482f92a0bc29394128870d0205eccd22a0ac6bd', '9e59972edb877598f59bc84c052b3a70f556cc139cda6aa1103a2764d0279423', '1f7408abd0d5f806f573303b8fc02c0100376eb3d6a80d59c6db150b222f17d9', '1d71e77ec1f94ebcf16afcf94290d9602bab3e1115b139b41cf9a74046bcd8c2', 'e041858074e107fa5b5ed88b4e8f6c995198459f816a7bffc5b9071273d9fbc6', '5f137a0570cd4bad0380d350c29f0bfe08a6a483fc1f62047c40249c8d1a099c', 'a408e50ffd6e9f73d6b1c719c446ef0647fc24bd1e1149ba68b6251537c28e87', '8b8228722bbe9ecfeed4c40d8e00e09a7446bca70da8197fc959c303fec6d396', '56f8569405a0fa5ef8a9043507f8170dde0508736985860c3ac22860d7bd0157', '8caa9e5de4f4853d2e34d829b4b74a169a07723940109ed32cca38b2c31fe2b2']",1548727712922
727,d629e1461fcc52b0fd8644b1e645d7f1a4fba20f233295fbb51b38aaef1ffd45,"[-0.1367783546447754, -0.05871333181858063, 0.05649588257074356, -0.058649443089962006, 0.16262315213680267, 0.006868644151836634, 0.017433354631066322, 0.09153147041797638, -0.014796086587011814, 0.0010308888740837574, 0.0003605559468269348, -0.006318619474768639, 0.1691298484802246, 0.03361562639474869, -0.06571610271930695, -0.10929253697395325, 0.09450539201498032, 0.000993066467344761, -0.03453727811574936, -0.021353479474782944, 0.035883378237485886, 0.003466760739684105, 0.04114854335784912, 0.03724122792482376, 0.003866414073854685, 0.0067244418896734715, -0.01678893342614174, -0.002474470529705286, -0.03321048244833946, 0.012663085013628006, -0.012972972355782986, 0.021208634600043297, 0.018533842638134956, 0.009046053513884544, 0.005814623553305864, -0.02530333399772644, -0.008326249197125435, -0.009769263677299023, 0.013398929499089718, 0.007397051900625229, -0.006200817413628101, 0.016958177089691162, -0.018192749470472336, -0.00745899835601449, 0.02183990180492401, -0.02193075232207775, -0.0036324122920632362, 0.0022225219290703535, -0.0015314229531213641, 0.014445576816797256]",,"['57d3109143f8518172f3b5ee7bacaaadd32a8d5f9955d3ac3d99260d0a43fc04', 'a18b4d276a8ee9e5586e07bced4c4b695391b108305200f6872d352c56a4881a', 'd2cba7649c55f3a71a8a3d5cc3d4c29bdb96a4c0314c2828dd278cfaa8cb3f9c', '92a6b8554789f948e6b90d51fac861ecd5282d4d57a3fac5b489e04299da25b1', '4ef87961353b8e3082da2101e516941ee56b23af933862fa0a919f55169b375d', 'e970980c2a311d5ab8132b5fd511b353b1c6d7a8c6624535f0049d5f29219d87', '5bacb2791d44d293d476a8c23818aa258d5e35a0eb4c1c178f10f5623e627368', 'bc2face35e894fd3c889fa6e10dfdbe80a0b95d521dc9f0742de59a2148e5bea', '040998a67f386a3bb027ffc119b37049eb0a0c691ac902d45711308bc65747e5', '2330674280a0da76a47a8beafdc88c9017016bf7aef1eedd2659333ad7b2fa93', '119ee2845d393d1fde91b67a4b762c2c74da1db9c5f751dac39e8f11bac9b237', '2947e831a7366545b364166f51f2c6c89deed7a583713055e0a4a03ebfad0c5a', '5ec70de5d7b41af5116facbeec242740b867f3fdd10ce7e625a94b63481a700f', 'ab92d752be6c6ffc6f23aea4d3a57e2ba0f1b8fb63b7c3db1aa93900b242d76c', '792e24b5d30aa926cb4d8a31042aa4d1e5e85d146e54e3027346e6093314f499', '2e24b93f70d993084b73f2da5482f92a0bc29394128870d0205eccd22a0ac6bd', '9e59972edb877598f59bc84c052b3a70f556cc139cda6aa1103a2764d0279423', '1f7408abd0d5f806f573303b8fc02c0100376eb3d6a80d59c6db150b222f17d9', '1d71e77ec1f94ebcf16afcf94290d9602bab3e1115b139b41cf9a74046bcd8c2', 'e041858074e107fa5b5ed88b4e8f6c995198459f816a7bffc5b9071273d9fbc6', '5f137a0570cd4bad0380d350c29f0bfe08a6a483fc1f62047c40249c8d1a099c', 'a408e50ffd6e9f73d6b1c719c446ef0647fc24bd1e1149ba68b6251537c28e87', '8b8228722bbe9ecfeed4c40d8e00e09a7446bca70da8197fc959c303fec6d396', '56f8569405a0fa5ef8a9043507f8170dde0508736985860c3ac22860d7bd0157', '8caa9e5de4f4853d2e34d829b4b74a169a07723940109ed32cca38b2c31fe2b2']",1548727712922
728,d629e1461fcc52b0fd8644b1e645d7f1a4fba20f233295fbb51b38aaef1ffd45,"[-0.009494226425886154, -0.2951295077800751, 0.1673780381679535, 0.04008295387029648, 0.005795150995254517, -0.010245113633573055, 0.043784357607364655, 0.012086700648069382, 0.017187558114528656, -0.009600063785910606, 0.011624952778220177, -0.09584946930408478, 0.03504893183708191, -0.016353465616703033, -0.037860386073589325, -0.01086034532636404, -0.015988066792488098, 0.015478843823075294, 0.04755931347608566, 0.006035186350345612, -0.04113510996103287, -0.05027402192354202, 0.023554258048534393, 0.05119088292121887, -0.009857513941824436, 0.0091974176466465, -0.006362768821418285, 0.04699377715587616, 0.017542537301778793, -0.01703447289764881, 0.07199352234601974, -0.0015453570522367954, 0.017480872571468353, -0.04615792632102966, 0.05284808576107025, -0.05329957231879234, -0.09786304831504822, 0.07339075207710266, -0.0659026950597763, 0.0954047441482544, 0.07162277400493622, -0.04431305453181267, 0.05034447833895683, 0.09187865257263184, 0.08750969171524048, 0.04258080944418907, 0.014859890565276146, 0.10426836460828781, -5.1744282245635986e-05, -0.055795133113861084]",,"['367d5325a1d851224a4085eac9ac853ecc56827e23a5da72ead877b33b26ddd6', '7b023d6c0c025887642f7ad0659016e9c6abde476c3d872eaeeccd00b3819677', '5b55278407b4e1d7799ebe805dc428948ca5218e7bcb8c1284bd779eb6d35933', 'd125edf4996f67adccefbaa16f1bffa7e331a835dba5fbc67557179e725b802b', '306eed16644ec33e2fc52317182c373e0f55f00db1755fc39ce353464d77d582', 'c42744c3ed2c80da72d976d65bc75d5900abd21edddbd2886bc2ee5abc18644f', '99fb549b59ed3eef352c451539c1be23a1d29f56016252f93e87df4359c4aad5', 'a4b5c6d191adaac8d0a09d0af55918d273335743cf58c9a829d617dec521d7c2', '2398086194ae1408dcdbdcb78900b095054f28376f63d4be0f899c5eb78dcdea', '7ced31d3fb6aa902cf4250bfc7ee2b4b6bc796e32be631e49fdfa6b6a7fcf527', '0a768ceb114d9958a237020e99147ed488c62e98731205e584145081f2a1a300', 'b55860fbb71744c01f0de302a62ae2be1439dceea3c444089d103f21dc534063', 'e504ac5af405faa0a3c62e374ce6c25b9e8534826c88d8c2731cad009aa3263a', '836116a07a84870a9fab219a28d85bff6482ef381bc44ac28c90eb835d65100f', 'a3dd11700f207b00a9f68ffdf4f04ad15c678aac8c355062a262b6830ee5e241', '66cfe4340adb28e96d0084a2c3f1506b2293a3c60a52f90737b32d504200d645', '9423bea2773e17e34700a2470288f8b2d248d3b6ddb1eab3975ac14818a8ae9c', '21ec4894f262b6c681b1be02d2ffe96f4519f49122243cb4978aa24d9f427670', '2be01f9c2b76038d633d6546ccf99e909f3d3c9aa518d9e9c67f49fb4ac5b676', 'bf27835d8989bd8e87a57c32076d900ec4ac8be868852ed5e7510bb451a56a8a', '0efb83295d100587c4522a3f3b3b04db73fc9602b9ee2422c014eeb587438eaf', 'e34a24c173fa9d3507335ae97f68c84d8c550b1a36f0c6e700063af78010e1c4', '284aae25bc9c18ea739eb9665e9af37f9be135333797141dde58660a039e9337', 'd23c0f83da0cc6f03448837787b1b32fbc9cde52144ce4cf72a4d5995e81edae', 'f5254accc6fc06fc742e5d25a5bdbc881111dd55b8a29e5380f43cf62052b02c']",1548727848260
729,d629e1461fcc52b0fd8644b1e645d7f1a4fba20f233295fbb51b38aaef1ffd45,"[-0.009494226425886154, -0.2951295077800751, 0.1673780381679535, 0.04008295387029648, 0.005795150995254517, -0.010245113633573055, 0.043784357607364655, 0.012086700648069382, 0.017187558114528656, -0.009600063785910606, 0.011624952778220177, -0.09584946930408478, 0.03504893183708191, -0.016353465616703033, -0.037860386073589325, -0.01086034532636404, -0.015988066792488098, 0.015478843823075294, 0.04755931347608566, 0.006035186350345612, -0.04113510996103287, -0.05027402192354202, 0.023554258048534393, 0.05119088292121887, -0.009857513941824436, 0.0091974176466465, -0.006362768821418285, 0.04699377715587616, 0.017542537301778793, -0.01703447289764881, 0.07199352234601974, -0.0015453570522367954, 0.017480872571468353, -0.04615792632102966, 0.05284808576107025, -0.05329957231879234, -0.09786304831504822, 0.07339075207710266, -0.0659026950597763, 0.0954047441482544, 0.07162277400493622, -0.04431305453181267, 0.05034447833895683, 0.09187865257263184, 0.08750969171524048, 0.04258080944418907, 0.014859890565276146, 0.10426836460828781, -5.1744282245635986e-05, -0.055795133113861084]",,"['367d5325a1d851224a4085eac9ac853ecc56827e23a5da72ead877b33b26ddd6', '7b023d6c0c025887642f7ad0659016e9c6abde476c3d872eaeeccd00b3819677', '5b55278407b4e1d7799ebe805dc428948ca5218e7bcb8c1284bd779eb6d35933', 'd125edf4996f67adccefbaa16f1bffa7e331a835dba5fbc67557179e725b802b', '306eed16644ec33e2fc52317182c373e0f55f00db1755fc39ce353464d77d582', 'c42744c3ed2c80da72d976d65bc75d5900abd21edddbd2886bc2ee5abc18644f', '99fb549b59ed3eef352c451539c1be23a1d29f56016252f93e87df4359c4aad5', 'a4b5c6d191adaac8d0a09d0af55918d273335743cf58c9a829d617dec521d7c2', '2398086194ae1408dcdbdcb78900b095054f28376f63d4be0f899c5eb78dcdea', '7ced31d3fb6aa902cf4250bfc7ee2b4b6bc796e32be631e49fdfa6b6a7fcf527', '0a768ceb114d9958a237020e99147ed488c62e98731205e584145081f2a1a300', 'b55860fbb71744c01f0de302a62ae2be1439dceea3c444089d103f21dc534063', 'e504ac5af405faa0a3c62e374ce6c25b9e8534826c88d8c2731cad009aa3263a', '836116a07a84870a9fab219a28d85bff6482ef381bc44ac28c90eb835d65100f', 'a3dd11700f207b00a9f68ffdf4f04ad15c678aac8c355062a262b6830ee5e241', '66cfe4340adb28e96d0084a2c3f1506b2293a3c60a52f90737b32d504200d645', '9423bea2773e17e34700a2470288f8b2d248d3b6ddb1eab3975ac14818a8ae9c', '21ec4894f262b6c681b1be02d2ffe96f4519f49122243cb4978aa24d9f427670', '2be01f9c2b76038d633d6546ccf99e909f3d3c9aa518d9e9c67f49fb4ac5b676', 'bf27835d8989bd8e87a57c32076d900ec4ac8be868852ed5e7510bb451a56a8a', '0efb83295d100587c4522a3f3b3b04db73fc9602b9ee2422c014eeb587438eaf', 'e34a24c173fa9d3507335ae97f68c84d8c550b1a36f0c6e700063af78010e1c4', '284aae25bc9c18ea739eb9665e9af37f9be135333797141dde58660a039e9337', 'd23c0f83da0cc6f03448837787b1b32fbc9cde52144ce4cf72a4d5995e81edae', 'f5254accc6fc06fc742e5d25a5bdbc881111dd55b8a29e5380f43cf62052b02c']",1548727848260
730,d629e1461fcc52b0fd8644b1e645d7f1a4fba20f233295fbb51b38aaef1ffd45,"[-0.009494226425886154, -0.2951295077800751, 0.1673780381679535, 0.04008295387029648, 0.005795150995254517, -0.010245113633573055, 0.043784357607364655, 0.012086700648069382, 0.017187558114528656, -0.009600063785910606, 0.011624952778220177, -0.09584946930408478, 0.03504893183708191, -0.016353465616703033, -0.037860386073589325, -0.01086034532636404, -0.015988066792488098, 0.015478843823075294, 0.04755931347608566, 0.006035186350345612, -0.04113510996103287, -0.05027402192354202, 0.023554258048534393, 0.05119088292121887, -0.009857513941824436, 0.0091974176466465, -0.006362768821418285, 0.04699377715587616, 0.017542537301778793, -0.01703447289764881, 0.07199352234601974, -0.0015453570522367954, 0.017480872571468353, -0.04615792632102966, 0.05284808576107025, -0.05329957231879234, -0.09786304831504822, 0.07339075207710266, -0.0659026950597763, 0.0954047441482544, 0.07162277400493622, -0.04431305453181267, 0.05034447833895683, 0.09187865257263184, 0.08750969171524048, 0.04258080944418907, 0.014859890565276146, 0.10426836460828781, -5.1744282245635986e-05, -0.055795133113861084]",,"['367d5325a1d851224a4085eac9ac853ecc56827e23a5da72ead877b33b26ddd6', '7b023d6c0c025887642f7ad0659016e9c6abde476c3d872eaeeccd00b3819677', '5b55278407b4e1d7799ebe805dc428948ca5218e7bcb8c1284bd779eb6d35933', 'd125edf4996f67adccefbaa16f1bffa7e331a835dba5fbc67557179e725b802b', '306eed16644ec33e2fc52317182c373e0f55f00db1755fc39ce353464d77d582', 'c42744c3ed2c80da72d976d65bc75d5900abd21edddbd2886bc2ee5abc18644f', '99fb549b59ed3eef352c451539c1be23a1d29f56016252f93e87df4359c4aad5', 'a4b5c6d191adaac8d0a09d0af55918d273335743cf58c9a829d617dec521d7c2', '2398086194ae1408dcdbdcb78900b095054f28376f63d4be0f899c5eb78dcdea', '7ced31d3fb6aa902cf4250bfc7ee2b4b6bc796e32be631e49fdfa6b6a7fcf527', '0a768ceb114d9958a237020e99147ed488c62e98731205e584145081f2a1a300', 'b55860fbb71744c01f0de302a62ae2be1439dceea3c444089d103f21dc534063', 'e504ac5af405faa0a3c62e374ce6c25b9e8534826c88d8c2731cad009aa3263a', '836116a07a84870a9fab219a28d85bff6482ef381bc44ac28c90eb835d65100f', 'a3dd11700f207b00a9f68ffdf4f04ad15c678aac8c355062a262b6830ee5e241', '66cfe4340adb28e96d0084a2c3f1506b2293a3c60a52f90737b32d504200d645', '9423bea2773e17e34700a2470288f8b2d248d3b6ddb1eab3975ac14818a8ae9c', '21ec4894f262b6c681b1be02d2ffe96f4519f49122243cb4978aa24d9f427670', '2be01f9c2b76038d633d6546ccf99e909f3d3c9aa518d9e9c67f49fb4ac5b676', 'bf27835d8989bd8e87a57c32076d900ec4ac8be868852ed5e7510bb451a56a8a', '0efb83295d100587c4522a3f3b3b04db73fc9602b9ee2422c014eeb587438eaf', 'e34a24c173fa9d3507335ae97f68c84d8c550b1a36f0c6e700063af78010e1c4', '284aae25bc9c18ea739eb9665e9af37f9be135333797141dde58660a039e9337', 'd23c0f83da0cc6f03448837787b1b32fbc9cde52144ce4cf72a4d5995e81edae', 'f5254accc6fc06fc742e5d25a5bdbc881111dd55b8a29e5380f43cf62052b02c']",1548727848260
731,1b9f6352395f7b71769dfa468dc55b587d21698d14acfdde9e21cfe47a3b53b1,"[-0.13319292664527893, -0.13832926750183105, 0.0913948118686676, -0.043324366211891174, -0.04338109493255615, -0.04069136083126068, -0.05102090537548065, 0.012581383809447289, 0.03271512687206268, -0.1180008053779602, -0.12193068861961365, -0.006336367689073086, -0.04133961349725723, 0.05352862551808357, -0.029345426708459854, -8.284673094749451e-05, -0.006263080518692732, 0.0036567815113812685, 0.03027440421283245, -0.02816958725452423, -0.023730812594294548, 0.020334206521511078, -0.014220960438251495, -0.0684022307395935, 0.00582587905228138, 0.01188880205154419, 0.0462130531668663, 0.032824743539094925, -0.022776279598474503, 0.04823952168226242, -0.038541100919246674, -0.0068596964702010155, 0.025930538773536682, -0.02695631980895996, 0.005420327186584473, 0.00015194155275821686, -0.007833641953766346, -0.053907059133052826, -0.05206471309065819, 0.01887291483581066, -0.0021815188229084015, 0.02477806806564331, 0.06598994135856628, -0.008530398830771446, 0.008707929402589798, -7.101520895957947e-05, 0.04902470484375954, -0.01953941211104393, -0.03948034718632698, -0.05261038988828659]",,"['59ee8943a453802ecdbf9eed2bad33946f124834d86d60f84b2a02f7346dd391', '97ce5639f3248c9a4b2191e557876f081b1d41456f0577748701a953f8c36c5a', 'a7da13937fa46df7901670cae5388c65244bc6a0622be72235f6c9ad9a102f33', '052646ed7122cc5093c9db73bb0b2ba558185d1afa34d8a4f0753441231f316d', '1499235a943d18f5c596b0cf70f555256b0d74459d55afc9f68289fa8cfbb0f6', '835df05c4faea25414bed3241d0dc9e542f23bb437d21cadf8e8dcd65c911a5a', 'c46db8ca4626ca12380844452774c9034796a076ac0c7ad4da73cc7f49bdf7fc', 'ac83292f863f20557ac7383db1f1520ed39bcab515a099bea79c637e36da88b9', 'f5f52244224b93176c01271c91d24b2dcaf5194a0315fca88b37e5fa16131ff0', 'ac65762687412d2d2a0ead27c531645881bcb0bcd7dd5846710150fea2620ed3', '5ba8fe29c200fd63fdc1a26e904dc818898c8153cebea60d7d9ba40a3d1ff76b', '7ca0972346d5f56ca44211b248d5647205adc7c32766e90618d97084ed48265c', '08d140c12e3945ec7dc4b97bab89eb8e44da6602dfb158d9eaaea7d2db414871', 'f25229f7a15b2a301fe1bdb4b08a8165cee7a76faf76124b4bb3b17ea1faf3ef', 'a92d3556609b4ae39e7c9cf8d3e7f90b838191239fa6abaca10e0abda88bf944', 'dfb8fd3cf2a1acc113a1cbbb9a2479ef88198bafa44c4ff3dfefd5eb394dd767', '236b18d49827cd54cd3698dff98fc617a6c63bd9c73faaeafba354c1ab2bbfb6', '4cc58d43069717a012c37cc7a3d553d66d3ba855e00761cd30296b169ce9ccbc', '6cd4facd3b7f5cdc93557be9363ded245a08bea101af7dfcedc473d4afea18fd', '3995fd81eee939daad640e918619a420809a69fb84a427efb2803c820dbb959e', '8447004f7924bbdb36dc43f4ddf9d1255cbd0dd6745fc7cbf1ce19bbe0cac4bc', '01af22200f673fb27c1f6a30bf4f94f9abb1d3c717c2f6449781259ebf8ad7e5', '6e44f8477a94056a6f8815697f5e14a8b198e1d58b0922ccfc2ad37803b45bd9', '978400eab443c7b5914a3faf61b2acd31eb71943672e97880b47e4d0f2508a60', '769e6ecef5302c22d689ad43bfdfd557af24be555094c4ff5274cae952499625']",1548007129818
732,1b9f6352395f7b71769dfa468dc55b587d21698d14acfdde9e21cfe47a3b53b1,"[-0.13319292664527893, -0.13832926750183105, 0.0913948118686676, -0.043324366211891174, -0.04338109493255615, -0.04069136083126068, -0.05102090537548065, 0.012581383809447289, 0.03271512687206268, -0.1180008053779602, -0.12193068861961365, -0.006336367689073086, -0.04133961349725723, 0.05352862551808357, -0.029345426708459854, -8.284673094749451e-05, -0.006263080518692732, 0.0036567815113812685, 0.03027440421283245, -0.02816958725452423, -0.023730812594294548, 0.020334206521511078, -0.014220960438251495, -0.0684022307395935, 0.00582587905228138, 0.01188880205154419, 0.0462130531668663, 0.032824743539094925, -0.022776279598474503, 0.04823952168226242, -0.038541100919246674, -0.0068596964702010155, 0.025930538773536682, -0.02695631980895996, 0.005420327186584473, 0.00015194155275821686, -0.007833641953766346, -0.053907059133052826, -0.05206471309065819, 0.01887291483581066, -0.0021815188229084015, 0.02477806806564331, 0.06598994135856628, -0.008530398830771446, 0.008707929402589798, -7.101520895957947e-05, 0.04902470484375954, -0.01953941211104393, -0.03948034718632698, -0.05261038988828659]",,"['59ee8943a453802ecdbf9eed2bad33946f124834d86d60f84b2a02f7346dd391', '97ce5639f3248c9a4b2191e557876f081b1d41456f0577748701a953f8c36c5a', 'a7da13937fa46df7901670cae5388c65244bc6a0622be72235f6c9ad9a102f33', '052646ed7122cc5093c9db73bb0b2ba558185d1afa34d8a4f0753441231f316d', '1499235a943d18f5c596b0cf70f555256b0d74459d55afc9f68289fa8cfbb0f6', '835df05c4faea25414bed3241d0dc9e542f23bb437d21cadf8e8dcd65c911a5a', 'c46db8ca4626ca12380844452774c9034796a076ac0c7ad4da73cc7f49bdf7fc', 'ac83292f863f20557ac7383db1f1520ed39bcab515a099bea79c637e36da88b9', 'f5f52244224b93176c01271c91d24b2dcaf5194a0315fca88b37e5fa16131ff0', 'ac65762687412d2d2a0ead27c531645881bcb0bcd7dd5846710150fea2620ed3', '5ba8fe29c200fd63fdc1a26e904dc818898c8153cebea60d7d9ba40a3d1ff76b', '7ca0972346d5f56ca44211b248d5647205adc7c32766e90618d97084ed48265c', '08d140c12e3945ec7dc4b97bab89eb8e44da6602dfb158d9eaaea7d2db414871', 'f25229f7a15b2a301fe1bdb4b08a8165cee7a76faf76124b4bb3b17ea1faf3ef', 'a92d3556609b4ae39e7c9cf8d3e7f90b838191239fa6abaca10e0abda88bf944', 'dfb8fd3cf2a1acc113a1cbbb9a2479ef88198bafa44c4ff3dfefd5eb394dd767', '236b18d49827cd54cd3698dff98fc617a6c63bd9c73faaeafba354c1ab2bbfb6', '4cc58d43069717a012c37cc7a3d553d66d3ba855e00761cd30296b169ce9ccbc', '6cd4facd3b7f5cdc93557be9363ded245a08bea101af7dfcedc473d4afea18fd', '3995fd81eee939daad640e918619a420809a69fb84a427efb2803c820dbb959e', '8447004f7924bbdb36dc43f4ddf9d1255cbd0dd6745fc7cbf1ce19bbe0cac4bc', '01af22200f673fb27c1f6a30bf4f94f9abb1d3c717c2f6449781259ebf8ad7e5', '6e44f8477a94056a6f8815697f5e14a8b198e1d58b0922ccfc2ad37803b45bd9', '978400eab443c7b5914a3faf61b2acd31eb71943672e97880b47e4d0f2508a60', '769e6ecef5302c22d689ad43bfdfd557af24be555094c4ff5274cae952499625']",1548007129818
733,1b9f6352395f7b71769dfa468dc55b587d21698d14acfdde9e21cfe47a3b53b1,"[-0.03851020336151123, -0.17318743467330933, 0.1515730619430542, 0.08682691305875778, 0.07802952080965042, -0.006525672040879726, 0.05167770758271217, -0.041850462555885315, -0.015942510217428207, 0.005000585690140724, -0.023655543103814125, -0.0334070660173893, -0.001260069664567709, -0.0322490930557251, 0.0023342175409197807, -0.026704996824264526, -0.005734749138355255, 0.022286973893642426, 0.05240676552057266, -0.02750224992632866, -0.0035235099494457245, -0.008213674649596214, 0.02099590376019478, 0.018782535567879677, -0.02796640433371067, -0.01069730520248413, -0.015298569574952126, 0.006480802781879902, 0.0189795084297657, -0.005211696494370699, -0.017680302262306213, 0.01485326699912548, -4.454748705029488e-06, 0.028541648760437965, 0.03084608167409897, -0.026531057432293892, -0.011456530541181564, -0.006449155043810606, 0.003375690896064043, 0.004609681200236082, 0.015524450689554214, -0.005949918646365404, -0.008068539202213287, -0.010307644493877888, -0.006315641105175018, -0.017556779086589813, 0.0027942280285060406, 0.00702412985265255, -0.0011226533679291606, 0.013022479601204395]",,"['57d3109143f8518172f3b5ee7bacaaadd32a8d5f9955d3ac3d99260d0a43fc04', 'a18b4d276a8ee9e5586e07bced4c4b695391b108305200f6872d352c56a4881a', 'd2cba7649c55f3a71a8a3d5cc3d4c29bdb96a4c0314c2828dd278cfaa8cb3f9c', '92a6b8554789f948e6b90d51fac861ecd5282d4d57a3fac5b489e04299da25b1', '5b33f638c1abf9043e38df92286eab1f139422789924a1dfb4591ccbcdaff298', '4ef87961353b8e3082da2101e516941ee56b23af933862fa0a919f55169b375d', '2380e62a1d91381e1e624c50e55ed7476aebd43c11cf3d79dd6c614179ee2fb1', 'e970980c2a311d5ab8132b5fd511b353b1c6d7a8c6624535f0049d5f29219d87', '5bacb2791d44d293d476a8c23818aa258d5e35a0eb4c1c178f10f5623e627368', 'fa14d48912c39e2c04c0f9eaf8194267006a7bdcd3d3620c1ad53a29e5126710', '040998a67f386a3bb027ffc119b37049eb0a0c691ac902d45711308bc65747e5', 'bc2face35e894fd3c889fa6e10dfdbe80a0b95d521dc9f0742de59a2148e5bea', 'eaaff761cddc85982e6dce72a08830486767264a1216011cf6a355a65ef662c4', '2330674280a0da76a47a8beafdc88c9017016bf7aef1eedd2659333ad7b2fa93', '119ee2845d393d1fde91b67a4b762c2c74da1db9c5f751dac39e8f11bac9b237', '2e24b93f70d993084b73f2da5482f92a0bc29394128870d0205eccd22a0ac6bd', 'ab92d752be6c6ffc6f23aea4d3a57e2ba0f1b8fb63b7c3db1aa93900b242d76c', '792e24b5d30aa926cb4d8a31042aa4d1e5e85d146e54e3027346e6093314f499', '2947e831a7366545b364166f51f2c6c89deed7a583713055e0a4a03ebfad0c5a', '5ec70de5d7b41af5116facbeec242740b867f3fdd10ce7e625a94b63481a700f', '9e59972edb877598f59bc84c052b3a70f556cc139cda6aa1103a2764d0279423', '1f7408abd0d5f806f573303b8fc02c0100376eb3d6a80d59c6db150b222f17d9', '1d71e77ec1f94ebcf16afcf94290d9602bab3e1115b139b41cf9a74046bcd8c2', 'e041858074e107fa5b5ed88b4e8f6c995198459f816a7bffc5b9071273d9fbc6', '5f137a0570cd4bad0380d350c29f0bfe08a6a483fc1f62047c40249c8d1a099c']",1548009119634
734,1b9f6352395f7b71769dfa468dc55b587d21698d14acfdde9e21cfe47a3b53b1,"[-0.03851020336151123, -0.17318743467330933, 0.1515730619430542, 0.08682691305875778, 0.07802952080965042, -0.006525672040879726, 0.05167770758271217, -0.041850462555885315, -0.015942510217428207, 0.005000585690140724, -0.023655543103814125, -0.0334070660173893, -0.001260069664567709, -0.0322490930557251, 0.0023342175409197807, -0.026704996824264526, -0.005734749138355255, 0.022286973893642426, 0.05240676552057266, -0.02750224992632866, -0.0035235099494457245, -0.008213674649596214, 0.02099590376019478, 0.018782535567879677, -0.02796640433371067, -0.01069730520248413, -0.015298569574952126, 0.006480802781879902, 0.0189795084297657, -0.005211696494370699, -0.017680302262306213, 0.01485326699912548, -4.454748705029488e-06, 0.028541648760437965, 0.03084608167409897, -0.026531057432293892, -0.011456530541181564, -0.006449155043810606, 0.003375690896064043, 0.004609681200236082, 0.015524450689554214, -0.005949918646365404, -0.008068539202213287, -0.010307644493877888, -0.006315641105175018, -0.017556779086589813, 0.0027942280285060406, 0.00702412985265255, -0.0011226533679291606, 0.013022479601204395]",,"['57d3109143f8518172f3b5ee7bacaaadd32a8d5f9955d3ac3d99260d0a43fc04', 'a18b4d276a8ee9e5586e07bced4c4b695391b108305200f6872d352c56a4881a', 'd2cba7649c55f3a71a8a3d5cc3d4c29bdb96a4c0314c2828dd278cfaa8cb3f9c', '92a6b8554789f948e6b90d51fac861ecd5282d4d57a3fac5b489e04299da25b1', '5b33f638c1abf9043e38df92286eab1f139422789924a1dfb4591ccbcdaff298', '4ef87961353b8e3082da2101e516941ee56b23af933862fa0a919f55169b375d', '2380e62a1d91381e1e624c50e55ed7476aebd43c11cf3d79dd6c614179ee2fb1', 'e970980c2a311d5ab8132b5fd511b353b1c6d7a8c6624535f0049d5f29219d87', '5bacb2791d44d293d476a8c23818aa258d5e35a0eb4c1c178f10f5623e627368', 'fa14d48912c39e2c04c0f9eaf8194267006a7bdcd3d3620c1ad53a29e5126710', '040998a67f386a3bb027ffc119b37049eb0a0c691ac902d45711308bc65747e5', 'bc2face35e894fd3c889fa6e10dfdbe80a0b95d521dc9f0742de59a2148e5bea', 'eaaff761cddc85982e6dce72a08830486767264a1216011cf6a355a65ef662c4', '2330674280a0da76a47a8beafdc88c9017016bf7aef1eedd2659333ad7b2fa93', '119ee2845d393d1fde91b67a4b762c2c74da1db9c5f751dac39e8f11bac9b237', '2e24b93f70d993084b73f2da5482f92a0bc29394128870d0205eccd22a0ac6bd', 'ab92d752be6c6ffc6f23aea4d3a57e2ba0f1b8fb63b7c3db1aa93900b242d76c', '792e24b5d30aa926cb4d8a31042aa4d1e5e85d146e54e3027346e6093314f499', '2947e831a7366545b364166f51f2c6c89deed7a583713055e0a4a03ebfad0c5a', '5ec70de5d7b41af5116facbeec242740b867f3fdd10ce7e625a94b63481a700f', '9e59972edb877598f59bc84c052b3a70f556cc139cda6aa1103a2764d0279423', '1f7408abd0d5f806f573303b8fc02c0100376eb3d6a80d59c6db150b222f17d9', '1d71e77ec1f94ebcf16afcf94290d9602bab3e1115b139b41cf9a74046bcd8c2', 'e041858074e107fa5b5ed88b4e8f6c995198459f816a7bffc5b9071273d9fbc6', '5f137a0570cd4bad0380d350c29f0bfe08a6a483fc1f62047c40249c8d1a099c']",1548009119634
735,1b9f6352395f7b71769dfa468dc55b587d21698d14acfdde9e21cfe47a3b53b1,"[-0.020031776279211044, -0.3794291615486145, 0.18412110209465027, 0.09551091492176056, -0.05697542428970337, 0.00944302137941122, 0.0825425460934639, -0.009793383069336414, -0.05455958843231201, -0.0334908552467823, -0.13805775344371796, 0.008877457119524479, -0.010192115791141987, -0.014555034227669239, -0.025922143831849098, -0.0344851128757, -0.05083021521568298, -0.013044723309576511, 0.025530993938446045, 0.03252070024609566, -0.01530464831739664, -0.014586733654141426, 0.04514893516898155, 0.04038061201572418, 0.05533572658896446, 0.0048188576474785805, 0.08611416071653366, -0.03973758593201637, 0.06787866353988647, -0.07052627205848694, -0.021225813776254654, -0.043814778327941895, 0.008451786823570728, 0.08239076286554337, 0.013226036913692951, 0.07514148205518723, 0.029984725639224052, -0.06319081038236618, -0.02093755267560482, 0.008153610862791538, 0.05561188608407974, 0.04009178280830383, 0.03279244899749756, 0.02212124690413475, 0.008977100253105164, -0.004073028452694416, 0.008649714291095734, 0.017415769398212433, 0.010004259645938873, 0.04258330538868904]",,"['dc7a2ad37d01711507b070c59b8efa1fa483dc36a032642612c6333aa7d6168b', 'ddff42da46bccbe6f835f78343d23819738ec11e3f8fa8f610b35c3c4e41cb31', 'd68ec5c78a86722b86fa5af50fa5ec912da0bf5bb296a391556b46505c3453bb', '404aff3b31168417e296e85ebc5dae78ba86e7fdbc5027cb4ba0aefcc04a6e65', '91c60fbbcf3b142b9189d05f55a592c3294654268e1103635812b6e3164b21c8', '5d6adf33dc97427c3c1034ce169aff75d38442e0849cd568253b804ab029b4af', 'c0100e3900dcadfe91030a637c6a4d4848e306e68671221b4c6f762aa4a52d1d', '3f4cc47130ef8f83aae33f1a0936f9975a1487ec7545ec07421693ae79d0962d', '2fa7005949876bfd13cdf6a30cc22dd56faf95d414979ef3bdf4f27794886d64', '56526c40446b738570e96f6613545e7708ca8abdb51d14edf1e2629c181823ad', '7645ba890d83614d33fc353d3e64d5f622f0f8d7ac451f3c1f7a2ca72da774d1', '18af71c3872771f2da720bf737a201089f3247719b92816cbb9445efd1aa8e51', '560e3d20b2301eff67c24e4d30547bfdcbd2700bb1b01eb57f734730105db0fc', '571768e2e0a5de620b20100cf2e665414b39c37b503cc3cd04422e0fc0e1dc40', '35fbf7359f76a8f19d3e66437eda3fe7f51670710b2ca384625c2f582192d8c3', 'f813709c50211ba3c0ba2bd3da6fbb01b8fb5a7621b1e9164cc9cb293436aa92', '8c61aa0c6f79035e094102aa2c92a0c0bd9ede65d9e1f2cc7f5801e1c5bd2026', '406fbdfdf1a369969e80b3ac4215f546fcd1610f748507b20bde3ebcb18fb17e', 'dd36d1fa19568dca0fcaa3de997529efdd849b8267ed2a499cbcab62e1eed9de', 'a6224b8d55ab0e54a2b58972fbf8c4a94a25b315281bc6ff723e545281c5f0f5', '42a1c984e125610e9919794154e56d28e2374b837f8ae42dacb050bc9fb1226f', 'efab17fb19c91ef4962253ea9ffd557d821f8097f64562124b0938eaf20a6e93', '0080333453249186ed6149a2b11d42a8da29a3788534b783168363a771927a93', '819017f22e24e7f56ac7fb6a2049567130aab15cb311c65382b69e1667744504', 'd1e5967fb54b57bc63bcaa2e5c7f4843736a425de206dbbfd55a6bdab7c32333']",1548009328929
736,1b9f6352395f7b71769dfa468dc55b587d21698d14acfdde9e21cfe47a3b53b1,"[-0.020031776279211044, -0.3794291615486145, 0.18412110209465027, 0.09551091492176056, -0.05697542428970337, 0.00944302137941122, 0.0825425460934639, -0.009793383069336414, -0.05455958843231201, -0.0334908552467823, -0.13805775344371796, 0.008877457119524479, -0.010192115791141987, -0.014555034227669239, -0.025922143831849098, -0.0344851128757, -0.05083021521568298, -0.013044723309576511, 0.025530993938446045, 0.03252070024609566, -0.01530464831739664, -0.014586733654141426, 0.04514893516898155, 0.04038061201572418, 0.05533572658896446, 0.0048188576474785805, 0.08611416071653366, -0.03973758593201637, 0.06787866353988647, -0.07052627205848694, -0.021225813776254654, -0.043814778327941895, 0.008451786823570728, 0.08239076286554337, 0.013226036913692951, 0.07514148205518723, 0.029984725639224052, -0.06319081038236618, -0.02093755267560482, 0.008153610862791538, 0.05561188608407974, 0.04009178280830383, 0.03279244899749756, 0.02212124690413475, 0.008977100253105164, -0.004073028452694416, 0.008649714291095734, 0.017415769398212433, 0.010004259645938873, 0.04258330538868904]",,"['dc7a2ad37d01711507b070c59b8efa1fa483dc36a032642612c6333aa7d6168b', 'ddff42da46bccbe6f835f78343d23819738ec11e3f8fa8f610b35c3c4e41cb31', 'd68ec5c78a86722b86fa5af50fa5ec912da0bf5bb296a391556b46505c3453bb', '404aff3b31168417e296e85ebc5dae78ba86e7fdbc5027cb4ba0aefcc04a6e65', '91c60fbbcf3b142b9189d05f55a592c3294654268e1103635812b6e3164b21c8', '5d6adf33dc97427c3c1034ce169aff75d38442e0849cd568253b804ab029b4af', 'c0100e3900dcadfe91030a637c6a4d4848e306e68671221b4c6f762aa4a52d1d', '3f4cc47130ef8f83aae33f1a0936f9975a1487ec7545ec07421693ae79d0962d', '2fa7005949876bfd13cdf6a30cc22dd56faf95d414979ef3bdf4f27794886d64', '56526c40446b738570e96f6613545e7708ca8abdb51d14edf1e2629c181823ad', '7645ba890d83614d33fc353d3e64d5f622f0f8d7ac451f3c1f7a2ca72da774d1', '18af71c3872771f2da720bf737a201089f3247719b92816cbb9445efd1aa8e51', '560e3d20b2301eff67c24e4d30547bfdcbd2700bb1b01eb57f734730105db0fc', '571768e2e0a5de620b20100cf2e665414b39c37b503cc3cd04422e0fc0e1dc40', '35fbf7359f76a8f19d3e66437eda3fe7f51670710b2ca384625c2f582192d8c3', 'f813709c50211ba3c0ba2bd3da6fbb01b8fb5a7621b1e9164cc9cb293436aa92', '8c61aa0c6f79035e094102aa2c92a0c0bd9ede65d9e1f2cc7f5801e1c5bd2026', '406fbdfdf1a369969e80b3ac4215f546fcd1610f748507b20bde3ebcb18fb17e', 'dd36d1fa19568dca0fcaa3de997529efdd849b8267ed2a499cbcab62e1eed9de', 'a6224b8d55ab0e54a2b58972fbf8c4a94a25b315281bc6ff723e545281c5f0f5', '42a1c984e125610e9919794154e56d28e2374b837f8ae42dacb050bc9fb1226f', 'efab17fb19c91ef4962253ea9ffd557d821f8097f64562124b0938eaf20a6e93', '0080333453249186ed6149a2b11d42a8da29a3788534b783168363a771927a93', '819017f22e24e7f56ac7fb6a2049567130aab15cb311c65382b69e1667744504', 'd1e5967fb54b57bc63bcaa2e5c7f4843736a425de206dbbfd55a6bdab7c32333']",1548009328929
737,e4bf1785a1a881b7b360256b2092bc7c38212f3c7c0e4c5219c0d2e3730dd6b5,"[-0.13129320740699768, -0.06215318664908409, 0.0597057081758976, -0.09900698810815811, -0.0642426535487175, -0.02956795133650303, 0.02539655938744545, -0.006180526688694954, -0.020144231617450714, 0.08003593981266022, -0.044476769864559174, -0.050236839801073074, -0.027409255504608154, -0.00980127602815628, -0.028580963611602783, 0.2283918559551239, 0.2904990613460541, -0.06482960283756256, 0.0036429865285754204, -0.07171353697776794, 0.06890790164470673, 0.005965117365121841, -0.1325625777244568, 0.05197549983859062, 0.0026179379783570766, -0.045190393924713135, 0.06837540864944458, -0.010723250918090343, 0.1378331482410431, -0.05456986278295517, 0.07239896804094315, -0.07627733796834946, -0.010015892796218395, -0.005321657285094261, -0.07297839224338531, -0.038244932889938354, -0.014390278607606888, 0.012260968796908855, -0.04744800552725792, 0.04500707983970642, 0.02467661164700985, -0.01635129004716873, -0.01957583613693714, 0.007934054359793663, 0.07252168655395508, 0.038206327706575394, -0.0021214820444583893, -0.019650865346193314, 0.054319389164447784, 0.007132299710065126]",,"['91d4c83b952f092a9dac16c8612f16b5b46c12abcae7298aeb551466ef30764c', '6604feb7a2a4392327de70ad85738f0fbd73aab9de8ef5edc1c56f9d327918dc', '9e9d38608aee08ccc163d2e3c30d435cec227603c69d87bf37c2100c763ce32c']",1547776737994
738,e4bf1785a1a881b7b360256b2092bc7c38212f3c7c0e4c5219c0d2e3730dd6b5,"[-0.006219055503606796, -0.19073958694934845, 0.18234378099441528, 0.09510934352874756, 0.005015064030885696, 0.008830409497022629, 0.04580312967300415, 0.062040992081165314, -0.010900861583650112, -0.07848018407821655, 0.004382789134979248, -0.044889189302921295, -0.05174919217824936, -0.008980873972177505, -0.004743756726384163, 0.15958407521247864, 0.2193652093410492, -0.017681505531072617, 0.034827157855033875, -0.06112287938594818, -0.007616332732141018, 0.08906829357147217, -0.04319244250655174, 0.0787053033709526, 0.02548331953585148, 0.005899251438677311, 0.024420171976089478, 0.06095556169748306, 0.0725841224193573, -0.06515832245349884, 0.011979911476373672, -0.040028687566518784, 0.03404522314667702, -0.04036387801170349, -0.01867697760462761, 0.05920862406492233, 0.004844054579734802, 0.007728446274995804, -0.09519617259502411, 0.03916703164577484, 0.031265586614608765, -0.04391058534383774, 0.0013823407934978604, 0.011735277250409126, 0.04342646151781082, 0.1148478165268898, -0.046024173498153687, 0.04683815687894821, 0.05990848317742348, 0.000914490781724453]",,"['91d4c83b952f092a9dac16c8612f16b5b46c12abcae7298aeb551466ef30764c', '6604feb7a2a4392327de70ad85738f0fbd73aab9de8ef5edc1c56f9d327918dc', '9e9d38608aee08ccc163d2e3c30d435cec227603c69d87bf37c2100c763ce32c']",1547777380004
739,e4bf1785a1a881b7b360256b2092bc7c38212f3c7c0e4c5219c0d2e3730dd6b5,"[-0.03884434327483177, -0.28520745038986206, 0.12285877764225006, 0.006255347281694412, -0.16935090720653534, -0.1009286642074585, -0.036435313522815704, -0.03493586927652359, -0.017978934571146965, 0.1363690197467804, -0.024842379614710808, -0.1430075764656067, 0.026800213381648064, -0.03414208069443703, -0.009447842836380005, 0.04032592475414276, -0.008950779214501381, -0.056536752730607986, 0.04170076549053192, -0.10948717594146729, 0.04762221872806549, -0.062347013503313065, 0.034328997135162354, 0.02654357999563217, 0.05164116621017456, -0.04271738976240158, 0.09973856061697006, -0.04444252699613571, -0.013573293574154377, 0.019558480009436607, 0.047968391329050064, -0.07095944881439209, 0.05547858029603958, 0.20697277784347534, -0.03225620463490486, -0.00884595513343811, 0.0006709265289828181, 0.06337209045886993, 0.044793419539928436, 0.06301385909318924, -0.015955574810504913, -0.00549416383728385, 0.04632006585597992, 0.02472548931837082, 0.009396498091518879, -0.03406822308897972, 0.024611279368400574, -0.08112683147192001, 0.040590886026620865, 0.003043059492483735]",,"['78964310da1668310f866792519953fde753e9c44c62d93d64771f62dad85934', 'b671fc9d0481cb8decdd2e9d0e460a22f87af3e93fd08ae0f0d1481090cb5823', 'a3b324cd0bbaa310c5c0690769e7d558fd56eb459a1bb2d3b94543ad4edb96dc', 'de6ea304e44f45d5a3379455bf7fe1559e095a923acc9f1afc0f0e8149c21446', 'bad75fbcc36d2027600feab07a7f740a1a9a8cb1f0e7d1cdfc368804129a0b7b', '4b22ea1349edd94454df6b1932da43cb7f3795b0645ed8ac6c2de6e119313009', 'd609687df07aca46f38d2c847b1b95d44bd54b37e6f8d80d109d27c269afdfe0', 'bb31de0e80950530d29f526f5f302bd47e497dc43ce209edd817449e8d0637ae', '1bd91f91385ae148deaa09a4d3eee1a8b097161a4933d8a23e08b2ac252b0fec', 'b04460a006f23d096e037bcd47c71ef2d0548f748197188e852148d6cafef97e', '4fca2b736df74318097137fd7f8e555d559a4f5afb027489f3a8b7c0aa249789', 'd0472857a84976183f8e839baf5878ac27b5dd65717ff8989cda96ffbe90c08b', '83b0379925ae8b59623c2afe21f944093af63d9f523a660ac46e0d2e79775714', 'd288ca04b63b4ca04e065ac5c15c47c0dda7a1c5ecaba1c0694d97f6b9ef13cb', '60aad2e659a36f5bc23882e4571bbbd2335c8ebf1714b3254fa11cb211c5e50d', 'daab7cfef68d49b38bfea252771b6bf7a14b745343bc45a32d81689969ae7a72', '7ecd6bace8dc8489327a749ac385817e397e125c603200220e69f960afbfe67f', '11832186e89e4546d34140151010690abdf4eebd6d07597d8dbf7df824a14e8b', '3e6deffd460f4c2dc1575690e933a4b2506bcd97df4ca4d9ad579ec057eecce7', '7783b71e78cc459b4d68fd7e8c2cc93157368e3d01424a5053f866140e55e59f', 'fa75b6eba2b23ae332869801c9664e479761da90809eb314931d150ab0e517ea', 'ea005396d7dbdfa64e9c00d06b7690ec0e32a402b9be0dcb63fd6385ff8e09e2', 'c00dd2ef0d416f5b1a7bf454420a534d59b7ff945d52f7e4f5a21fe5dfeb092d', 'f1f3f2972454bd4bf7f46c053bfd1a752a5f681af5c19670b3de7193fcf45b3f', 'cc825c6bfa63fa806fd4f07a3ed45a282c827831a775279c1997697882cf9ddf']",1547777669383
740,c9b51b72b9e0d8d7337d7018b6cc11992fe83b5595170c1acaaac40b9ec6bfcc,"[-0.12890568375587463, -0.09606616199016571, 0.014576665125787258, -0.051994092762470245, 0.007430090103298426, -0.010987464338541031, 0.0016829222440719604, -0.05089365690946579, -0.005576085299253464, -0.03540888428688049, 0.007202977780252695, -0.020474225282669067, 0.0030532535165548325, 0.006642100401222706, 0.004038651008158922, -0.0033089076168835163, 0.022423427551984787, 0.0034816977567970753, -0.006849614903330803, 0.03490901365876198, 0.048271019011735916, -0.0008617998100817204, -0.055702511221170425, -0.07994307577610016, 0.039419129490852356, 0.005034225061535835, -0.008723601698875427, -0.002000225940719247, -0.005680500529706478, 0.025102976709604263, 0.017809519544243813, 0.005552060902118683, 0.003686188254505396, -0.003920159302651882, -0.04935991019010544, -0.010117373429238796, -0.002656546887010336, -0.01829211227595806, 0.02016228623688221, 0.0041960072703659534, -0.02338104136288166, -0.013902565464377403, 0.027777275070548058, 0.022631684318184853, -4.316214472055435e-05, 0.0019571399316191673, 0.003334406763315201, 0.015987001359462738, -0.0025762440636754036, -0.012209064327180386]",['658d89d979342b473bcc6ffcb8fbafc53ef75a46b4e7724299c907f2d614ff98'],"['658d89d979342b473bcc6ffcb8fbafc53ef75a46b4e7724299c907f2d614ff98', '2c0b5b24aa030baec8b34ba6df81fec722b9e332e0f7d3066fae165f51a8e1d0', '8e3b6df0ad74a6cacc2bd2af734b72f88c119733cfb1423673147bfbe700a68f', '853aca114ce0965f9c098c2ae35957ba25aaf4b073f802487adef164e69c55ba', '47d89bfd3746040bcf300486941e5638be66d2b5765e2e9a69152444787fe3c7', 'dc65fedbe2e429f3dcb1142d3baaaddb5db53a68939cce4c52d504dac6b41e85', 'f4636fad23d25bb74383b92a66b211236c353befdcbfb748413392ab6f7e096c', '281b954b4bdd713bcfa639e0ae73a63d57c87250060d4edc75f64f4f78e2b52c', '3a5603f5a496c8b459f1685959d9399cefb60590b0afe05fb2bcdaea65e35eb6', '8d8dda4bf6011a7993e3de8bab234edc88603e1e0de85bd78d38b0936e4fd9ad', '0c028bb15a132906578ece25cd808bce73cbe41cb6c0d8afc7d10d8c2edf8ec1', '672bc9af34fdffaac24e88e8e5c3aec1cff9a6a1ea4021a3b92e9a5555cc937b', 'd6caa4acd0e8cdff9dd0bb8c79fa7406ece2f44bfc955117fe6368aaf3bbe618', 'f08d7a75bf259af6c16c8563d44920fedcc0af9535fd4bd5c417615747ab90ac', '7d767cbf3e10246fa0cdb0bec1cef333359f667bed0366aedd86e17d5d16abde', '2fc0d555188274f2cfb4a567b05d4ecc8c3a30f75cf372400a15f524f4e6c6a9', '093973d8e8a3e6944cf7c4413ad0d9eec6ebdc011ebd2b9e92142298eed5b681']",1549676803013
741,c9b51b72b9e0d8d7337d7018b6cc11992fe83b5595170c1acaaac40b9ec6bfcc,"[-0.13688412308692932, -0.07396098971366882, 0.05389540642499924, -0.10018737614154816, 0.19782626628875732, -0.034859418869018555, -0.012122012674808502, 0.20692318677902222, 0.030812960118055344, 0.028229378163814545, -0.08097313344478607, -0.04981917142868042, 0.0057553574442863464, -0.06013631820678711, 0.08795197308063507, 0.02546607330441475, 0.007801626343280077, 0.005366491619497538, 0.009808787144720554, 0.0532759353518486, 0.0230542104691267, 0.010282086208462715, -0.039119888097047806, -0.07443936169147491, 0.02480677142739296, 0.04687416926026344, 0.015261413529515266, -0.0041017960757017136, -0.012121468782424927, 0.009303166531026363, 0.01957179605960846, 0.004394369665533304, -0.006220743525773287, -0.01642562448978424, -0.04523177444934845, 0.022089438512921333, -0.0063659995794296265, -0.005681228823959827, 0.01314927265048027, 0.011011683382093906, -0.03998227417469025, -0.002497953362762928, 0.03897104412317276, 0.024384252727031708, 0.01941687986254692, -0.005326425656676292, -0.002736795460805297, 0.02811332605779171, 0.039555393159389496, -0.00465575372800231]","['4eebef3f1611ee8ab43dab0779c644f05f9fc70dbd061517b886bc93e3264151', '4eebef3f1611ee8ab43dab0779c644f05f9fc70dbd061517b886bc93e3264151', '4eebef3f1611ee8ab43dab0779c644f05f9fc70dbd061517b886bc93e3264151', '4eebef3f1611ee8ab43dab0779c644f05f9fc70dbd061517b886bc93e3264151']","['4eebef3f1611ee8ab43dab0779c644f05f9fc70dbd061517b886bc93e3264151', 'd2f14c1844205776d70395ad24f8b5dbe129b17a375015d5bb515b0a7a154c65', 'eb695c5a41586ae2afbf71ce51efda9d3021a45624b3b2b33dec0e71276ca2f1', 'c739918374ec464a7008d83ed90d614a427cfe54d2107659e3863d811fbfeffa', '354bed6c794c68850f9830cfc9295b7e6359eaddcdf0b13efbda629634342451', 'cb455f45074fe47b932879f12bdb269eebc5f4652218b7a330deb3f353e18d05', 'cf6af020158b3ccb66b84956c7665cb8e44abee41d94761464c37966830d21b2', '22f1dde7df258c1bbeb1db3e8b62e9d2430f5ede7a7e6c2e1646661ebd40ac3b', '13c32f8f0eb602168563fd22911be54922561a62d6d5cf457e174efff5f761c5', '14c80d7fa5c6fc0b4f4659b6667a67c07eb561a85f0af7a4e2a534bcc04a2584', '4e43d71106e2476cda26eca171f0c45051437d90105d34f63f697a539e2d9d61', 'c4b41a4f5bc24d71e1706ca2bb3cffe039bc0dfba318fbf88608cefc17ef3ea9', 'c32d26d0e3517518db40ff8a9f7a2a2da3f81cf73e1016a7039c0aabeaadee33', 'a964cb90cdccf7238e7f4c0ea644c95abda6b37d3642a87672e6cb0224dedb76', '767ecbc1d0220fa50f6a6c566c9541fa25d134e3193382133d75b96d363244ae', 'd3062530a7ed60efc72224895e5adfedbe917218c49dfb804ae34946f051a826', '06b52a551ad3f4704a82e85a474c69f2c643f76979aee5a7d35c8b45f7aa5799', '2427f814a61fb7bc3423ecaf5619ec6fa6b99483502d7a8902ed9f532e92e43c', '54307156eebda1aae11942bce9deed22ea9b6016c018ba5a4b45b00f346f9939', 'b94b7c6ab122d9a5a57a3b40a103aa3fb7a011c741d0d6c567ad73ebfcd8f393', '209fd852511162c038b588a474fe483eff434757d2354f07ea849a2bb71a26a2', '96c5ea6ddf9912af9c35741942c7c967f79d8ffe527f69fca153991af6aa9f94', '417e9c5a41a14d809c0dcd82df42833934ede793ab070241a48f0e14ee2ba244', '4f2845c8772733b83d44068b00226e9a49c8de09f821598fe8aea255f654cf32', 'a0c92d6bb3e9195f5aef78cfc7babc5029a87ae8c42e1c4cc73d96a602c28a5f']",1549676883269
742,41b76a45f71ab3ceb0aaf8b2b76d9e3ebc4cc54b9f7e72beb058ca14117bdac2,"[-0.14089852571487427, -0.10359973460435867, 0.08655259013175964, -0.02637799084186554, 0.09123314917087555, -0.022521382197737694, 0.11816290020942688, -0.10489809513092041, 0.09156583249568939, -0.012052852660417557, -0.013836372643709183, -0.008429584093391895, 0.038018159568309784, 0.011536454781889915, 0.00898819975554943, -0.01864449307322502, -0.059231001883745193, -0.013769292272627354, 0.011335896328091621, 0.0838768482208252, -0.06306973099708557, 0.0065171378664672375, -0.05209524184465408, -0.0038585951551795006, -0.03607986867427826, 0.05041142553091049, -0.03607910871505737, -0.001009707571938634, 0.02375520020723343, 0.00576395820826292, 0.023686908185482025, -0.03158748149871826, -0.01341515313833952, 0.004599526524543762, 0.0025990838184952736, -0.03022082895040512, -0.019020944833755493, 0.05039028823375702, 0.011903289705514908, 0.03092130459845066, 0.0010782191529870033, -0.017395643517374992, 0.02265559509396553, 0.0044123162515461445, 0.0021100975573062897, -0.07337070256471634, 0.004608221352100372, -0.0034778742119669914, -0.03258439898490906, 0.013859078288078308]",,"['3e50a6dccb77b68f7f415500e52291d2844a42132f162c7d4ca677781fe21d0d', '9313cdd723b89e210b2495948f2b2be22e554fcec979e9f2db544d5152488c87', '71dfaeb2cc1b7f49e0363abf4bbbf2049a6facfeab491a8bcfe833b2d7a55545', '50ee5b34d82615cf0791f390102467ec729faff8bec469dc5049979f8c95a87c', '75521d8daa28d5bee349c6fbfc42d04e7d128d896e1c42c5b58bae96ba953d11', '8348de9713e3bf1cea88579a6b6c11fa520d5020bbd6bb5ba5b0a112b1c2b38e', '811b4e57099e1fde6af79c318467c99fb71d5f78816cec071f37b6af2f919a74', 'd29e9b38453a8bb674efdd381e1594ffa1b4ceadd47f30df0598308ab0b87db1', '1d8eb5c020c432c3a9dc1cba6c723c98c5b2ed3fb78b54a4c0b17a6402354fad', 'bfefe7fd10a374638c629dc2442fadaa8d2a8be52e1edd16caedea9c65d55fad', '70dda99dd659c016c6081c4f2657e7e5bc1a27a5b97774b8b4828b0fdf63bf75', '44d584ff5b4b0f524f66fd6e4eced91c2367cef479b343be3584806c1980e543', 'f553c5e2a9a8febc05f8c27f7611ce585de629d7dc7af6a8f80a342011356603', '45efa2368151c421ebc58b54f691af32e7fe06365a025624da77863ff066cfb6', 'a96ade7b74e53bc79814ed464a70a7761ec539b8baa550fc142b7c1ebd0db0f7', '47122215992405aa74141487bfad29bb3d3defb74eb05754e856d5acde23f264', '96ef8978c882288da2decfea6b49088be600177ed850b1ff86affff321185510', '3ccb94019686a1816100158945778a534d33214bc2f7781d3e402bf72bfe6c9e', '124bb7af0e58a6ba0b0dec04a247114c078f16bda17b65d2348c16856b410230', '440e2f5542a7a9d1d30c727223c6023ba09d35be593be46768eb6adf4ee9ba80', 'f5147d2b97a3939164883e622c8cb3462b99cfbdab3e30e680cf7547749eaa18', '0bd60d9ae261f90ee07a6f43f3aa08805f026351c54d16fde6be3cb0f48550f2', '3650e031b7b8c5d53bcab47f73e987a039cf4a50ec435ba820bcd537b5d149e9', '467111832a3984e78954746589bbf336df4f8f24f0488cf208421322dc080783', '3621000b6999316c15ad7a05ebc831bbc472534ae712402bc6c0fd61f907c1df']",1547911297117
743,64d5d4d51877ede860d1c8ab19b41ba9c6fec8bd40e75b352dd9732845ab29ed,"[-0.0410199835896492, -0.1808738112449646, 0.02112012542784214, 0.012048659846186638, 0.008962561376392841, -0.0265972763299942, 0.010670261457562447, 0.033902451395988464, 0.028050538152456284, -0.01582453027367592, 0.11825427412986755, -0.06646657735109329, 0.018042519688606262, 0.07405892014503479, -0.05350328981876373, -0.11189614236354828, 0.0034824805334210396, -0.028055105358362198, -0.06702037900686264, 0.006234689150005579, 0.027992911636829376, -0.057853247970342636, -0.11342526972293854, 0.015280459076166153, -0.07431173324584961, 0.020076092332601547, -0.05758406221866608, 0.0447206012904644, 0.025425905361771584, -0.122545026242733, -0.1243773028254509, -0.005218001548200846, -0.11016666144132614, -0.018485045060515404, -0.061640024185180664, 0.07179618626832962, -0.014290840364992619, -0.15265092253684998, 0.10950465500354767, -0.09364993870258331, -0.12398789823055267, 0.01361173577606678, 0.0019422643817961216, 0.000803695060312748, 0.006258670706301928, 0.03761963173747063, 0.0009958921000361443, 0.05229664593935013, -0.06211886182427406, 0.02170417457818985]",,,1547925411481
744,3414351205a928f0ffd7e33e8a7a0c8bdaf17fbeea313c1fcc92e4401c80fef1,"[-0.14544573426246643, -0.1624017357826233, 0.040839120745658875, -0.13085627555847168, -0.16422279179096222, -0.04271902143955231, -0.0752551481127739, -0.02698325738310814, -0.0637519583106041, 0.04610057175159454, -0.019919048994779587, -0.07073445618152618, 0.05049751698970795, 0.001320764422416687, -0.03643345460295677, 0.04532511532306671, 0.023998640477657318, -0.022160397842526436, -0.0390680693089962, 0.03052312135696411, 0.041358355432748795, -0.029660504311323166, 0.006738701835274696, -0.026918932795524597, -0.0006117966258898377, -0.02098795212805271, 0.028248285874724388, -0.055890366435050964, -0.0095256632193923, -0.035890113562345505, 0.0124971903860569, -0.02792668528854847, -0.07310628145933151, -0.014577118679881096, -0.06588506698608398, 0.05726712942123413, -0.010362634435296059, -0.02628752589225769, -0.0035411440767347813, 0.003176708472892642, -0.0023618442937731743, -0.0064925760962069035, 0.025380568578839302, -0.0013755830004811287, -0.016951899975538254, 0.012149900197982788, 0.010088886134326458, -0.00751399714499712, 0.010575894266366959, -0.01001058891415596]",,"['7029732304596b98422476ecf5bcb85f1ed66bc9c9050214d5da21b87d9df7ff', 'c7d14cc9306c98f6eec9a38df07e6889672a31c39008f20fc025463de8d03b87', '15d6c266eadc31a1a2fb3143a0d0912a81a332e5b18ed7c19217df5f45a8f458']",1547693095719
745,481e53a9777f72437d1b88e1d1c8ca0799282a1da37ec2b8f94c897792b2072d,"[-0.14558462798595428, -0.061822451651096344, -0.012363774701952934, -0.08999054878950119, 0.23331305384635925, 0.009948157705366611, -0.04962867498397827, 0.24510258436203003, -0.03179864585399628, 0.07479878515005112, -0.0007943827658891678, -0.08268009126186371, -0.02599180117249489, -0.04017443209886551, 0.08756575733423233, 0.022672578692436218, -0.00020442157983779907, -0.006074191071093082, -0.04720175638794899, 0.022583143785595894, 0.013973511755466461, -0.023737894371151924, -0.028134917840361595, -0.005473200231790543, -0.01055354718118906, 0.020157238468527794, 0.009883004240691662, -0.029113179072737694, -0.060882795602083206, -0.014866404235363007, -0.029584290459752083, 0.03069974109530449, -0.0021744747646152973, 0.0371999554336071, -0.001200585626065731, 0.02499605529010296, 0.0075104720890522, -0.040885500609874725, 0.056839317083358765, 0.01457141526043415, -0.029587633907794952, 0.03922942653298378, 0.0026560944970697165, 0.014384808018803596, 0.03745035082101822, -0.02206847071647644, -0.017032183706760406, -0.006867199204862118, -0.003597654402256012, 0.02891254797577858]",,"['b60655ca0ff83711b6e997ec9ca6d53520eddf907c2da66868e59ce871b3c2e5', '4a8287cc187298b2d6f587df750846208ca31de49ed49a7cff08711838286103', '66ebbb9af53fedacec2c1fe85da39a6dfba30f29d3d46b357511bb9ddc1aaebd']",1547598488131
746,481e53a9777f72437d1b88e1d1c8ca0799282a1da37ec2b8f94c897792b2072d,"[-0.19324065744876862, 0.04247158020734787, -0.037476688623428345, -0.1169005036354065, 0.2131628692150116, 0.018284788355231285, -0.09594665467739105, 0.21310266852378845, -0.09389616549015045, 0.028136946260929108, 0.01021234318614006, -0.033695779740810394, -0.04004846513271332, -0.061989396810531616, 0.11464937031269073, 0.014870872721076012, -0.030530773103237152, 0.008684408850967884, -0.06647225469350815, 0.023008745163679123, 0.04468509554862976, -0.0043979729525744915, -0.0477849580347538, -0.009211443364620209, -0.006518077105283737, 0.015178743749856949, -0.019118646159768105, -0.0021130056120455265, -0.05748508870601654, -0.05353083834052086, -0.04821091517806053, 0.04903390631079674, 0.06275813281536102, 0.053965773433446884, 0.01252793800085783, 0.04794231057167053, 0.042899105697870255, -0.035295333713293076, 0.019340116530656815, 0.03190138563513756, 0.0021045655012130737, -0.01397086214274168, -0.0037097253371030092, 0.02730168029665947, 0.07012820243835449, 0.02817833051085472, -0.012625404633581638, -0.047067247331142426, -0.035853177309036255, 0.02588028833270073]","['32a7660f4cc0cc4f0482a078bfce7e849d9e9ca088b3d89d18d0830abcbcbfe0', '5e0e6cf4ae699de21ff05f21677614f7824fd506e36b5d1192f25c22bbfad878']","['b60655ca0ff83711b6e997ec9ca6d53520eddf907c2da66868e59ce871b3c2e5', '4a8287cc187298b2d6f587df750846208ca31de49ed49a7cff08711838286103', '66ebbb9af53fedacec2c1fe85da39a6dfba30f29d3d46b357511bb9ddc1aaebd', 'c689a41e00183686bf413a8e508f2f477cd56c40849ca6af4242c95e43109dac', 'baf454924b4d98af621cf6d733bbc530e2afc18307eeb41af10abb2d7037aafb', '32a7660f4cc0cc4f0482a078bfce7e849d9e9ca088b3d89d18d0830abcbcbfe0', 'be1f0007d1c5ba0433bcc0b05822795ddfb8ef664b80f11e35395381568e196a', '2750df2e23ea00eabc7d969efbb9242118ad20e87ebb34f1190f937cbe98f6c2', '8e141dcf279e5d51a27e2b87b65d3c225be0dd4ef64d09d6d8a3c4168698c921', '4168e066df102776fb508df79ab2c1760296421ccbfeb0230ebb5fae7573a211', '7dfc28270686bb193c3f8335b366f34f9533ee524f3bf14564e77dfd329605a7', '59743b9a98bfc70bdfcb2d42836e2aeee5dfb031de45258db7131c4d648faf9f', '92bcc7dacb21388f8aca3a0102eba55c5f162216dc1a886521087022eb1e5708', '339ada17cd32dd9637ba24d39d69087ae12485fb8ce2061f38bf808b8c7f212d', '4f7d6a7e873dd5b1261b734f15e444903220bbfcfb644757e1d2eba92635d289', '21f863db49784ea98d24e08e69f201fa84b92fc7bf984a394bf62bdb29af5da1', 'b5f5009db3c5a242a4819b9aa6ff1b82945824f5d9c628f80a9f69069b95d1fb', '5289cf7bafeef84353b440ae4511de8748fb8ee0fe0c31c6326bb5ff70195259', '8f78d55a3780d3993ab6c416384b9baf5bc6e595c20a07be5ee9ad45208e34bb', '2a78ebe677f224de72f9e3c232253434054a96d0561d35df4254f6963371cc37', '8ab6d626e086483d78fd03054b97992550f02efa2ee36460205b980be9e945a9', '5637328a7e81cb61a075d8c71fa6179f3265f1e7c309167b495cc14a1f495e51', 'f4748dd1c1213f0cfc17e40e0a7b5e2fe2f37c399b7f5026e3e2c5c76cd81e61', '6e638c56b487cef47ed478b46e7d56f359a924fd8bcf22087511751f9792b71a', '63f4f5622fef3269327dddd4e6a902d1b83c45ecd0470ba73bcb0e1b0c95deb2']",1547598511579
747,93c397a2e4531db12d9d95dfd580f9b7f47659c1186d75aa7e297bae6d70e453,"[-0.17260226607322693, -0.015721358358860016, -0.048570290207862854, -0.14735674858093262, 0.17228654026985168, 0.02295812778174877, -0.08491291850805283, 0.15443016588687897, -0.06364335119724274, -0.01995784230530262, -0.057429246604442596, -0.04051470011472702, -0.009644296951591969, -0.07014741003513336, 0.07321083545684814, 0.029510855674743652, -0.0343092679977417, 0.02848890796303749, -0.01234821043908596, 0.01003333181142807, -0.013022085651755333, -0.0017449632287025452, -0.006254416424781084, -0.02354876697063446, 0.027405599132180214, 0.029926206916570663, 0.001805467065423727, -0.01265492383390665, -0.02597792260348797, -0.01199221983551979, -0.01554002147167921, 0.023681258782744408, 0.0013423764612525702, -0.012633435428142548, 0.005002385936677456, 0.019707929342985153, -0.009341229684650898, -0.019145693629980087, -0.007002408616244793, 0.014718309976160526, 0.004893009085208178, -0.00936423521488905, -0.005830928683280945, -0.0012530786916613579, 0.004827391356229782, 0.008817825466394424, 0.0009599959012120962, -0.004043113440275192, -0.0027336138300597668, -0.004186826758086681]","['5c098d7841bababe5c2a5a1d65925a6ac7f7b355e9b3bfc4282c77d0953ef740', 'd74af0435e46a17eaec923e9f2d97887deface87c0692c0b479f11348817f47d', 'b9e78444cca2676f7c8fa3d96e07946f3e0083eecd4356da36666460a50c9abc', 'f3099880836d5832b1bedf0fea5534661f3ccb96423cde2ead5cd257776f3de8', 'b3d8223c3c6b1489ab2ef2bf1ccd937a29813fb9c7198a05faddb1e72c61b682', 'b3d8223c3c6b1489ab2ef2bf1ccd937a29813fb9c7198a05faddb1e72c61b682']","['b9e78444cca2676f7c8fa3d96e07946f3e0083eecd4356da36666460a50c9abc', '5f0ad431d7c50e4fe59861e4810c07c6bae80db37060863d24e8f8ab60d0af6f', 'aab60a087b9949090d6ffb0ea7b820f44ca2ac6ea87f35cb43b2f2912d231ac0', '87f84da0c27c4052166e521c7adc0e34fddce39e2ad7b9bf13b4ae7e040abbf1', '52294425542678c3859846877531c846af54cf46f51ba86ac75c482ad168be3d', 'bbf6078546e324f92ac92bb7606e4fbbc6a2349b558096f69dcc21a85e8e4da3', 'fd9eed5afeebd65efce2ae92f23b1dd8969b36823a24dc29e8312300fa102fbc', 'cc1dedbc30fb7712b8fee9e821af2855d94ba60f758a289c6154395ab7d5cb09', '619f168608aa334040e41d35eb8668d79ac0b1b4b195725a9815943ef8cccfb9', '545c91c635df25daac13efa4eeb2f781ca0b13c4db5454bde15208b3ecec96ba', '4ed32d7993879dd94130413cfaffe0e9d25a7321536687ae7ffed64ed1c76bd5', '5c098d7841bababe5c2a5a1d65925a6ac7f7b355e9b3bfc4282c77d0953ef740', 'd74af0435e46a17eaec923e9f2d97887deface87c0692c0b479f11348817f47d', 'f3099880836d5832b1bedf0fea5534661f3ccb96423cde2ead5cd257776f3de8', 'deacf531f36a25c6829f0f173e0d076b6ce65042b8107ce0e6fe4f316acaa6af', 'b3d8223c3c6b1489ab2ef2bf1ccd937a29813fb9c7198a05faddb1e72c61b682', '7394214f611769df4cbd92e021903cd6b15793780fa33d3510a72a23b47907c6', '8537363174e0fc1d2861bf1cffe724f6e15f378335053f37a8b3853cffc0f7c1', '703b8aab48927908364e72c26d56c4397f2a9539b7b040a1264c0a9867ee0447', '87d0d00dd48c48156bb1e929b5af3a91367e0b46fbcc3c105900bcf81267d738', '7f2bf92ee6d68e76bff3b4c34d28522c11430993f2a1bc07dbcfb29db4b6915a', '5f06ad68e7eb929271ea1fffcd03120f3bbca84722fd87d08fbab6c9a0b90fd6', '5731eee1ad6e7af0d77cdc090b9211b9ac14f51fd802e40ff5b6f2622d6ce40b', 'a9e009431f659ee5ac6120f45f3e8668da6cac95c4db83a74d241e2b126796e3', '04f1207d6af5db69b192aa28f5734b2503adc19399784ada71e45fafbd7c6626']",1549057188408
748,93c397a2e4531db12d9d95dfd580f9b7f47659c1186d75aa7e297bae6d70e453,"[-0.17260226607322693, -0.015721358358860016, -0.048570290207862854, -0.14735674858093262, 0.17228654026985168, 0.02295812778174877, -0.08491291850805283, 0.15443016588687897, -0.06364335119724274, -0.01995784230530262, -0.057429246604442596, -0.04051470011472702, -0.009644296951591969, -0.07014741003513336, 0.07321083545684814, 0.029510855674743652, -0.0343092679977417, 0.02848890796303749, -0.01234821043908596, 0.01003333181142807, -0.013022085651755333, -0.0017449632287025452, -0.006254416424781084, -0.02354876697063446, 0.027405599132180214, 0.029926206916570663, 0.001805467065423727, -0.01265492383390665, -0.02597792260348797, -0.01199221983551979, -0.01554002147167921, 0.023681258782744408, 0.0013423764612525702, -0.012633435428142548, 0.005002385936677456, 0.019707929342985153, -0.009341229684650898, -0.019145693629980087, -0.007002408616244793, 0.014718309976160526, 0.004893009085208178, -0.00936423521488905, -0.005830928683280945, -0.0012530786916613579, 0.004827391356229782, 0.008817825466394424, 0.0009599959012120962, -0.004043113440275192, -0.0027336138300597668, -0.004186826758086681]","['5c098d7841bababe5c2a5a1d65925a6ac7f7b355e9b3bfc4282c77d0953ef740', 'd74af0435e46a17eaec923e9f2d97887deface87c0692c0b479f11348817f47d', 'b9e78444cca2676f7c8fa3d96e07946f3e0083eecd4356da36666460a50c9abc', 'f3099880836d5832b1bedf0fea5534661f3ccb96423cde2ead5cd257776f3de8', 'b3d8223c3c6b1489ab2ef2bf1ccd937a29813fb9c7198a05faddb1e72c61b682', 'b3d8223c3c6b1489ab2ef2bf1ccd937a29813fb9c7198a05faddb1e72c61b682']","['b9e78444cca2676f7c8fa3d96e07946f3e0083eecd4356da36666460a50c9abc', '5f0ad431d7c50e4fe59861e4810c07c6bae80db37060863d24e8f8ab60d0af6f', 'aab60a087b9949090d6ffb0ea7b820f44ca2ac6ea87f35cb43b2f2912d231ac0', '87f84da0c27c4052166e521c7adc0e34fddce39e2ad7b9bf13b4ae7e040abbf1', '52294425542678c3859846877531c846af54cf46f51ba86ac75c482ad168be3d', 'bbf6078546e324f92ac92bb7606e4fbbc6a2349b558096f69dcc21a85e8e4da3', 'fd9eed5afeebd65efce2ae92f23b1dd8969b36823a24dc29e8312300fa102fbc', 'cc1dedbc30fb7712b8fee9e821af2855d94ba60f758a289c6154395ab7d5cb09', '619f168608aa334040e41d35eb8668d79ac0b1b4b195725a9815943ef8cccfb9', '545c91c635df25daac13efa4eeb2f781ca0b13c4db5454bde15208b3ecec96ba', '4ed32d7993879dd94130413cfaffe0e9d25a7321536687ae7ffed64ed1c76bd5', '5c098d7841bababe5c2a5a1d65925a6ac7f7b355e9b3bfc4282c77d0953ef740', 'd74af0435e46a17eaec923e9f2d97887deface87c0692c0b479f11348817f47d', 'f3099880836d5832b1bedf0fea5534661f3ccb96423cde2ead5cd257776f3de8', 'deacf531f36a25c6829f0f173e0d076b6ce65042b8107ce0e6fe4f316acaa6af', 'b3d8223c3c6b1489ab2ef2bf1ccd937a29813fb9c7198a05faddb1e72c61b682', '7394214f611769df4cbd92e021903cd6b15793780fa33d3510a72a23b47907c6', '8537363174e0fc1d2861bf1cffe724f6e15f378335053f37a8b3853cffc0f7c1', '703b8aab48927908364e72c26d56c4397f2a9539b7b040a1264c0a9867ee0447', '87d0d00dd48c48156bb1e929b5af3a91367e0b46fbcc3c105900bcf81267d738', '7f2bf92ee6d68e76bff3b4c34d28522c11430993f2a1bc07dbcfb29db4b6915a', '5f06ad68e7eb929271ea1fffcd03120f3bbca84722fd87d08fbab6c9a0b90fd6', '5731eee1ad6e7af0d77cdc090b9211b9ac14f51fd802e40ff5b6f2622d6ce40b', 'a9e009431f659ee5ac6120f45f3e8668da6cac95c4db83a74d241e2b126796e3', '04f1207d6af5db69b192aa28f5734b2503adc19399784ada71e45fafbd7c6626']",1549057188408
749,93c397a2e4531db12d9d95dfd580f9b7f47659c1186d75aa7e297bae6d70e453,"[-0.17260226607322693, -0.015721358358860016, -0.048570290207862854, -0.14735674858093262, 0.17228654026985168, 0.02295812778174877, -0.08491291850805283, 0.15443016588687897, -0.06364335119724274, -0.01995784230530262, -0.057429246604442596, -0.04051470011472702, -0.009644296951591969, -0.07014741003513336, 0.07321083545684814, 0.029510855674743652, -0.0343092679977417, 0.02848890796303749, -0.01234821043908596, 0.01003333181142807, -0.013022085651755333, -0.0017449632287025452, -0.006254416424781084, -0.02354876697063446, 0.027405599132180214, 0.029926206916570663, 0.001805467065423727, -0.01265492383390665, -0.02597792260348797, -0.01199221983551979, -0.01554002147167921, 0.023681258782744408, 0.0013423764612525702, -0.012633435428142548, 0.005002385936677456, 0.019707929342985153, -0.009341229684650898, -0.019145693629980087, -0.007002408616244793, 0.014718309976160526, 0.004893009085208178, -0.00936423521488905, -0.005830928683280945, -0.0012530786916613579, 0.004827391356229782, 0.008817825466394424, 0.0009599959012120962, -0.004043113440275192, -0.0027336138300597668, -0.004186826758086681]","['5c098d7841bababe5c2a5a1d65925a6ac7f7b355e9b3bfc4282c77d0953ef740', 'd74af0435e46a17eaec923e9f2d97887deface87c0692c0b479f11348817f47d', 'b9e78444cca2676f7c8fa3d96e07946f3e0083eecd4356da36666460a50c9abc', 'f3099880836d5832b1bedf0fea5534661f3ccb96423cde2ead5cd257776f3de8', 'b3d8223c3c6b1489ab2ef2bf1ccd937a29813fb9c7198a05faddb1e72c61b682', 'b3d8223c3c6b1489ab2ef2bf1ccd937a29813fb9c7198a05faddb1e72c61b682']","['b9e78444cca2676f7c8fa3d96e07946f3e0083eecd4356da36666460a50c9abc', '5f0ad431d7c50e4fe59861e4810c07c6bae80db37060863d24e8f8ab60d0af6f', 'aab60a087b9949090d6ffb0ea7b820f44ca2ac6ea87f35cb43b2f2912d231ac0', '87f84da0c27c4052166e521c7adc0e34fddce39e2ad7b9bf13b4ae7e040abbf1', '52294425542678c3859846877531c846af54cf46f51ba86ac75c482ad168be3d', 'bbf6078546e324f92ac92bb7606e4fbbc6a2349b558096f69dcc21a85e8e4da3', 'fd9eed5afeebd65efce2ae92f23b1dd8969b36823a24dc29e8312300fa102fbc', 'cc1dedbc30fb7712b8fee9e821af2855d94ba60f758a289c6154395ab7d5cb09', '619f168608aa334040e41d35eb8668d79ac0b1b4b195725a9815943ef8cccfb9', '545c91c635df25daac13efa4eeb2f781ca0b13c4db5454bde15208b3ecec96ba', '4ed32d7993879dd94130413cfaffe0e9d25a7321536687ae7ffed64ed1c76bd5', '5c098d7841bababe5c2a5a1d65925a6ac7f7b355e9b3bfc4282c77d0953ef740', 'd74af0435e46a17eaec923e9f2d97887deface87c0692c0b479f11348817f47d', 'f3099880836d5832b1bedf0fea5534661f3ccb96423cde2ead5cd257776f3de8', 'deacf531f36a25c6829f0f173e0d076b6ce65042b8107ce0e6fe4f316acaa6af', 'b3d8223c3c6b1489ab2ef2bf1ccd937a29813fb9c7198a05faddb1e72c61b682', '7394214f611769df4cbd92e021903cd6b15793780fa33d3510a72a23b47907c6', '8537363174e0fc1d2861bf1cffe724f6e15f378335053f37a8b3853cffc0f7c1', '703b8aab48927908364e72c26d56c4397f2a9539b7b040a1264c0a9867ee0447', '87d0d00dd48c48156bb1e929b5af3a91367e0b46fbcc3c105900bcf81267d738', '7f2bf92ee6d68e76bff3b4c34d28522c11430993f2a1bc07dbcfb29db4b6915a', '5f06ad68e7eb929271ea1fffcd03120f3bbca84722fd87d08fbab6c9a0b90fd6', '5731eee1ad6e7af0d77cdc090b9211b9ac14f51fd802e40ff5b6f2622d6ce40b', 'a9e009431f659ee5ac6120f45f3e8668da6cac95c4db83a74d241e2b126796e3', '04f1207d6af5db69b192aa28f5734b2503adc19399784ada71e45fafbd7c6626']",1549057188408
750,93c397a2e4531db12d9d95dfd580f9b7f47659c1186d75aa7e297bae6d70e453,"[-0.17260226607322693, -0.015721358358860016, -0.048570290207862854, -0.14735674858093262, 0.17228654026985168, 0.02295812778174877, -0.08491291850805283, 0.15443016588687897, -0.06364335119724274, -0.01995784230530262, -0.057429246604442596, -0.04051470011472702, -0.009644296951591969, -0.07014741003513336, 0.07321083545684814, 0.029510855674743652, -0.0343092679977417, 0.02848890796303749, -0.01234821043908596, 0.01003333181142807, -0.013022085651755333, -0.0017449632287025452, -0.006254416424781084, -0.02354876697063446, 0.027405599132180214, 0.029926206916570663, 0.001805467065423727, -0.01265492383390665, -0.02597792260348797, -0.01199221983551979, -0.01554002147167921, 0.023681258782744408, 0.0013423764612525702, -0.012633435428142548, 0.005002385936677456, 0.019707929342985153, -0.009341229684650898, -0.019145693629980087, -0.007002408616244793, 0.014718309976160526, 0.004893009085208178, -0.00936423521488905, -0.005830928683280945, -0.0012530786916613579, 0.004827391356229782, 0.008817825466394424, 0.0009599959012120962, -0.004043113440275192, -0.0027336138300597668, -0.004186826758086681]","['5c098d7841bababe5c2a5a1d65925a6ac7f7b355e9b3bfc4282c77d0953ef740', 'd74af0435e46a17eaec923e9f2d97887deface87c0692c0b479f11348817f47d', 'b9e78444cca2676f7c8fa3d96e07946f3e0083eecd4356da36666460a50c9abc', 'f3099880836d5832b1bedf0fea5534661f3ccb96423cde2ead5cd257776f3de8', 'b3d8223c3c6b1489ab2ef2bf1ccd937a29813fb9c7198a05faddb1e72c61b682', 'b3d8223c3c6b1489ab2ef2bf1ccd937a29813fb9c7198a05faddb1e72c61b682']","['b9e78444cca2676f7c8fa3d96e07946f3e0083eecd4356da36666460a50c9abc', '5f0ad431d7c50e4fe59861e4810c07c6bae80db37060863d24e8f8ab60d0af6f', 'aab60a087b9949090d6ffb0ea7b820f44ca2ac6ea87f35cb43b2f2912d231ac0', '87f84da0c27c4052166e521c7adc0e34fddce39e2ad7b9bf13b4ae7e040abbf1', '52294425542678c3859846877531c846af54cf46f51ba86ac75c482ad168be3d', 'bbf6078546e324f92ac92bb7606e4fbbc6a2349b558096f69dcc21a85e8e4da3', 'fd9eed5afeebd65efce2ae92f23b1dd8969b36823a24dc29e8312300fa102fbc', 'cc1dedbc30fb7712b8fee9e821af2855d94ba60f758a289c6154395ab7d5cb09', '619f168608aa334040e41d35eb8668d79ac0b1b4b195725a9815943ef8cccfb9', '545c91c635df25daac13efa4eeb2f781ca0b13c4db5454bde15208b3ecec96ba', '4ed32d7993879dd94130413cfaffe0e9d25a7321536687ae7ffed64ed1c76bd5', '5c098d7841bababe5c2a5a1d65925a6ac7f7b355e9b3bfc4282c77d0953ef740', 'd74af0435e46a17eaec923e9f2d97887deface87c0692c0b479f11348817f47d', 'f3099880836d5832b1bedf0fea5534661f3ccb96423cde2ead5cd257776f3de8', 'deacf531f36a25c6829f0f173e0d076b6ce65042b8107ce0e6fe4f316acaa6af', 'b3d8223c3c6b1489ab2ef2bf1ccd937a29813fb9c7198a05faddb1e72c61b682', '7394214f611769df4cbd92e021903cd6b15793780fa33d3510a72a23b47907c6', '8537363174e0fc1d2861bf1cffe724f6e15f378335053f37a8b3853cffc0f7c1', '703b8aab48927908364e72c26d56c4397f2a9539b7b040a1264c0a9867ee0447', '87d0d00dd48c48156bb1e929b5af3a91367e0b46fbcc3c105900bcf81267d738', '7f2bf92ee6d68e76bff3b4c34d28522c11430993f2a1bc07dbcfb29db4b6915a', '5f06ad68e7eb929271ea1fffcd03120f3bbca84722fd87d08fbab6c9a0b90fd6', '5731eee1ad6e7af0d77cdc090b9211b9ac14f51fd802e40ff5b6f2622d6ce40b', 'a9e009431f659ee5ac6120f45f3e8668da6cac95c4db83a74d241e2b126796e3', '04f1207d6af5db69b192aa28f5734b2503adc19399784ada71e45fafbd7c6626']",1549057188408
751,93c397a2e4531db12d9d95dfd580f9b7f47659c1186d75aa7e297bae6d70e453,"[-0.17260226607322693, -0.015721358358860016, -0.048570290207862854, -0.14735674858093262, 0.17228654026985168, 0.02295812778174877, -0.08491291850805283, 0.15443016588687897, -0.06364335119724274, -0.01995784230530262, -0.057429246604442596, -0.04051470011472702, -0.009644296951591969, -0.07014741003513336, 0.07321083545684814, 0.029510855674743652, -0.0343092679977417, 0.02848890796303749, -0.01234821043908596, 0.01003333181142807, -0.013022085651755333, -0.0017449632287025452, -0.006254416424781084, -0.02354876697063446, 0.027405599132180214, 0.029926206916570663, 0.001805467065423727, -0.01265492383390665, -0.02597792260348797, -0.01199221983551979, -0.01554002147167921, 0.023681258782744408, 0.0013423764612525702, -0.012633435428142548, 0.005002385936677456, 0.019707929342985153, -0.009341229684650898, -0.019145693629980087, -0.007002408616244793, 0.014718309976160526, 0.004893009085208178, -0.00936423521488905, -0.005830928683280945, -0.0012530786916613579, 0.004827391356229782, 0.008817825466394424, 0.0009599959012120962, -0.004043113440275192, -0.0027336138300597668, -0.004186826758086681]","['5c098d7841bababe5c2a5a1d65925a6ac7f7b355e9b3bfc4282c77d0953ef740', 'd74af0435e46a17eaec923e9f2d97887deface87c0692c0b479f11348817f47d', 'b9e78444cca2676f7c8fa3d96e07946f3e0083eecd4356da36666460a50c9abc', 'f3099880836d5832b1bedf0fea5534661f3ccb96423cde2ead5cd257776f3de8', 'b3d8223c3c6b1489ab2ef2bf1ccd937a29813fb9c7198a05faddb1e72c61b682', 'b3d8223c3c6b1489ab2ef2bf1ccd937a29813fb9c7198a05faddb1e72c61b682']","['b9e78444cca2676f7c8fa3d96e07946f3e0083eecd4356da36666460a50c9abc', '5f0ad431d7c50e4fe59861e4810c07c6bae80db37060863d24e8f8ab60d0af6f', 'aab60a087b9949090d6ffb0ea7b820f44ca2ac6ea87f35cb43b2f2912d231ac0', '87f84da0c27c4052166e521c7adc0e34fddce39e2ad7b9bf13b4ae7e040abbf1', '52294425542678c3859846877531c846af54cf46f51ba86ac75c482ad168be3d', 'bbf6078546e324f92ac92bb7606e4fbbc6a2349b558096f69dcc21a85e8e4da3', 'fd9eed5afeebd65efce2ae92f23b1dd8969b36823a24dc29e8312300fa102fbc', 'cc1dedbc30fb7712b8fee9e821af2855d94ba60f758a289c6154395ab7d5cb09', '619f168608aa334040e41d35eb8668d79ac0b1b4b195725a9815943ef8cccfb9', '545c91c635df25daac13efa4eeb2f781ca0b13c4db5454bde15208b3ecec96ba', '4ed32d7993879dd94130413cfaffe0e9d25a7321536687ae7ffed64ed1c76bd5', '5c098d7841bababe5c2a5a1d65925a6ac7f7b355e9b3bfc4282c77d0953ef740', 'd74af0435e46a17eaec923e9f2d97887deface87c0692c0b479f11348817f47d', 'f3099880836d5832b1bedf0fea5534661f3ccb96423cde2ead5cd257776f3de8', 'deacf531f36a25c6829f0f173e0d076b6ce65042b8107ce0e6fe4f316acaa6af', 'b3d8223c3c6b1489ab2ef2bf1ccd937a29813fb9c7198a05faddb1e72c61b682', '7394214f611769df4cbd92e021903cd6b15793780fa33d3510a72a23b47907c6', '8537363174e0fc1d2861bf1cffe724f6e15f378335053f37a8b3853cffc0f7c1', '703b8aab48927908364e72c26d56c4397f2a9539b7b040a1264c0a9867ee0447', '87d0d00dd48c48156bb1e929b5af3a91367e0b46fbcc3c105900bcf81267d738', '7f2bf92ee6d68e76bff3b4c34d28522c11430993f2a1bc07dbcfb29db4b6915a', '5f06ad68e7eb929271ea1fffcd03120f3bbca84722fd87d08fbab6c9a0b90fd6', '5731eee1ad6e7af0d77cdc090b9211b9ac14f51fd802e40ff5b6f2622d6ce40b', 'a9e009431f659ee5ac6120f45f3e8668da6cac95c4db83a74d241e2b126796e3', '04f1207d6af5db69b192aa28f5734b2503adc19399784ada71e45fafbd7c6626']",1549057188408
752,93c397a2e4531db12d9d95dfd580f9b7f47659c1186d75aa7e297bae6d70e453,"[-0.17260226607322693, -0.015721358358860016, -0.048570290207862854, -0.14735674858093262, 0.17228654026985168, 0.02295812778174877, -0.08491291850805283, 0.15443016588687897, -0.06364335119724274, -0.01995784230530262, -0.057429246604442596, -0.04051470011472702, -0.009644296951591969, -0.07014741003513336, 0.07321083545684814, 0.029510855674743652, -0.0343092679977417, 0.02848890796303749, -0.01234821043908596, 0.01003333181142807, -0.013022085651755333, -0.0017449632287025452, -0.006254416424781084, -0.02354876697063446, 0.027405599132180214, 0.029926206916570663, 0.001805467065423727, -0.01265492383390665, -0.02597792260348797, -0.01199221983551979, -0.01554002147167921, 0.023681258782744408, 0.0013423764612525702, -0.012633435428142548, 0.005002385936677456, 0.019707929342985153, -0.009341229684650898, -0.019145693629980087, -0.007002408616244793, 0.014718309976160526, 0.004893009085208178, -0.00936423521488905, -0.005830928683280945, -0.0012530786916613579, 0.004827391356229782, 0.008817825466394424, 0.0009599959012120962, -0.004043113440275192, -0.0027336138300597668, -0.004186826758086681]","['5c098d7841bababe5c2a5a1d65925a6ac7f7b355e9b3bfc4282c77d0953ef740', 'd74af0435e46a17eaec923e9f2d97887deface87c0692c0b479f11348817f47d', 'b9e78444cca2676f7c8fa3d96e07946f3e0083eecd4356da36666460a50c9abc', 'f3099880836d5832b1bedf0fea5534661f3ccb96423cde2ead5cd257776f3de8', 'b3d8223c3c6b1489ab2ef2bf1ccd937a29813fb9c7198a05faddb1e72c61b682', 'b3d8223c3c6b1489ab2ef2bf1ccd937a29813fb9c7198a05faddb1e72c61b682']","['b9e78444cca2676f7c8fa3d96e07946f3e0083eecd4356da36666460a50c9abc', '5f0ad431d7c50e4fe59861e4810c07c6bae80db37060863d24e8f8ab60d0af6f', 'aab60a087b9949090d6ffb0ea7b820f44ca2ac6ea87f35cb43b2f2912d231ac0', '87f84da0c27c4052166e521c7adc0e34fddce39e2ad7b9bf13b4ae7e040abbf1', '52294425542678c3859846877531c846af54cf46f51ba86ac75c482ad168be3d', 'bbf6078546e324f92ac92bb7606e4fbbc6a2349b558096f69dcc21a85e8e4da3', 'fd9eed5afeebd65efce2ae92f23b1dd8969b36823a24dc29e8312300fa102fbc', 'cc1dedbc30fb7712b8fee9e821af2855d94ba60f758a289c6154395ab7d5cb09', '619f168608aa334040e41d35eb8668d79ac0b1b4b195725a9815943ef8cccfb9', '545c91c635df25daac13efa4eeb2f781ca0b13c4db5454bde15208b3ecec96ba', '4ed32d7993879dd94130413cfaffe0e9d25a7321536687ae7ffed64ed1c76bd5', '5c098d7841bababe5c2a5a1d65925a6ac7f7b355e9b3bfc4282c77d0953ef740', 'd74af0435e46a17eaec923e9f2d97887deface87c0692c0b479f11348817f47d', 'f3099880836d5832b1bedf0fea5534661f3ccb96423cde2ead5cd257776f3de8', 'deacf531f36a25c6829f0f173e0d076b6ce65042b8107ce0e6fe4f316acaa6af', 'b3d8223c3c6b1489ab2ef2bf1ccd937a29813fb9c7198a05faddb1e72c61b682', '7394214f611769df4cbd92e021903cd6b15793780fa33d3510a72a23b47907c6', '8537363174e0fc1d2861bf1cffe724f6e15f378335053f37a8b3853cffc0f7c1', '703b8aab48927908364e72c26d56c4397f2a9539b7b040a1264c0a9867ee0447', '87d0d00dd48c48156bb1e929b5af3a91367e0b46fbcc3c105900bcf81267d738', '7f2bf92ee6d68e76bff3b4c34d28522c11430993f2a1bc07dbcfb29db4b6915a', '5f06ad68e7eb929271ea1fffcd03120f3bbca84722fd87d08fbab6c9a0b90fd6', '5731eee1ad6e7af0d77cdc090b9211b9ac14f51fd802e40ff5b6f2622d6ce40b', 'a9e009431f659ee5ac6120f45f3e8668da6cac95c4db83a74d241e2b126796e3', '04f1207d6af5db69b192aa28f5734b2503adc19399784ada71e45fafbd7c6626']",1549057188408
753,93c397a2e4531db12d9d95dfd580f9b7f47659c1186d75aa7e297bae6d70e453,"[-0.1460425853729248, 0.17577196657657623, -0.20049700140953064, -0.044282279908657074, 0.16008660197257996, -0.17070487141609192, -0.0353814959526062, 0.12045510113239288, -0.09488525986671448, -0.043971508741378784, -0.1296846866607666, -0.10207660496234894, -0.03358917310833931, -0.058622755110263824, 0.03141852468252182, 0.06963273137807846, -0.11210872232913971, 0.037049807608127594, 0.010677807964384556, -0.036200203001499176, -0.07433867454528809, -0.004778617527335882, 0.03143461048603058, -0.012966753914952278, 0.08761879056692123, 0.038828060030937195, 0.03931548073887825, -0.005111970007419586, 0.06998050212860107, -0.0617106668651104, -0.1309957504272461, -0.04074918106198311, -0.012509312480688095, -0.03760874271392822, 0.04883937910199165, 0.012207625433802605, -0.03124636970460415, -0.001495899399742484, 0.055150534957647324, -0.017582694068551064, -0.0315832793712616, 0.03400207310914993, -0.02241380140185356, -0.008036320097744465, -0.005228040739893913, 0.04571951925754547, 0.07631091773509979, -0.05612310767173767, -0.047724463045597076, 0.024089019745588303]","['d5b9893bd33974bb2da5630de5fc71a990066f77c6ad53cc0d7a2a10975df405', '4ed32d7993879dd94130413cfaffe0e9d25a7321536687ae7ffed64ed1c76bd5', 'b3d8223c3c6b1489ab2ef2bf1ccd937a29813fb9c7198a05faddb1e72c61b682', '7cea9026436955a0243c3c6bc8c71b9aeae80bf17a43d6a58d68a4caf158100c', '7f2bf92ee6d68e76bff3b4c34d28522c11430993f2a1bc07dbcfb29db4b6915a', 'b9e78444cca2676f7c8fa3d96e07946f3e0083eecd4356da36666460a50c9abc', 'b3d8223c3c6b1489ab2ef2bf1ccd937a29813fb9c7198a05faddb1e72c61b682', 'd74af0435e46a17eaec923e9f2d97887deface87c0692c0b479f11348817f47d', 'd5b9893bd33974bb2da5630de5fc71a990066f77c6ad53cc0d7a2a10975df405']","['619f168608aa334040e41d35eb8668d79ac0b1b4b195725a9815943ef8cccfb9', 'deacf531f36a25c6829f0f173e0d076b6ce65042b8107ce0e6fe4f316acaa6af', '2aafbda142c1bb42377c0a6719fbe8eba87ffc0217986f1dd1a4b585bc44f44e', 'b3d8223c3c6b1489ab2ef2bf1ccd937a29813fb9c7198a05faddb1e72c61b682', 'd5b9893bd33974bb2da5630de5fc71a990066f77c6ad53cc0d7a2a10975df405', '7cea9026436955a0243c3c6bc8c71b9aeae80bf17a43d6a58d68a4caf158100c', '7f2bf92ee6d68e76bff3b4c34d28522c11430993f2a1bc07dbcfb29db4b6915a', '5f06ad68e7eb929271ea1fffcd03120f3bbca84722fd87d08fbab6c9a0b90fd6', '52294425542678c3859846877531c846af54cf46f51ba86ac75c482ad168be3d', '04f1207d6af5db69b192aa28f5734b2503adc19399784ada71e45fafbd7c6626', '6a7925afa00cbece16e9b4661890f0b06b07bffc70329ce9a1c890489b416a99', '545c91c635df25daac13efa4eeb2f781ca0b13c4db5454bde15208b3ecec96ba', '4ed32d7993879dd94130413cfaffe0e9d25a7321536687ae7ffed64ed1c76bd5', '5c098d7841bababe5c2a5a1d65925a6ac7f7b355e9b3bfc4282c77d0953ef740', 'd74af0435e46a17eaec923e9f2d97887deface87c0692c0b479f11348817f47d', 'c3df7ee9d1e8b296a37a9dccd7345563e90fbe6f8b5c26cf275a7dda37d62fc1', '96678b0add9df8b9123483a39a4a470491158467dd03d54f7b37126a41e4751e', '205157b67d887431e19437ebfb13fc479e996cbe460699e2600a28451caf70b7', 'fd9eed5afeebd65efce2ae92f23b1dd8969b36823a24dc29e8312300fa102fbc', '7394214f611769df4cbd92e021903cd6b15793780fa33d3510a72a23b47907c6', '84cf09f22db0148e2ae42d5e99877a5e564edb3150c7957e2e7dc4d3c30aa678', 'f7a601ace9a488a1e46a92addf6b73aacee34a3edecd6084602a93b15140aa08', '513e39c839298edcaa7f2acd3b11044ec5cf91c890efe6ff554a3d7edaa4c7da', 'a4dd461f5ee60fdc8db85210365ea8117ee179d5c574031f37e09be32e625cdd', '540aabc1f233496b9a88387c6b75a819be00a8bf90ddc99b81f9c97074988ffb']",1549057315900
754,93c397a2e4531db12d9d95dfd580f9b7f47659c1186d75aa7e297bae6d70e453,"[-0.1460425853729248, 0.17577196657657623, -0.20049700140953064, -0.044282279908657074, 0.16008660197257996, -0.17070487141609192, -0.0353814959526062, 0.12045510113239288, -0.09488525986671448, -0.043971508741378784, -0.1296846866607666, -0.10207660496234894, -0.03358917310833931, -0.058622755110263824, 0.03141852468252182, 0.06963273137807846, -0.11210872232913971, 0.037049807608127594, 0.010677807964384556, -0.036200203001499176, -0.07433867454528809, -0.004778617527335882, 0.03143461048603058, -0.012966753914952278, 0.08761879056692123, 0.038828060030937195, 0.03931548073887825, -0.005111970007419586, 0.06998050212860107, -0.0617106668651104, -0.1309957504272461, -0.04074918106198311, -0.012509312480688095, -0.03760874271392822, 0.04883937910199165, 0.012207625433802605, -0.03124636970460415, -0.001495899399742484, 0.055150534957647324, -0.017582694068551064, -0.0315832793712616, 0.03400207310914993, -0.02241380140185356, -0.008036320097744465, -0.005228040739893913, 0.04571951925754547, 0.07631091773509979, -0.05612310767173767, -0.047724463045597076, 0.024089019745588303]","['d5b9893bd33974bb2da5630de5fc71a990066f77c6ad53cc0d7a2a10975df405', '4ed32d7993879dd94130413cfaffe0e9d25a7321536687ae7ffed64ed1c76bd5', 'b3d8223c3c6b1489ab2ef2bf1ccd937a29813fb9c7198a05faddb1e72c61b682', '7cea9026436955a0243c3c6bc8c71b9aeae80bf17a43d6a58d68a4caf158100c', '7f2bf92ee6d68e76bff3b4c34d28522c11430993f2a1bc07dbcfb29db4b6915a', 'b9e78444cca2676f7c8fa3d96e07946f3e0083eecd4356da36666460a50c9abc', 'b3d8223c3c6b1489ab2ef2bf1ccd937a29813fb9c7198a05faddb1e72c61b682', 'd74af0435e46a17eaec923e9f2d97887deface87c0692c0b479f11348817f47d', 'd5b9893bd33974bb2da5630de5fc71a990066f77c6ad53cc0d7a2a10975df405']","['619f168608aa334040e41d35eb8668d79ac0b1b4b195725a9815943ef8cccfb9', 'deacf531f36a25c6829f0f173e0d076b6ce65042b8107ce0e6fe4f316acaa6af', '2aafbda142c1bb42377c0a6719fbe8eba87ffc0217986f1dd1a4b585bc44f44e', 'b3d8223c3c6b1489ab2ef2bf1ccd937a29813fb9c7198a05faddb1e72c61b682', 'd5b9893bd33974bb2da5630de5fc71a990066f77c6ad53cc0d7a2a10975df405', '7cea9026436955a0243c3c6bc8c71b9aeae80bf17a43d6a58d68a4caf158100c', '7f2bf92ee6d68e76bff3b4c34d28522c11430993f2a1bc07dbcfb29db4b6915a', '5f06ad68e7eb929271ea1fffcd03120f3bbca84722fd87d08fbab6c9a0b90fd6', '52294425542678c3859846877531c846af54cf46f51ba86ac75c482ad168be3d', '04f1207d6af5db69b192aa28f5734b2503adc19399784ada71e45fafbd7c6626', '6a7925afa00cbece16e9b4661890f0b06b07bffc70329ce9a1c890489b416a99', '545c91c635df25daac13efa4eeb2f781ca0b13c4db5454bde15208b3ecec96ba', '4ed32d7993879dd94130413cfaffe0e9d25a7321536687ae7ffed64ed1c76bd5', '5c098d7841bababe5c2a5a1d65925a6ac7f7b355e9b3bfc4282c77d0953ef740', 'd74af0435e46a17eaec923e9f2d97887deface87c0692c0b479f11348817f47d', 'c3df7ee9d1e8b296a37a9dccd7345563e90fbe6f8b5c26cf275a7dda37d62fc1', '96678b0add9df8b9123483a39a4a470491158467dd03d54f7b37126a41e4751e', '205157b67d887431e19437ebfb13fc479e996cbe460699e2600a28451caf70b7', 'fd9eed5afeebd65efce2ae92f23b1dd8969b36823a24dc29e8312300fa102fbc', '7394214f611769df4cbd92e021903cd6b15793780fa33d3510a72a23b47907c6', '84cf09f22db0148e2ae42d5e99877a5e564edb3150c7957e2e7dc4d3c30aa678', 'f7a601ace9a488a1e46a92addf6b73aacee34a3edecd6084602a93b15140aa08', '513e39c839298edcaa7f2acd3b11044ec5cf91c890efe6ff554a3d7edaa4c7da', 'a4dd461f5ee60fdc8db85210365ea8117ee179d5c574031f37e09be32e625cdd', '540aabc1f233496b9a88387c6b75a819be00a8bf90ddc99b81f9c97074988ffb']",1549057315900
755,93c397a2e4531db12d9d95dfd580f9b7f47659c1186d75aa7e297bae6d70e453,"[-0.1460425853729248, 0.17577196657657623, -0.20049700140953064, -0.044282279908657074, 0.16008660197257996, -0.17070487141609192, -0.0353814959526062, 0.12045510113239288, -0.09488525986671448, -0.043971508741378784, -0.1296846866607666, -0.10207660496234894, -0.03358917310833931, -0.058622755110263824, 0.03141852468252182, 0.06963273137807846, -0.11210872232913971, 0.037049807608127594, 0.010677807964384556, -0.036200203001499176, -0.07433867454528809, -0.004778617527335882, 0.03143461048603058, -0.012966753914952278, 0.08761879056692123, 0.038828060030937195, 0.03931548073887825, -0.005111970007419586, 0.06998050212860107, -0.0617106668651104, -0.1309957504272461, -0.04074918106198311, -0.012509312480688095, -0.03760874271392822, 0.04883937910199165, 0.012207625433802605, -0.03124636970460415, -0.001495899399742484, 0.055150534957647324, -0.017582694068551064, -0.0315832793712616, 0.03400207310914993, -0.02241380140185356, -0.008036320097744465, -0.005228040739893913, 0.04571951925754547, 0.07631091773509979, -0.05612310767173767, -0.047724463045597076, 0.024089019745588303]","['d5b9893bd33974bb2da5630de5fc71a990066f77c6ad53cc0d7a2a10975df405', '4ed32d7993879dd94130413cfaffe0e9d25a7321536687ae7ffed64ed1c76bd5', 'b3d8223c3c6b1489ab2ef2bf1ccd937a29813fb9c7198a05faddb1e72c61b682', '7cea9026436955a0243c3c6bc8c71b9aeae80bf17a43d6a58d68a4caf158100c', '7f2bf92ee6d68e76bff3b4c34d28522c11430993f2a1bc07dbcfb29db4b6915a', 'b9e78444cca2676f7c8fa3d96e07946f3e0083eecd4356da36666460a50c9abc', 'b3d8223c3c6b1489ab2ef2bf1ccd937a29813fb9c7198a05faddb1e72c61b682', 'd74af0435e46a17eaec923e9f2d97887deface87c0692c0b479f11348817f47d', 'd5b9893bd33974bb2da5630de5fc71a990066f77c6ad53cc0d7a2a10975df405']","['619f168608aa334040e41d35eb8668d79ac0b1b4b195725a9815943ef8cccfb9', 'deacf531f36a25c6829f0f173e0d076b6ce65042b8107ce0e6fe4f316acaa6af', '2aafbda142c1bb42377c0a6719fbe8eba87ffc0217986f1dd1a4b585bc44f44e', 'b3d8223c3c6b1489ab2ef2bf1ccd937a29813fb9c7198a05faddb1e72c61b682', 'd5b9893bd33974bb2da5630de5fc71a990066f77c6ad53cc0d7a2a10975df405', '7cea9026436955a0243c3c6bc8c71b9aeae80bf17a43d6a58d68a4caf158100c', '7f2bf92ee6d68e76bff3b4c34d28522c11430993f2a1bc07dbcfb29db4b6915a', '5f06ad68e7eb929271ea1fffcd03120f3bbca84722fd87d08fbab6c9a0b90fd6', '52294425542678c3859846877531c846af54cf46f51ba86ac75c482ad168be3d', '04f1207d6af5db69b192aa28f5734b2503adc19399784ada71e45fafbd7c6626', '6a7925afa00cbece16e9b4661890f0b06b07bffc70329ce9a1c890489b416a99', '545c91c635df25daac13efa4eeb2f781ca0b13c4db5454bde15208b3ecec96ba', '4ed32d7993879dd94130413cfaffe0e9d25a7321536687ae7ffed64ed1c76bd5', '5c098d7841bababe5c2a5a1d65925a6ac7f7b355e9b3bfc4282c77d0953ef740', 'd74af0435e46a17eaec923e9f2d97887deface87c0692c0b479f11348817f47d', 'c3df7ee9d1e8b296a37a9dccd7345563e90fbe6f8b5c26cf275a7dda37d62fc1', '96678b0add9df8b9123483a39a4a470491158467dd03d54f7b37126a41e4751e', '205157b67d887431e19437ebfb13fc479e996cbe460699e2600a28451caf70b7', 'fd9eed5afeebd65efce2ae92f23b1dd8969b36823a24dc29e8312300fa102fbc', '7394214f611769df4cbd92e021903cd6b15793780fa33d3510a72a23b47907c6', '84cf09f22db0148e2ae42d5e99877a5e564edb3150c7957e2e7dc4d3c30aa678', 'f7a601ace9a488a1e46a92addf6b73aacee34a3edecd6084602a93b15140aa08', '513e39c839298edcaa7f2acd3b11044ec5cf91c890efe6ff554a3d7edaa4c7da', 'a4dd461f5ee60fdc8db85210365ea8117ee179d5c574031f37e09be32e625cdd', '540aabc1f233496b9a88387c6b75a819be00a8bf90ddc99b81f9c97074988ffb']",1549057315900
756,93c397a2e4531db12d9d95dfd580f9b7f47659c1186d75aa7e297bae6d70e453,"[-0.1460425853729248, 0.17577196657657623, -0.20049700140953064, -0.044282279908657074, 0.16008660197257996, -0.17070487141609192, -0.0353814959526062, 0.12045510113239288, -0.09488525986671448, -0.043971508741378784, -0.1296846866607666, -0.10207660496234894, -0.03358917310833931, -0.058622755110263824, 0.03141852468252182, 0.06963273137807846, -0.11210872232913971, 0.037049807608127594, 0.010677807964384556, -0.036200203001499176, -0.07433867454528809, -0.004778617527335882, 0.03143461048603058, -0.012966753914952278, 0.08761879056692123, 0.038828060030937195, 0.03931548073887825, -0.005111970007419586, 0.06998050212860107, -0.0617106668651104, -0.1309957504272461, -0.04074918106198311, -0.012509312480688095, -0.03760874271392822, 0.04883937910199165, 0.012207625433802605, -0.03124636970460415, -0.001495899399742484, 0.055150534957647324, -0.017582694068551064, -0.0315832793712616, 0.03400207310914993, -0.02241380140185356, -0.008036320097744465, -0.005228040739893913, 0.04571951925754547, 0.07631091773509979, -0.05612310767173767, -0.047724463045597076, 0.024089019745588303]","['d5b9893bd33974bb2da5630de5fc71a990066f77c6ad53cc0d7a2a10975df405', '4ed32d7993879dd94130413cfaffe0e9d25a7321536687ae7ffed64ed1c76bd5', 'b3d8223c3c6b1489ab2ef2bf1ccd937a29813fb9c7198a05faddb1e72c61b682', '7cea9026436955a0243c3c6bc8c71b9aeae80bf17a43d6a58d68a4caf158100c', '7f2bf92ee6d68e76bff3b4c34d28522c11430993f2a1bc07dbcfb29db4b6915a', 'b9e78444cca2676f7c8fa3d96e07946f3e0083eecd4356da36666460a50c9abc', 'b3d8223c3c6b1489ab2ef2bf1ccd937a29813fb9c7198a05faddb1e72c61b682', 'd74af0435e46a17eaec923e9f2d97887deface87c0692c0b479f11348817f47d', 'd5b9893bd33974bb2da5630de5fc71a990066f77c6ad53cc0d7a2a10975df405']","['619f168608aa334040e41d35eb8668d79ac0b1b4b195725a9815943ef8cccfb9', 'deacf531f36a25c6829f0f173e0d076b6ce65042b8107ce0e6fe4f316acaa6af', '2aafbda142c1bb42377c0a6719fbe8eba87ffc0217986f1dd1a4b585bc44f44e', 'b3d8223c3c6b1489ab2ef2bf1ccd937a29813fb9c7198a05faddb1e72c61b682', 'd5b9893bd33974bb2da5630de5fc71a990066f77c6ad53cc0d7a2a10975df405', '7cea9026436955a0243c3c6bc8c71b9aeae80bf17a43d6a58d68a4caf158100c', '7f2bf92ee6d68e76bff3b4c34d28522c11430993f2a1bc07dbcfb29db4b6915a', '5f06ad68e7eb929271ea1fffcd03120f3bbca84722fd87d08fbab6c9a0b90fd6', '52294425542678c3859846877531c846af54cf46f51ba86ac75c482ad168be3d', '04f1207d6af5db69b192aa28f5734b2503adc19399784ada71e45fafbd7c6626', '6a7925afa00cbece16e9b4661890f0b06b07bffc70329ce9a1c890489b416a99', '545c91c635df25daac13efa4eeb2f781ca0b13c4db5454bde15208b3ecec96ba', '4ed32d7993879dd94130413cfaffe0e9d25a7321536687ae7ffed64ed1c76bd5', '5c098d7841bababe5c2a5a1d65925a6ac7f7b355e9b3bfc4282c77d0953ef740', 'd74af0435e46a17eaec923e9f2d97887deface87c0692c0b479f11348817f47d', 'c3df7ee9d1e8b296a37a9dccd7345563e90fbe6f8b5c26cf275a7dda37d62fc1', '96678b0add9df8b9123483a39a4a470491158467dd03d54f7b37126a41e4751e', '205157b67d887431e19437ebfb13fc479e996cbe460699e2600a28451caf70b7', 'fd9eed5afeebd65efce2ae92f23b1dd8969b36823a24dc29e8312300fa102fbc', '7394214f611769df4cbd92e021903cd6b15793780fa33d3510a72a23b47907c6', '84cf09f22db0148e2ae42d5e99877a5e564edb3150c7957e2e7dc4d3c30aa678', 'f7a601ace9a488a1e46a92addf6b73aacee34a3edecd6084602a93b15140aa08', '513e39c839298edcaa7f2acd3b11044ec5cf91c890efe6ff554a3d7edaa4c7da', 'a4dd461f5ee60fdc8db85210365ea8117ee179d5c574031f37e09be32e625cdd', '540aabc1f233496b9a88387c6b75a819be00a8bf90ddc99b81f9c97074988ffb']",1549057315900
757,93c397a2e4531db12d9d95dfd580f9b7f47659c1186d75aa7e297bae6d70e453,"[-0.1460425853729248, 0.17577196657657623, -0.20049700140953064, -0.044282279908657074, 0.16008660197257996, -0.17070487141609192, -0.0353814959526062, 0.12045510113239288, -0.09488525986671448, -0.043971508741378784, -0.1296846866607666, -0.10207660496234894, -0.03358917310833931, -0.058622755110263824, 0.03141852468252182, 0.06963273137807846, -0.11210872232913971, 0.037049807608127594, 0.010677807964384556, -0.036200203001499176, -0.07433867454528809, -0.004778617527335882, 0.03143461048603058, -0.012966753914952278, 0.08761879056692123, 0.038828060030937195, 0.03931548073887825, -0.005111970007419586, 0.06998050212860107, -0.0617106668651104, -0.1309957504272461, -0.04074918106198311, -0.012509312480688095, -0.03760874271392822, 0.04883937910199165, 0.012207625433802605, -0.03124636970460415, -0.001495899399742484, 0.055150534957647324, -0.017582694068551064, -0.0315832793712616, 0.03400207310914993, -0.02241380140185356, -0.008036320097744465, -0.005228040739893913, 0.04571951925754547, 0.07631091773509979, -0.05612310767173767, -0.047724463045597076, 0.024089019745588303]","['d5b9893bd33974bb2da5630de5fc71a990066f77c6ad53cc0d7a2a10975df405', '4ed32d7993879dd94130413cfaffe0e9d25a7321536687ae7ffed64ed1c76bd5', 'b3d8223c3c6b1489ab2ef2bf1ccd937a29813fb9c7198a05faddb1e72c61b682', '7cea9026436955a0243c3c6bc8c71b9aeae80bf17a43d6a58d68a4caf158100c', '7f2bf92ee6d68e76bff3b4c34d28522c11430993f2a1bc07dbcfb29db4b6915a', 'b9e78444cca2676f7c8fa3d96e07946f3e0083eecd4356da36666460a50c9abc', 'b3d8223c3c6b1489ab2ef2bf1ccd937a29813fb9c7198a05faddb1e72c61b682', 'd74af0435e46a17eaec923e9f2d97887deface87c0692c0b479f11348817f47d', 'd5b9893bd33974bb2da5630de5fc71a990066f77c6ad53cc0d7a2a10975df405']","['619f168608aa334040e41d35eb8668d79ac0b1b4b195725a9815943ef8cccfb9', 'deacf531f36a25c6829f0f173e0d076b6ce65042b8107ce0e6fe4f316acaa6af', '2aafbda142c1bb42377c0a6719fbe8eba87ffc0217986f1dd1a4b585bc44f44e', 'b3d8223c3c6b1489ab2ef2bf1ccd937a29813fb9c7198a05faddb1e72c61b682', 'd5b9893bd33974bb2da5630de5fc71a990066f77c6ad53cc0d7a2a10975df405', '7cea9026436955a0243c3c6bc8c71b9aeae80bf17a43d6a58d68a4caf158100c', '7f2bf92ee6d68e76bff3b4c34d28522c11430993f2a1bc07dbcfb29db4b6915a', '5f06ad68e7eb929271ea1fffcd03120f3bbca84722fd87d08fbab6c9a0b90fd6', '52294425542678c3859846877531c846af54cf46f51ba86ac75c482ad168be3d', '04f1207d6af5db69b192aa28f5734b2503adc19399784ada71e45fafbd7c6626', '6a7925afa00cbece16e9b4661890f0b06b07bffc70329ce9a1c890489b416a99', '545c91c635df25daac13efa4eeb2f781ca0b13c4db5454bde15208b3ecec96ba', '4ed32d7993879dd94130413cfaffe0e9d25a7321536687ae7ffed64ed1c76bd5', '5c098d7841bababe5c2a5a1d65925a6ac7f7b355e9b3bfc4282c77d0953ef740', 'd74af0435e46a17eaec923e9f2d97887deface87c0692c0b479f11348817f47d', 'c3df7ee9d1e8b296a37a9dccd7345563e90fbe6f8b5c26cf275a7dda37d62fc1', '96678b0add9df8b9123483a39a4a470491158467dd03d54f7b37126a41e4751e', '205157b67d887431e19437ebfb13fc479e996cbe460699e2600a28451caf70b7', 'fd9eed5afeebd65efce2ae92f23b1dd8969b36823a24dc29e8312300fa102fbc', '7394214f611769df4cbd92e021903cd6b15793780fa33d3510a72a23b47907c6', '84cf09f22db0148e2ae42d5e99877a5e564edb3150c7957e2e7dc4d3c30aa678', 'f7a601ace9a488a1e46a92addf6b73aacee34a3edecd6084602a93b15140aa08', '513e39c839298edcaa7f2acd3b11044ec5cf91c890efe6ff554a3d7edaa4c7da', 'a4dd461f5ee60fdc8db85210365ea8117ee179d5c574031f37e09be32e625cdd', '540aabc1f233496b9a88387c6b75a819be00a8bf90ddc99b81f9c97074988ffb']",1549057315900
758,93c397a2e4531db12d9d95dfd580f9b7f47659c1186d75aa7e297bae6d70e453,"[-0.1460425853729248, 0.17577196657657623, -0.20049700140953064, -0.044282279908657074, 0.16008660197257996, -0.17070487141609192, -0.0353814959526062, 0.12045510113239288, -0.09488525986671448, -0.043971508741378784, -0.1296846866607666, -0.10207660496234894, -0.03358917310833931, -0.058622755110263824, 0.03141852468252182, 0.06963273137807846, -0.11210872232913971, 0.037049807608127594, 0.010677807964384556, -0.036200203001499176, -0.07433867454528809, -0.004778617527335882, 0.03143461048603058, -0.012966753914952278, 0.08761879056692123, 0.038828060030937195, 0.03931548073887825, -0.005111970007419586, 0.06998050212860107, -0.0617106668651104, -0.1309957504272461, -0.04074918106198311, -0.012509312480688095, -0.03760874271392822, 0.04883937910199165, 0.012207625433802605, -0.03124636970460415, -0.001495899399742484, 0.055150534957647324, -0.017582694068551064, -0.0315832793712616, 0.03400207310914993, -0.02241380140185356, -0.008036320097744465, -0.005228040739893913, 0.04571951925754547, 0.07631091773509979, -0.05612310767173767, -0.047724463045597076, 0.024089019745588303]","['d5b9893bd33974bb2da5630de5fc71a990066f77c6ad53cc0d7a2a10975df405', '4ed32d7993879dd94130413cfaffe0e9d25a7321536687ae7ffed64ed1c76bd5', 'b3d8223c3c6b1489ab2ef2bf1ccd937a29813fb9c7198a05faddb1e72c61b682', '7cea9026436955a0243c3c6bc8c71b9aeae80bf17a43d6a58d68a4caf158100c', '7f2bf92ee6d68e76bff3b4c34d28522c11430993f2a1bc07dbcfb29db4b6915a', 'b9e78444cca2676f7c8fa3d96e07946f3e0083eecd4356da36666460a50c9abc', 'b3d8223c3c6b1489ab2ef2bf1ccd937a29813fb9c7198a05faddb1e72c61b682', 'd74af0435e46a17eaec923e9f2d97887deface87c0692c0b479f11348817f47d', 'd5b9893bd33974bb2da5630de5fc71a990066f77c6ad53cc0d7a2a10975df405']","['619f168608aa334040e41d35eb8668d79ac0b1b4b195725a9815943ef8cccfb9', 'deacf531f36a25c6829f0f173e0d076b6ce65042b8107ce0e6fe4f316acaa6af', '2aafbda142c1bb42377c0a6719fbe8eba87ffc0217986f1dd1a4b585bc44f44e', 'b3d8223c3c6b1489ab2ef2bf1ccd937a29813fb9c7198a05faddb1e72c61b682', 'd5b9893bd33974bb2da5630de5fc71a990066f77c6ad53cc0d7a2a10975df405', '7cea9026436955a0243c3c6bc8c71b9aeae80bf17a43d6a58d68a4caf158100c', '7f2bf92ee6d68e76bff3b4c34d28522c11430993f2a1bc07dbcfb29db4b6915a', '5f06ad68e7eb929271ea1fffcd03120f3bbca84722fd87d08fbab6c9a0b90fd6', '52294425542678c3859846877531c846af54cf46f51ba86ac75c482ad168be3d', '04f1207d6af5db69b192aa28f5734b2503adc19399784ada71e45fafbd7c6626', '6a7925afa00cbece16e9b4661890f0b06b07bffc70329ce9a1c890489b416a99', '545c91c635df25daac13efa4eeb2f781ca0b13c4db5454bde15208b3ecec96ba', '4ed32d7993879dd94130413cfaffe0e9d25a7321536687ae7ffed64ed1c76bd5', '5c098d7841bababe5c2a5a1d65925a6ac7f7b355e9b3bfc4282c77d0953ef740', 'd74af0435e46a17eaec923e9f2d97887deface87c0692c0b479f11348817f47d', 'c3df7ee9d1e8b296a37a9dccd7345563e90fbe6f8b5c26cf275a7dda37d62fc1', '96678b0add9df8b9123483a39a4a470491158467dd03d54f7b37126a41e4751e', '205157b67d887431e19437ebfb13fc479e996cbe460699e2600a28451caf70b7', 'fd9eed5afeebd65efce2ae92f23b1dd8969b36823a24dc29e8312300fa102fbc', '7394214f611769df4cbd92e021903cd6b15793780fa33d3510a72a23b47907c6', '84cf09f22db0148e2ae42d5e99877a5e564edb3150c7957e2e7dc4d3c30aa678', 'f7a601ace9a488a1e46a92addf6b73aacee34a3edecd6084602a93b15140aa08', '513e39c839298edcaa7f2acd3b11044ec5cf91c890efe6ff554a3d7edaa4c7da', 'a4dd461f5ee60fdc8db85210365ea8117ee179d5c574031f37e09be32e625cdd', '540aabc1f233496b9a88387c6b75a819be00a8bf90ddc99b81f9c97074988ffb']",1549057315900
759,93c397a2e4531db12d9d95dfd580f9b7f47659c1186d75aa7e297bae6d70e453,"[-0.1375197172164917, 0.17031830549240112, -0.19705359637737274, -0.03335541486740112, 0.15728479623794556, -0.16818180680274963, -0.03390154987573624, 0.09242486208677292, -0.09252485632896423, -0.04442106932401657, -0.11417116224765778, -0.10278744995594025, -0.023242192342877388, -0.05661831423640251, 0.03093111142516136, 0.06291299313306808, -0.10778455436229706, 0.03753530979156494, 0.009344189427793026, -0.033451225608587265, -0.07072845101356506, -0.00703784404322505, 0.026972193270921707, -0.01367533951997757, 0.08342382311820984, 0.03214864432811737, 0.032679423689842224, 0.0009068315848708153, 0.07091144472360611, -0.05915350466966629, -0.12607985734939575, -0.045493341982364655, -0.01623489335179329, -0.03205426409840584, 0.04740370064973831, 0.011167263612151146, -0.03242321312427521, -9.715533815324306e-05, 0.060384392738342285, -0.021765775978565216, -0.03373701497912407, 0.03203641623258591, -0.021619034931063652, -0.0021650372073054314, -0.0060680825263261795, 0.04441164433956146, 0.07839348167181015, -0.0545942448079586, -0.04678884148597717, 0.027800213545560837]","['deacf531f36a25c6829f0f173e0d076b6ce65042b8107ce0e6fe4f316acaa6af', '2aafbda142c1bb42377c0a6719fbe8eba87ffc0217986f1dd1a4b585bc44f44e', 'b3d8223c3c6b1489ab2ef2bf1ccd937a29813fb9c7198a05faddb1e72c61b682', '5c098d7841bababe5c2a5a1d65925a6ac7f7b355e9b3bfc4282c77d0953ef740']","['619f168608aa334040e41d35eb8668d79ac0b1b4b195725a9815943ef8cccfb9', 'deacf531f36a25c6829f0f173e0d076b6ce65042b8107ce0e6fe4f316acaa6af', '2aafbda142c1bb42377c0a6719fbe8eba87ffc0217986f1dd1a4b585bc44f44e', 'b3d8223c3c6b1489ab2ef2bf1ccd937a29813fb9c7198a05faddb1e72c61b682', 'd5b9893bd33974bb2da5630de5fc71a990066f77c6ad53cc0d7a2a10975df405', '7cea9026436955a0243c3c6bc8c71b9aeae80bf17a43d6a58d68a4caf158100c', '7f2bf92ee6d68e76bff3b4c34d28522c11430993f2a1bc07dbcfb29db4b6915a', '5f06ad68e7eb929271ea1fffcd03120f3bbca84722fd87d08fbab6c9a0b90fd6', '52294425542678c3859846877531c846af54cf46f51ba86ac75c482ad168be3d', '04f1207d6af5db69b192aa28f5734b2503adc19399784ada71e45fafbd7c6626', '6a7925afa00cbece16e9b4661890f0b06b07bffc70329ce9a1c890489b416a99', '545c91c635df25daac13efa4eeb2f781ca0b13c4db5454bde15208b3ecec96ba', '4ed32d7993879dd94130413cfaffe0e9d25a7321536687ae7ffed64ed1c76bd5', '5c098d7841bababe5c2a5a1d65925a6ac7f7b355e9b3bfc4282c77d0953ef740', 'd74af0435e46a17eaec923e9f2d97887deface87c0692c0b479f11348817f47d', 'c3df7ee9d1e8b296a37a9dccd7345563e90fbe6f8b5c26cf275a7dda37d62fc1', '96678b0add9df8b9123483a39a4a470491158467dd03d54f7b37126a41e4751e', '205157b67d887431e19437ebfb13fc479e996cbe460699e2600a28451caf70b7', 'fd9eed5afeebd65efce2ae92f23b1dd8969b36823a24dc29e8312300fa102fbc', '7394214f611769df4cbd92e021903cd6b15793780fa33d3510a72a23b47907c6', '84cf09f22db0148e2ae42d5e99877a5e564edb3150c7957e2e7dc4d3c30aa678', 'f7a601ace9a488a1e46a92addf6b73aacee34a3edecd6084602a93b15140aa08', '513e39c839298edcaa7f2acd3b11044ec5cf91c890efe6ff554a3d7edaa4c7da', 'a4dd461f5ee60fdc8db85210365ea8117ee179d5c574031f37e09be32e625cdd', '540aabc1f233496b9a88387c6b75a819be00a8bf90ddc99b81f9c97074988ffb']",1549058813684
760,93c397a2e4531db12d9d95dfd580f9b7f47659c1186d75aa7e297bae6d70e453,"[-0.1375197172164917, 0.17031830549240112, -0.19705359637737274, -0.03335541486740112, 0.15728479623794556, -0.16818180680274963, -0.03390154987573624, 0.09242486208677292, -0.09252485632896423, -0.04442106932401657, -0.11417116224765778, -0.10278744995594025, -0.023242192342877388, -0.05661831423640251, 0.03093111142516136, 0.06291299313306808, -0.10778455436229706, 0.03753530979156494, 0.009344189427793026, -0.033451225608587265, -0.07072845101356506, -0.00703784404322505, 0.026972193270921707, -0.01367533951997757, 0.08342382311820984, 0.03214864432811737, 0.032679423689842224, 0.0009068315848708153, 0.07091144472360611, -0.05915350466966629, -0.12607985734939575, -0.045493341982364655, -0.01623489335179329, -0.03205426409840584, 0.04740370064973831, 0.011167263612151146, -0.03242321312427521, -9.715533815324306e-05, 0.060384392738342285, -0.021765775978565216, -0.03373701497912407, 0.03203641623258591, -0.021619034931063652, -0.0021650372073054314, -0.0060680825263261795, 0.04441164433956146, 0.07839348167181015, -0.0545942448079586, -0.04678884148597717, 0.027800213545560837]","['deacf531f36a25c6829f0f173e0d076b6ce65042b8107ce0e6fe4f316acaa6af', '2aafbda142c1bb42377c0a6719fbe8eba87ffc0217986f1dd1a4b585bc44f44e', 'b3d8223c3c6b1489ab2ef2bf1ccd937a29813fb9c7198a05faddb1e72c61b682', '5c098d7841bababe5c2a5a1d65925a6ac7f7b355e9b3bfc4282c77d0953ef740']","['619f168608aa334040e41d35eb8668d79ac0b1b4b195725a9815943ef8cccfb9', 'deacf531f36a25c6829f0f173e0d076b6ce65042b8107ce0e6fe4f316acaa6af', '2aafbda142c1bb42377c0a6719fbe8eba87ffc0217986f1dd1a4b585bc44f44e', 'b3d8223c3c6b1489ab2ef2bf1ccd937a29813fb9c7198a05faddb1e72c61b682', 'd5b9893bd33974bb2da5630de5fc71a990066f77c6ad53cc0d7a2a10975df405', '7cea9026436955a0243c3c6bc8c71b9aeae80bf17a43d6a58d68a4caf158100c', '7f2bf92ee6d68e76bff3b4c34d28522c11430993f2a1bc07dbcfb29db4b6915a', '5f06ad68e7eb929271ea1fffcd03120f3bbca84722fd87d08fbab6c9a0b90fd6', '52294425542678c3859846877531c846af54cf46f51ba86ac75c482ad168be3d', '04f1207d6af5db69b192aa28f5734b2503adc19399784ada71e45fafbd7c6626', '6a7925afa00cbece16e9b4661890f0b06b07bffc70329ce9a1c890489b416a99', '545c91c635df25daac13efa4eeb2f781ca0b13c4db5454bde15208b3ecec96ba', '4ed32d7993879dd94130413cfaffe0e9d25a7321536687ae7ffed64ed1c76bd5', '5c098d7841bababe5c2a5a1d65925a6ac7f7b355e9b3bfc4282c77d0953ef740', 'd74af0435e46a17eaec923e9f2d97887deface87c0692c0b479f11348817f47d', 'c3df7ee9d1e8b296a37a9dccd7345563e90fbe6f8b5c26cf275a7dda37d62fc1', '96678b0add9df8b9123483a39a4a470491158467dd03d54f7b37126a41e4751e', '205157b67d887431e19437ebfb13fc479e996cbe460699e2600a28451caf70b7', 'fd9eed5afeebd65efce2ae92f23b1dd8969b36823a24dc29e8312300fa102fbc', '7394214f611769df4cbd92e021903cd6b15793780fa33d3510a72a23b47907c6', '84cf09f22db0148e2ae42d5e99877a5e564edb3150c7957e2e7dc4d3c30aa678', 'f7a601ace9a488a1e46a92addf6b73aacee34a3edecd6084602a93b15140aa08', '513e39c839298edcaa7f2acd3b11044ec5cf91c890efe6ff554a3d7edaa4c7da', 'a4dd461f5ee60fdc8db85210365ea8117ee179d5c574031f37e09be32e625cdd', '540aabc1f233496b9a88387c6b75a819be00a8bf90ddc99b81f9c97074988ffb']",1549058813684
761,93c397a2e4531db12d9d95dfd580f9b7f47659c1186d75aa7e297bae6d70e453,"[-0.1375197172164917, 0.17031830549240112, -0.19705359637737274, -0.03335541486740112, 0.15728479623794556, -0.16818180680274963, -0.03390154987573624, 0.09242486208677292, -0.09252485632896423, -0.04442106932401657, -0.11417116224765778, -0.10278744995594025, -0.023242192342877388, -0.05661831423640251, 0.03093111142516136, 0.06291299313306808, -0.10778455436229706, 0.03753530979156494, 0.009344189427793026, -0.033451225608587265, -0.07072845101356506, -0.00703784404322505, 0.026972193270921707, -0.01367533951997757, 0.08342382311820984, 0.03214864432811737, 0.032679423689842224, 0.0009068315848708153, 0.07091144472360611, -0.05915350466966629, -0.12607985734939575, -0.045493341982364655, -0.01623489335179329, -0.03205426409840584, 0.04740370064973831, 0.011167263612151146, -0.03242321312427521, -9.715533815324306e-05, 0.060384392738342285, -0.021765775978565216, -0.03373701497912407, 0.03203641623258591, -0.021619034931063652, -0.0021650372073054314, -0.0060680825263261795, 0.04441164433956146, 0.07839348167181015, -0.0545942448079586, -0.04678884148597717, 0.027800213545560837]","['deacf531f36a25c6829f0f173e0d076b6ce65042b8107ce0e6fe4f316acaa6af', '2aafbda142c1bb42377c0a6719fbe8eba87ffc0217986f1dd1a4b585bc44f44e', 'b3d8223c3c6b1489ab2ef2bf1ccd937a29813fb9c7198a05faddb1e72c61b682', '5c098d7841bababe5c2a5a1d65925a6ac7f7b355e9b3bfc4282c77d0953ef740']","['619f168608aa334040e41d35eb8668d79ac0b1b4b195725a9815943ef8cccfb9', 'deacf531f36a25c6829f0f173e0d076b6ce65042b8107ce0e6fe4f316acaa6af', '2aafbda142c1bb42377c0a6719fbe8eba87ffc0217986f1dd1a4b585bc44f44e', 'b3d8223c3c6b1489ab2ef2bf1ccd937a29813fb9c7198a05faddb1e72c61b682', 'd5b9893bd33974bb2da5630de5fc71a990066f77c6ad53cc0d7a2a10975df405', '7cea9026436955a0243c3c6bc8c71b9aeae80bf17a43d6a58d68a4caf158100c', '7f2bf92ee6d68e76bff3b4c34d28522c11430993f2a1bc07dbcfb29db4b6915a', '5f06ad68e7eb929271ea1fffcd03120f3bbca84722fd87d08fbab6c9a0b90fd6', '52294425542678c3859846877531c846af54cf46f51ba86ac75c482ad168be3d', '04f1207d6af5db69b192aa28f5734b2503adc19399784ada71e45fafbd7c6626', '6a7925afa00cbece16e9b4661890f0b06b07bffc70329ce9a1c890489b416a99', '545c91c635df25daac13efa4eeb2f781ca0b13c4db5454bde15208b3ecec96ba', '4ed32d7993879dd94130413cfaffe0e9d25a7321536687ae7ffed64ed1c76bd5', '5c098d7841bababe5c2a5a1d65925a6ac7f7b355e9b3bfc4282c77d0953ef740', 'd74af0435e46a17eaec923e9f2d97887deface87c0692c0b479f11348817f47d', 'c3df7ee9d1e8b296a37a9dccd7345563e90fbe6f8b5c26cf275a7dda37d62fc1', '96678b0add9df8b9123483a39a4a470491158467dd03d54f7b37126a41e4751e', '205157b67d887431e19437ebfb13fc479e996cbe460699e2600a28451caf70b7', 'fd9eed5afeebd65efce2ae92f23b1dd8969b36823a24dc29e8312300fa102fbc', '7394214f611769df4cbd92e021903cd6b15793780fa33d3510a72a23b47907c6', '84cf09f22db0148e2ae42d5e99877a5e564edb3150c7957e2e7dc4d3c30aa678', 'f7a601ace9a488a1e46a92addf6b73aacee34a3edecd6084602a93b15140aa08', '513e39c839298edcaa7f2acd3b11044ec5cf91c890efe6ff554a3d7edaa4c7da', 'a4dd461f5ee60fdc8db85210365ea8117ee179d5c574031f37e09be32e625cdd', '540aabc1f233496b9a88387c6b75a819be00a8bf90ddc99b81f9c97074988ffb']",1549058813684
762,93c397a2e4531db12d9d95dfd580f9b7f47659c1186d75aa7e297bae6d70e453,"[-0.1375197172164917, 0.17031830549240112, -0.19705359637737274, -0.03335541486740112, 0.15728479623794556, -0.16818180680274963, -0.03390154987573624, 0.09242486208677292, -0.09252485632896423, -0.04442106932401657, -0.11417116224765778, -0.10278744995594025, -0.023242192342877388, -0.05661831423640251, 0.03093111142516136, 0.06291299313306808, -0.10778455436229706, 0.03753530979156494, 0.009344189427793026, -0.033451225608587265, -0.07072845101356506, -0.00703784404322505, 0.026972193270921707, -0.01367533951997757, 0.08342382311820984, 0.03214864432811737, 0.032679423689842224, 0.0009068315848708153, 0.07091144472360611, -0.05915350466966629, -0.12607985734939575, -0.045493341982364655, -0.01623489335179329, -0.03205426409840584, 0.04740370064973831, 0.011167263612151146, -0.03242321312427521, -9.715533815324306e-05, 0.060384392738342285, -0.021765775978565216, -0.03373701497912407, 0.03203641623258591, -0.021619034931063652, -0.0021650372073054314, -0.0060680825263261795, 0.04441164433956146, 0.07839348167181015, -0.0545942448079586, -0.04678884148597717, 0.027800213545560837]","['deacf531f36a25c6829f0f173e0d076b6ce65042b8107ce0e6fe4f316acaa6af', '2aafbda142c1bb42377c0a6719fbe8eba87ffc0217986f1dd1a4b585bc44f44e', 'b3d8223c3c6b1489ab2ef2bf1ccd937a29813fb9c7198a05faddb1e72c61b682', '5c098d7841bababe5c2a5a1d65925a6ac7f7b355e9b3bfc4282c77d0953ef740']","['619f168608aa334040e41d35eb8668d79ac0b1b4b195725a9815943ef8cccfb9', 'deacf531f36a25c6829f0f173e0d076b6ce65042b8107ce0e6fe4f316acaa6af', '2aafbda142c1bb42377c0a6719fbe8eba87ffc0217986f1dd1a4b585bc44f44e', 'b3d8223c3c6b1489ab2ef2bf1ccd937a29813fb9c7198a05faddb1e72c61b682', 'd5b9893bd33974bb2da5630de5fc71a990066f77c6ad53cc0d7a2a10975df405', '7cea9026436955a0243c3c6bc8c71b9aeae80bf17a43d6a58d68a4caf158100c', '7f2bf92ee6d68e76bff3b4c34d28522c11430993f2a1bc07dbcfb29db4b6915a', '5f06ad68e7eb929271ea1fffcd03120f3bbca84722fd87d08fbab6c9a0b90fd6', '52294425542678c3859846877531c846af54cf46f51ba86ac75c482ad168be3d', '04f1207d6af5db69b192aa28f5734b2503adc19399784ada71e45fafbd7c6626', '6a7925afa00cbece16e9b4661890f0b06b07bffc70329ce9a1c890489b416a99', '545c91c635df25daac13efa4eeb2f781ca0b13c4db5454bde15208b3ecec96ba', '4ed32d7993879dd94130413cfaffe0e9d25a7321536687ae7ffed64ed1c76bd5', '5c098d7841bababe5c2a5a1d65925a6ac7f7b355e9b3bfc4282c77d0953ef740', 'd74af0435e46a17eaec923e9f2d97887deface87c0692c0b479f11348817f47d', 'c3df7ee9d1e8b296a37a9dccd7345563e90fbe6f8b5c26cf275a7dda37d62fc1', '96678b0add9df8b9123483a39a4a470491158467dd03d54f7b37126a41e4751e', '205157b67d887431e19437ebfb13fc479e996cbe460699e2600a28451caf70b7', 'fd9eed5afeebd65efce2ae92f23b1dd8969b36823a24dc29e8312300fa102fbc', '7394214f611769df4cbd92e021903cd6b15793780fa33d3510a72a23b47907c6', '84cf09f22db0148e2ae42d5e99877a5e564edb3150c7957e2e7dc4d3c30aa678', 'f7a601ace9a488a1e46a92addf6b73aacee34a3edecd6084602a93b15140aa08', '513e39c839298edcaa7f2acd3b11044ec5cf91c890efe6ff554a3d7edaa4c7da', 'a4dd461f5ee60fdc8db85210365ea8117ee179d5c574031f37e09be32e625cdd', '540aabc1f233496b9a88387c6b75a819be00a8bf90ddc99b81f9c97074988ffb']",1549058813684
763,93c397a2e4531db12d9d95dfd580f9b7f47659c1186d75aa7e297bae6d70e453,"[-0.1375197172164917, 0.17031830549240112, -0.19705359637737274, -0.03335541486740112, 0.15728479623794556, -0.16818180680274963, -0.03390154987573624, 0.09242486208677292, -0.09252485632896423, -0.04442106932401657, -0.11417116224765778, -0.10278744995594025, -0.023242192342877388, -0.05661831423640251, 0.03093111142516136, 0.06291299313306808, -0.10778455436229706, 0.03753530979156494, 0.009344189427793026, -0.033451225608587265, -0.07072845101356506, -0.00703784404322505, 0.026972193270921707, -0.01367533951997757, 0.08342382311820984, 0.03214864432811737, 0.032679423689842224, 0.0009068315848708153, 0.07091144472360611, -0.05915350466966629, -0.12607985734939575, -0.045493341982364655, -0.01623489335179329, -0.03205426409840584, 0.04740370064973831, 0.011167263612151146, -0.03242321312427521, -9.715533815324306e-05, 0.060384392738342285, -0.021765775978565216, -0.03373701497912407, 0.03203641623258591, -0.021619034931063652, -0.0021650372073054314, -0.0060680825263261795, 0.04441164433956146, 0.07839348167181015, -0.0545942448079586, -0.04678884148597717, 0.027800213545560837]","['deacf531f36a25c6829f0f173e0d076b6ce65042b8107ce0e6fe4f316acaa6af', '2aafbda142c1bb42377c0a6719fbe8eba87ffc0217986f1dd1a4b585bc44f44e', 'b3d8223c3c6b1489ab2ef2bf1ccd937a29813fb9c7198a05faddb1e72c61b682', '5c098d7841bababe5c2a5a1d65925a6ac7f7b355e9b3bfc4282c77d0953ef740']","['619f168608aa334040e41d35eb8668d79ac0b1b4b195725a9815943ef8cccfb9', 'deacf531f36a25c6829f0f173e0d076b6ce65042b8107ce0e6fe4f316acaa6af', '2aafbda142c1bb42377c0a6719fbe8eba87ffc0217986f1dd1a4b585bc44f44e', 'b3d8223c3c6b1489ab2ef2bf1ccd937a29813fb9c7198a05faddb1e72c61b682', 'd5b9893bd33974bb2da5630de5fc71a990066f77c6ad53cc0d7a2a10975df405', '7cea9026436955a0243c3c6bc8c71b9aeae80bf17a43d6a58d68a4caf158100c', '7f2bf92ee6d68e76bff3b4c34d28522c11430993f2a1bc07dbcfb29db4b6915a', '5f06ad68e7eb929271ea1fffcd03120f3bbca84722fd87d08fbab6c9a0b90fd6', '52294425542678c3859846877531c846af54cf46f51ba86ac75c482ad168be3d', '04f1207d6af5db69b192aa28f5734b2503adc19399784ada71e45fafbd7c6626', '6a7925afa00cbece16e9b4661890f0b06b07bffc70329ce9a1c890489b416a99', '545c91c635df25daac13efa4eeb2f781ca0b13c4db5454bde15208b3ecec96ba', '4ed32d7993879dd94130413cfaffe0e9d25a7321536687ae7ffed64ed1c76bd5', '5c098d7841bababe5c2a5a1d65925a6ac7f7b355e9b3bfc4282c77d0953ef740', 'd74af0435e46a17eaec923e9f2d97887deface87c0692c0b479f11348817f47d', 'c3df7ee9d1e8b296a37a9dccd7345563e90fbe6f8b5c26cf275a7dda37d62fc1', '96678b0add9df8b9123483a39a4a470491158467dd03d54f7b37126a41e4751e', '205157b67d887431e19437ebfb13fc479e996cbe460699e2600a28451caf70b7', 'fd9eed5afeebd65efce2ae92f23b1dd8969b36823a24dc29e8312300fa102fbc', '7394214f611769df4cbd92e021903cd6b15793780fa33d3510a72a23b47907c6', '84cf09f22db0148e2ae42d5e99877a5e564edb3150c7957e2e7dc4d3c30aa678', 'f7a601ace9a488a1e46a92addf6b73aacee34a3edecd6084602a93b15140aa08', '513e39c839298edcaa7f2acd3b11044ec5cf91c890efe6ff554a3d7edaa4c7da', 'a4dd461f5ee60fdc8db85210365ea8117ee179d5c574031f37e09be32e625cdd', '540aabc1f233496b9a88387c6b75a819be00a8bf90ddc99b81f9c97074988ffb']",1549058813684
764,93c397a2e4531db12d9d95dfd580f9b7f47659c1186d75aa7e297bae6d70e453,"[-0.1375197172164917, 0.17031830549240112, -0.19705359637737274, -0.03335541486740112, 0.15728479623794556, -0.16818180680274963, -0.03390154987573624, 0.09242486208677292, -0.09252485632896423, -0.04442106932401657, -0.11417116224765778, -0.10278744995594025, -0.023242192342877388, -0.05661831423640251, 0.03093111142516136, 0.06291299313306808, -0.10778455436229706, 0.03753530979156494, 0.009344189427793026, -0.033451225608587265, -0.07072845101356506, -0.00703784404322505, 0.026972193270921707, -0.01367533951997757, 0.08342382311820984, 0.03214864432811737, 0.032679423689842224, 0.0009068315848708153, 0.07091144472360611, -0.05915350466966629, -0.12607985734939575, -0.045493341982364655, -0.01623489335179329, -0.03205426409840584, 0.04740370064973831, 0.011167263612151146, -0.03242321312427521, -9.715533815324306e-05, 0.060384392738342285, -0.021765775978565216, -0.03373701497912407, 0.03203641623258591, -0.021619034931063652, -0.0021650372073054314, -0.0060680825263261795, 0.04441164433956146, 0.07839348167181015, -0.0545942448079586, -0.04678884148597717, 0.027800213545560837]","['deacf531f36a25c6829f0f173e0d076b6ce65042b8107ce0e6fe4f316acaa6af', '2aafbda142c1bb42377c0a6719fbe8eba87ffc0217986f1dd1a4b585bc44f44e', 'b3d8223c3c6b1489ab2ef2bf1ccd937a29813fb9c7198a05faddb1e72c61b682', '5c098d7841bababe5c2a5a1d65925a6ac7f7b355e9b3bfc4282c77d0953ef740']","['619f168608aa334040e41d35eb8668d79ac0b1b4b195725a9815943ef8cccfb9', 'deacf531f36a25c6829f0f173e0d076b6ce65042b8107ce0e6fe4f316acaa6af', '2aafbda142c1bb42377c0a6719fbe8eba87ffc0217986f1dd1a4b585bc44f44e', 'b3d8223c3c6b1489ab2ef2bf1ccd937a29813fb9c7198a05faddb1e72c61b682', 'd5b9893bd33974bb2da5630de5fc71a990066f77c6ad53cc0d7a2a10975df405', '7cea9026436955a0243c3c6bc8c71b9aeae80bf17a43d6a58d68a4caf158100c', '7f2bf92ee6d68e76bff3b4c34d28522c11430993f2a1bc07dbcfb29db4b6915a', '5f06ad68e7eb929271ea1fffcd03120f3bbca84722fd87d08fbab6c9a0b90fd6', '52294425542678c3859846877531c846af54cf46f51ba86ac75c482ad168be3d', '04f1207d6af5db69b192aa28f5734b2503adc19399784ada71e45fafbd7c6626', '6a7925afa00cbece16e9b4661890f0b06b07bffc70329ce9a1c890489b416a99', '545c91c635df25daac13efa4eeb2f781ca0b13c4db5454bde15208b3ecec96ba', '4ed32d7993879dd94130413cfaffe0e9d25a7321536687ae7ffed64ed1c76bd5', '5c098d7841bababe5c2a5a1d65925a6ac7f7b355e9b3bfc4282c77d0953ef740', 'd74af0435e46a17eaec923e9f2d97887deface87c0692c0b479f11348817f47d', 'c3df7ee9d1e8b296a37a9dccd7345563e90fbe6f8b5c26cf275a7dda37d62fc1', '96678b0add9df8b9123483a39a4a470491158467dd03d54f7b37126a41e4751e', '205157b67d887431e19437ebfb13fc479e996cbe460699e2600a28451caf70b7', 'fd9eed5afeebd65efce2ae92f23b1dd8969b36823a24dc29e8312300fa102fbc', '7394214f611769df4cbd92e021903cd6b15793780fa33d3510a72a23b47907c6', '84cf09f22db0148e2ae42d5e99877a5e564edb3150c7957e2e7dc4d3c30aa678', 'f7a601ace9a488a1e46a92addf6b73aacee34a3edecd6084602a93b15140aa08', '513e39c839298edcaa7f2acd3b11044ec5cf91c890efe6ff554a3d7edaa4c7da', 'a4dd461f5ee60fdc8db85210365ea8117ee179d5c574031f37e09be32e625cdd', '540aabc1f233496b9a88387c6b75a819be00a8bf90ddc99b81f9c97074988ffb']",1549058813684
765,93c397a2e4531db12d9d95dfd580f9b7f47659c1186d75aa7e297bae6d70e453,"[-0.11650128662586212, -0.1358041763305664, -0.0026443093083798885, -0.05222730338573456, -0.011790803633630276, 0.009639479219913483, -0.08357354998588562, -0.052262790501117706, -0.0407053604722023, -0.06441492587327957, -0.032702215015888214, -0.05812910944223404, -0.0053711021319031715, -0.03157573938369751, 0.002980578690767288, 0.009480025619268417, 0.0012222258374094963, 0.035862281918525696, -0.01805814541876316, -0.016285894438624382, -0.013299263082444668, 0.0022956784814596176, 0.038037363439798355, 0.017769182100892067, -0.005954575724899769, 0.005982771050184965, -0.028593283146619797, -0.024469731375575066, -0.02528838813304901, 0.001919425092637539, -0.03296729922294617, 0.019782138988375664, -0.004944352433085442, -0.02472270093858242, -0.00538910087198019, 0.018123794347047806, -0.015854330733418465, -0.015133468434214592, -0.012569903396070004, 0.018388424068689346, 0.0006263049435801804, 0.007533981930464506, -0.0159885473549366, -0.029509877786040306, -0.00012684334069490433, 0.009723220020532608, 0.014775129966437817, -0.014082897454500198, -0.011600198224186897, 0.0020660897716879845]",,"['b9e78444cca2676f7c8fa3d96e07946f3e0083eecd4356da36666460a50c9abc', '800d47a8a104c90b159e698848e036b02653c9e654ca287dcfd09b94c6e15407', '5f0ad431d7c50e4fe59861e4810c07c6bae80db37060863d24e8f8ab60d0af6f', 'aab60a087b9949090d6ffb0ea7b820f44ca2ac6ea87f35cb43b2f2912d231ac0', '87f84da0c27c4052166e521c7adc0e34fddce39e2ad7b9bf13b4ae7e040abbf1', '31e0c5798932daef7b149e8bf9f066a2bba35cc2f1b21f8c38a87d82ff334658', 'd893eb8378e0485dc0639e63fd4155acfb18d0fdcffab891fa70709658cbfd02', '52294425542678c3859846877531c846af54cf46f51ba86ac75c482ad168be3d', 'bbf6078546e324f92ac92bb7606e4fbbc6a2349b558096f69dcc21a85e8e4da3', 'fd9eed5afeebd65efce2ae92f23b1dd8969b36823a24dc29e8312300fa102fbc', 'cc1dedbc30fb7712b8fee9e821af2855d94ba60f758a289c6154395ab7d5cb09', 'a031215dfabf558e26c38f9a2068791b416f2f09fcd491e793637e03d7acd5e1', '80c46faa8fec15865d7121a5ee67c7447ab5860c9a8025f31a3201d968f16d44', 'fc1837c3b35c81a2a451b020e28e16b54eaba93c59fa363b0bb93a4315d761b1', '9b7dedad03d5c5c4f73e8fe65b3ede576a026c8c269d18a6694132c140aaaa72', '1b821a48837ce7aea2f22de41155c192b789cc8c58d6c2f1785066a48f16b330', 'b11e09db06ad23bb596922933b4e8c1f2f9f1a4d050607e4e706a0e5fd07d0f9', '619f168608aa334040e41d35eb8668d79ac0b1b4b195725a9815943ef8cccfb9', '545c91c635df25daac13efa4eeb2f781ca0b13c4db5454bde15208b3ecec96ba', '4ed32d7993879dd94130413cfaffe0e9d25a7321536687ae7ffed64ed1c76bd5', '5c098d7841bababe5c2a5a1d65925a6ac7f7b355e9b3bfc4282c77d0953ef740', 'd74af0435e46a17eaec923e9f2d97887deface87c0692c0b479f11348817f47d', 'f3099880836d5832b1bedf0fea5534661f3ccb96423cde2ead5cd257776f3de8', 'deacf531f36a25c6829f0f173e0d076b6ce65042b8107ce0e6fe4f316acaa6af', 'b3d8223c3c6b1489ab2ef2bf1ccd937a29813fb9c7198a05faddb1e72c61b682']",1549060236246
766,93c397a2e4531db12d9d95dfd580f9b7f47659c1186d75aa7e297bae6d70e453,"[-0.11650128662586212, -0.1358041763305664, -0.0026443093083798885, -0.05222730338573456, -0.011790803633630276, 0.009639479219913483, -0.08357354998588562, -0.052262790501117706, -0.0407053604722023, -0.06441492587327957, -0.032702215015888214, -0.05812910944223404, -0.0053711021319031715, -0.03157573938369751, 0.002980578690767288, 0.009480025619268417, 0.0012222258374094963, 0.035862281918525696, -0.01805814541876316, -0.016285894438624382, -0.013299263082444668, 0.0022956784814596176, 0.038037363439798355, 0.017769182100892067, -0.005954575724899769, 0.005982771050184965, -0.028593283146619797, -0.024469731375575066, -0.02528838813304901, 0.001919425092637539, -0.03296729922294617, 0.019782138988375664, -0.004944352433085442, -0.02472270093858242, -0.00538910087198019, 0.018123794347047806, -0.015854330733418465, -0.015133468434214592, -0.012569903396070004, 0.018388424068689346, 0.0006263049435801804, 0.007533981930464506, -0.0159885473549366, -0.029509877786040306, -0.00012684334069490433, 0.009723220020532608, 0.014775129966437817, -0.014082897454500198, -0.011600198224186897, 0.0020660897716879845]",,"['b9e78444cca2676f7c8fa3d96e07946f3e0083eecd4356da36666460a50c9abc', '800d47a8a104c90b159e698848e036b02653c9e654ca287dcfd09b94c6e15407', '5f0ad431d7c50e4fe59861e4810c07c6bae80db37060863d24e8f8ab60d0af6f', 'aab60a087b9949090d6ffb0ea7b820f44ca2ac6ea87f35cb43b2f2912d231ac0', '87f84da0c27c4052166e521c7adc0e34fddce39e2ad7b9bf13b4ae7e040abbf1', '31e0c5798932daef7b149e8bf9f066a2bba35cc2f1b21f8c38a87d82ff334658', 'd893eb8378e0485dc0639e63fd4155acfb18d0fdcffab891fa70709658cbfd02', '52294425542678c3859846877531c846af54cf46f51ba86ac75c482ad168be3d', 'bbf6078546e324f92ac92bb7606e4fbbc6a2349b558096f69dcc21a85e8e4da3', 'fd9eed5afeebd65efce2ae92f23b1dd8969b36823a24dc29e8312300fa102fbc', 'cc1dedbc30fb7712b8fee9e821af2855d94ba60f758a289c6154395ab7d5cb09', 'a031215dfabf558e26c38f9a2068791b416f2f09fcd491e793637e03d7acd5e1', '80c46faa8fec15865d7121a5ee67c7447ab5860c9a8025f31a3201d968f16d44', 'fc1837c3b35c81a2a451b020e28e16b54eaba93c59fa363b0bb93a4315d761b1', '9b7dedad03d5c5c4f73e8fe65b3ede576a026c8c269d18a6694132c140aaaa72', '1b821a48837ce7aea2f22de41155c192b789cc8c58d6c2f1785066a48f16b330', 'b11e09db06ad23bb596922933b4e8c1f2f9f1a4d050607e4e706a0e5fd07d0f9', '619f168608aa334040e41d35eb8668d79ac0b1b4b195725a9815943ef8cccfb9', '545c91c635df25daac13efa4eeb2f781ca0b13c4db5454bde15208b3ecec96ba', '4ed32d7993879dd94130413cfaffe0e9d25a7321536687ae7ffed64ed1c76bd5', '5c098d7841bababe5c2a5a1d65925a6ac7f7b355e9b3bfc4282c77d0953ef740', 'd74af0435e46a17eaec923e9f2d97887deface87c0692c0b479f11348817f47d', 'f3099880836d5832b1bedf0fea5534661f3ccb96423cde2ead5cd257776f3de8', 'deacf531f36a25c6829f0f173e0d076b6ce65042b8107ce0e6fe4f316acaa6af', 'b3d8223c3c6b1489ab2ef2bf1ccd937a29813fb9c7198a05faddb1e72c61b682']",1549060236246
767,93c397a2e4531db12d9d95dfd580f9b7f47659c1186d75aa7e297bae6d70e453,"[-0.11650128662586212, -0.1358041763305664, -0.0026443093083798885, -0.05222730338573456, -0.011790803633630276, 0.009639479219913483, -0.08357354998588562, -0.052262790501117706, -0.0407053604722023, -0.06441492587327957, -0.032702215015888214, -0.05812910944223404, -0.0053711021319031715, -0.03157573938369751, 0.002980578690767288, 0.009480025619268417, 0.0012222258374094963, 0.035862281918525696, -0.01805814541876316, -0.016285894438624382, -0.013299263082444668, 0.0022956784814596176, 0.038037363439798355, 0.017769182100892067, -0.005954575724899769, 0.005982771050184965, -0.028593283146619797, -0.024469731375575066, -0.02528838813304901, 0.001919425092637539, -0.03296729922294617, 0.019782138988375664, -0.004944352433085442, -0.02472270093858242, -0.00538910087198019, 0.018123794347047806, -0.015854330733418465, -0.015133468434214592, -0.012569903396070004, 0.018388424068689346, 0.0006263049435801804, 0.007533981930464506, -0.0159885473549366, -0.029509877786040306, -0.00012684334069490433, 0.009723220020532608, 0.014775129966437817, -0.014082897454500198, -0.011600198224186897, 0.0020660897716879845]",,"['b9e78444cca2676f7c8fa3d96e07946f3e0083eecd4356da36666460a50c9abc', '800d47a8a104c90b159e698848e036b02653c9e654ca287dcfd09b94c6e15407', '5f0ad431d7c50e4fe59861e4810c07c6bae80db37060863d24e8f8ab60d0af6f', 'aab60a087b9949090d6ffb0ea7b820f44ca2ac6ea87f35cb43b2f2912d231ac0', '87f84da0c27c4052166e521c7adc0e34fddce39e2ad7b9bf13b4ae7e040abbf1', '31e0c5798932daef7b149e8bf9f066a2bba35cc2f1b21f8c38a87d82ff334658', 'd893eb8378e0485dc0639e63fd4155acfb18d0fdcffab891fa70709658cbfd02', '52294425542678c3859846877531c846af54cf46f51ba86ac75c482ad168be3d', 'bbf6078546e324f92ac92bb7606e4fbbc6a2349b558096f69dcc21a85e8e4da3', 'fd9eed5afeebd65efce2ae92f23b1dd8969b36823a24dc29e8312300fa102fbc', 'cc1dedbc30fb7712b8fee9e821af2855d94ba60f758a289c6154395ab7d5cb09', 'a031215dfabf558e26c38f9a2068791b416f2f09fcd491e793637e03d7acd5e1', '80c46faa8fec15865d7121a5ee67c7447ab5860c9a8025f31a3201d968f16d44', 'fc1837c3b35c81a2a451b020e28e16b54eaba93c59fa363b0bb93a4315d761b1', '9b7dedad03d5c5c4f73e8fe65b3ede576a026c8c269d18a6694132c140aaaa72', '1b821a48837ce7aea2f22de41155c192b789cc8c58d6c2f1785066a48f16b330', 'b11e09db06ad23bb596922933b4e8c1f2f9f1a4d050607e4e706a0e5fd07d0f9', '619f168608aa334040e41d35eb8668d79ac0b1b4b195725a9815943ef8cccfb9', '545c91c635df25daac13efa4eeb2f781ca0b13c4db5454bde15208b3ecec96ba', '4ed32d7993879dd94130413cfaffe0e9d25a7321536687ae7ffed64ed1c76bd5', '5c098d7841bababe5c2a5a1d65925a6ac7f7b355e9b3bfc4282c77d0953ef740', 'd74af0435e46a17eaec923e9f2d97887deface87c0692c0b479f11348817f47d', 'f3099880836d5832b1bedf0fea5534661f3ccb96423cde2ead5cd257776f3de8', 'deacf531f36a25c6829f0f173e0d076b6ce65042b8107ce0e6fe4f316acaa6af', 'b3d8223c3c6b1489ab2ef2bf1ccd937a29813fb9c7198a05faddb1e72c61b682']",1549060236246
768,93c397a2e4531db12d9d95dfd580f9b7f47659c1186d75aa7e297bae6d70e453,"[-0.11650128662586212, -0.1358041763305664, -0.0026443093083798885, -0.05222730338573456, -0.011790803633630276, 0.009639479219913483, -0.08357354998588562, -0.052262790501117706, -0.0407053604722023, -0.06441492587327957, -0.032702215015888214, -0.05812910944223404, -0.0053711021319031715, -0.03157573938369751, 0.002980578690767288, 0.009480025619268417, 0.0012222258374094963, 0.035862281918525696, -0.01805814541876316, -0.016285894438624382, -0.013299263082444668, 0.0022956784814596176, 0.038037363439798355, 0.017769182100892067, -0.005954575724899769, 0.005982771050184965, -0.028593283146619797, -0.024469731375575066, -0.02528838813304901, 0.001919425092637539, -0.03296729922294617, 0.019782138988375664, -0.004944352433085442, -0.02472270093858242, -0.00538910087198019, 0.018123794347047806, -0.015854330733418465, -0.015133468434214592, -0.012569903396070004, 0.018388424068689346, 0.0006263049435801804, 0.007533981930464506, -0.0159885473549366, -0.029509877786040306, -0.00012684334069490433, 0.009723220020532608, 0.014775129966437817, -0.014082897454500198, -0.011600198224186897, 0.0020660897716879845]",,"['b9e78444cca2676f7c8fa3d96e07946f3e0083eecd4356da36666460a50c9abc', '800d47a8a104c90b159e698848e036b02653c9e654ca287dcfd09b94c6e15407', '5f0ad431d7c50e4fe59861e4810c07c6bae80db37060863d24e8f8ab60d0af6f', 'aab60a087b9949090d6ffb0ea7b820f44ca2ac6ea87f35cb43b2f2912d231ac0', '87f84da0c27c4052166e521c7adc0e34fddce39e2ad7b9bf13b4ae7e040abbf1', '31e0c5798932daef7b149e8bf9f066a2bba35cc2f1b21f8c38a87d82ff334658', 'd893eb8378e0485dc0639e63fd4155acfb18d0fdcffab891fa70709658cbfd02', '52294425542678c3859846877531c846af54cf46f51ba86ac75c482ad168be3d', 'bbf6078546e324f92ac92bb7606e4fbbc6a2349b558096f69dcc21a85e8e4da3', 'fd9eed5afeebd65efce2ae92f23b1dd8969b36823a24dc29e8312300fa102fbc', 'cc1dedbc30fb7712b8fee9e821af2855d94ba60f758a289c6154395ab7d5cb09', 'a031215dfabf558e26c38f9a2068791b416f2f09fcd491e793637e03d7acd5e1', '80c46faa8fec15865d7121a5ee67c7447ab5860c9a8025f31a3201d968f16d44', 'fc1837c3b35c81a2a451b020e28e16b54eaba93c59fa363b0bb93a4315d761b1', '9b7dedad03d5c5c4f73e8fe65b3ede576a026c8c269d18a6694132c140aaaa72', '1b821a48837ce7aea2f22de41155c192b789cc8c58d6c2f1785066a48f16b330', 'b11e09db06ad23bb596922933b4e8c1f2f9f1a4d050607e4e706a0e5fd07d0f9', '619f168608aa334040e41d35eb8668d79ac0b1b4b195725a9815943ef8cccfb9', '545c91c635df25daac13efa4eeb2f781ca0b13c4db5454bde15208b3ecec96ba', '4ed32d7993879dd94130413cfaffe0e9d25a7321536687ae7ffed64ed1c76bd5', '5c098d7841bababe5c2a5a1d65925a6ac7f7b355e9b3bfc4282c77d0953ef740', 'd74af0435e46a17eaec923e9f2d97887deface87c0692c0b479f11348817f47d', 'f3099880836d5832b1bedf0fea5534661f3ccb96423cde2ead5cd257776f3de8', 'deacf531f36a25c6829f0f173e0d076b6ce65042b8107ce0e6fe4f316acaa6af', 'b3d8223c3c6b1489ab2ef2bf1ccd937a29813fb9c7198a05faddb1e72c61b682']",1549060236246
769,93c397a2e4531db12d9d95dfd580f9b7f47659c1186d75aa7e297bae6d70e453,"[-0.11650128662586212, -0.1358041763305664, -0.0026443093083798885, -0.05222730338573456, -0.011790803633630276, 0.009639479219913483, -0.08357354998588562, -0.052262790501117706, -0.0407053604722023, -0.06441492587327957, -0.032702215015888214, -0.05812910944223404, -0.0053711021319031715, -0.03157573938369751, 0.002980578690767288, 0.009480025619268417, 0.0012222258374094963, 0.035862281918525696, -0.01805814541876316, -0.016285894438624382, -0.013299263082444668, 0.0022956784814596176, 0.038037363439798355, 0.017769182100892067, -0.005954575724899769, 0.005982771050184965, -0.028593283146619797, -0.024469731375575066, -0.02528838813304901, 0.001919425092637539, -0.03296729922294617, 0.019782138988375664, -0.004944352433085442, -0.02472270093858242, -0.00538910087198019, 0.018123794347047806, -0.015854330733418465, -0.015133468434214592, -0.012569903396070004, 0.018388424068689346, 0.0006263049435801804, 0.007533981930464506, -0.0159885473549366, -0.029509877786040306, -0.00012684334069490433, 0.009723220020532608, 0.014775129966437817, -0.014082897454500198, -0.011600198224186897, 0.0020660897716879845]",,"['b9e78444cca2676f7c8fa3d96e07946f3e0083eecd4356da36666460a50c9abc', '800d47a8a104c90b159e698848e036b02653c9e654ca287dcfd09b94c6e15407', '5f0ad431d7c50e4fe59861e4810c07c6bae80db37060863d24e8f8ab60d0af6f', 'aab60a087b9949090d6ffb0ea7b820f44ca2ac6ea87f35cb43b2f2912d231ac0', '87f84da0c27c4052166e521c7adc0e34fddce39e2ad7b9bf13b4ae7e040abbf1', '31e0c5798932daef7b149e8bf9f066a2bba35cc2f1b21f8c38a87d82ff334658', 'd893eb8378e0485dc0639e63fd4155acfb18d0fdcffab891fa70709658cbfd02', '52294425542678c3859846877531c846af54cf46f51ba86ac75c482ad168be3d', 'bbf6078546e324f92ac92bb7606e4fbbc6a2349b558096f69dcc21a85e8e4da3', 'fd9eed5afeebd65efce2ae92f23b1dd8969b36823a24dc29e8312300fa102fbc', 'cc1dedbc30fb7712b8fee9e821af2855d94ba60f758a289c6154395ab7d5cb09', 'a031215dfabf558e26c38f9a2068791b416f2f09fcd491e793637e03d7acd5e1', '80c46faa8fec15865d7121a5ee67c7447ab5860c9a8025f31a3201d968f16d44', 'fc1837c3b35c81a2a451b020e28e16b54eaba93c59fa363b0bb93a4315d761b1', '9b7dedad03d5c5c4f73e8fe65b3ede576a026c8c269d18a6694132c140aaaa72', '1b821a48837ce7aea2f22de41155c192b789cc8c58d6c2f1785066a48f16b330', 'b11e09db06ad23bb596922933b4e8c1f2f9f1a4d050607e4e706a0e5fd07d0f9', '619f168608aa334040e41d35eb8668d79ac0b1b4b195725a9815943ef8cccfb9', '545c91c635df25daac13efa4eeb2f781ca0b13c4db5454bde15208b3ecec96ba', '4ed32d7993879dd94130413cfaffe0e9d25a7321536687ae7ffed64ed1c76bd5', '5c098d7841bababe5c2a5a1d65925a6ac7f7b355e9b3bfc4282c77d0953ef740', 'd74af0435e46a17eaec923e9f2d97887deface87c0692c0b479f11348817f47d', 'f3099880836d5832b1bedf0fea5534661f3ccb96423cde2ead5cd257776f3de8', 'deacf531f36a25c6829f0f173e0d076b6ce65042b8107ce0e6fe4f316acaa6af', 'b3d8223c3c6b1489ab2ef2bf1ccd937a29813fb9c7198a05faddb1e72c61b682']",1549060236246
770,93c397a2e4531db12d9d95dfd580f9b7f47659c1186d75aa7e297bae6d70e453,"[-0.11650128662586212, -0.1358041763305664, -0.0026443093083798885, -0.05222730338573456, -0.011790803633630276, 0.009639479219913483, -0.08357354998588562, -0.052262790501117706, -0.0407053604722023, -0.06441492587327957, -0.032702215015888214, -0.05812910944223404, -0.0053711021319031715, -0.03157573938369751, 0.002980578690767288, 0.009480025619268417, 0.0012222258374094963, 0.035862281918525696, -0.01805814541876316, -0.016285894438624382, -0.013299263082444668, 0.0022956784814596176, 0.038037363439798355, 0.017769182100892067, -0.005954575724899769, 0.005982771050184965, -0.028593283146619797, -0.024469731375575066, -0.02528838813304901, 0.001919425092637539, -0.03296729922294617, 0.019782138988375664, -0.004944352433085442, -0.02472270093858242, -0.00538910087198019, 0.018123794347047806, -0.015854330733418465, -0.015133468434214592, -0.012569903396070004, 0.018388424068689346, 0.0006263049435801804, 0.007533981930464506, -0.0159885473549366, -0.029509877786040306, -0.00012684334069490433, 0.009723220020532608, 0.014775129966437817, -0.014082897454500198, -0.011600198224186897, 0.0020660897716879845]",,"['b9e78444cca2676f7c8fa3d96e07946f3e0083eecd4356da36666460a50c9abc', '800d47a8a104c90b159e698848e036b02653c9e654ca287dcfd09b94c6e15407', '5f0ad431d7c50e4fe59861e4810c07c6bae80db37060863d24e8f8ab60d0af6f', 'aab60a087b9949090d6ffb0ea7b820f44ca2ac6ea87f35cb43b2f2912d231ac0', '87f84da0c27c4052166e521c7adc0e34fddce39e2ad7b9bf13b4ae7e040abbf1', '31e0c5798932daef7b149e8bf9f066a2bba35cc2f1b21f8c38a87d82ff334658', 'd893eb8378e0485dc0639e63fd4155acfb18d0fdcffab891fa70709658cbfd02', '52294425542678c3859846877531c846af54cf46f51ba86ac75c482ad168be3d', 'bbf6078546e324f92ac92bb7606e4fbbc6a2349b558096f69dcc21a85e8e4da3', 'fd9eed5afeebd65efce2ae92f23b1dd8969b36823a24dc29e8312300fa102fbc', 'cc1dedbc30fb7712b8fee9e821af2855d94ba60f758a289c6154395ab7d5cb09', 'a031215dfabf558e26c38f9a2068791b416f2f09fcd491e793637e03d7acd5e1', '80c46faa8fec15865d7121a5ee67c7447ab5860c9a8025f31a3201d968f16d44', 'fc1837c3b35c81a2a451b020e28e16b54eaba93c59fa363b0bb93a4315d761b1', '9b7dedad03d5c5c4f73e8fe65b3ede576a026c8c269d18a6694132c140aaaa72', '1b821a48837ce7aea2f22de41155c192b789cc8c58d6c2f1785066a48f16b330', 'b11e09db06ad23bb596922933b4e8c1f2f9f1a4d050607e4e706a0e5fd07d0f9', '619f168608aa334040e41d35eb8668d79ac0b1b4b195725a9815943ef8cccfb9', '545c91c635df25daac13efa4eeb2f781ca0b13c4db5454bde15208b3ecec96ba', '4ed32d7993879dd94130413cfaffe0e9d25a7321536687ae7ffed64ed1c76bd5', '5c098d7841bababe5c2a5a1d65925a6ac7f7b355e9b3bfc4282c77d0953ef740', 'd74af0435e46a17eaec923e9f2d97887deface87c0692c0b479f11348817f47d', 'f3099880836d5832b1bedf0fea5534661f3ccb96423cde2ead5cd257776f3de8', 'deacf531f36a25c6829f0f173e0d076b6ce65042b8107ce0e6fe4f316acaa6af', 'b3d8223c3c6b1489ab2ef2bf1ccd937a29813fb9c7198a05faddb1e72c61b682']",1549060236246
771,93c397a2e4531db12d9d95dfd580f9b7f47659c1186d75aa7e297bae6d70e453,"[-0.18099573254585266, 0.06249585002660751, -0.10269348323345184, -0.134840726852417, 0.1621381938457489, 0.01899196021258831, -0.1148519515991211, 0.08743366599082947, -0.042696185410022736, 0.07935014367103577, -0.004164808429777622, -0.05057838559150696, -0.07084807753562927, -0.03456775099039078, 0.08540202677249908, -0.017089787870645523, -0.09012353420257568, 0.029523486271500587, 0.023915721103549004, 0.061263419687747955, 0.0060142632573843, 0.13724064826965332, 0.0764288380742073, -0.013563992455601692, -0.01151046622544527, 0.06465061008930206, 0.02731465920805931, -0.06431516259908676, 0.07343465089797974, -0.05677669122815132, -0.0095155518501997, -0.020291084423661232, 0.029262805357575417, 0.015048488043248653, -0.0260931309312582, 0.0006602900102734566, 0.00011657271534204483, -0.027612043544650078, -0.05449580401182175, 0.016947656869888306, -0.022975899279117584, -0.007256676442921162, -0.038365550339221954, 0.030122699216008186, -0.029670407995581627, -0.0010913156438618898, 0.01371008064597845, 0.03687448427081108, 0.0005898922681808472, -0.038370538502931595]",,['a9e009431f659ee5ac6120f45f3e8668da6cac95c4db83a74d241e2b126796e3'],1549060247796
772,93c397a2e4531db12d9d95dfd580f9b7f47659c1186d75aa7e297bae6d70e453,"[-0.18099573254585266, 0.06249585002660751, -0.10269348323345184, -0.134840726852417, 0.1621381938457489, 0.01899196021258831, -0.1148519515991211, 0.08743366599082947, -0.042696185410022736, 0.07935014367103577, -0.004164808429777622, -0.05057838559150696, -0.07084807753562927, -0.03456775099039078, 0.08540202677249908, -0.017089787870645523, -0.09012353420257568, 0.029523486271500587, 0.023915721103549004, 0.061263419687747955, 0.0060142632573843, 0.13724064826965332, 0.0764288380742073, -0.013563992455601692, -0.01151046622544527, 0.06465061008930206, 0.02731465920805931, -0.06431516259908676, 0.07343465089797974, -0.05677669122815132, -0.0095155518501997, -0.020291084423661232, 0.029262805357575417, 0.015048488043248653, -0.0260931309312582, 0.0006602900102734566, 0.00011657271534204483, -0.027612043544650078, -0.05449580401182175, 0.016947656869888306, -0.022975899279117584, -0.007256676442921162, -0.038365550339221954, 0.030122699216008186, -0.029670407995581627, -0.0010913156438618898, 0.01371008064597845, 0.03687448427081108, 0.0005898922681808472, -0.038370538502931595]",,['a9e009431f659ee5ac6120f45f3e8668da6cac95c4db83a74d241e2b126796e3'],1549060247796
773,93c397a2e4531db12d9d95dfd580f9b7f47659c1186d75aa7e297bae6d70e453,"[-0.18099573254585266, 0.06249585002660751, -0.10269348323345184, -0.134840726852417, 0.1621381938457489, 0.01899196021258831, -0.1148519515991211, 0.08743366599082947, -0.042696185410022736, 0.07935014367103577, -0.004164808429777622, -0.05057838559150696, -0.07084807753562927, -0.03456775099039078, 0.08540202677249908, -0.017089787870645523, -0.09012353420257568, 0.029523486271500587, 0.023915721103549004, 0.061263419687747955, 0.0060142632573843, 0.13724064826965332, 0.0764288380742073, -0.013563992455601692, -0.01151046622544527, 0.06465061008930206, 0.02731465920805931, -0.06431516259908676, 0.07343465089797974, -0.05677669122815132, -0.0095155518501997, -0.020291084423661232, 0.029262805357575417, 0.015048488043248653, -0.0260931309312582, 0.0006602900102734566, 0.00011657271534204483, -0.027612043544650078, -0.05449580401182175, 0.016947656869888306, -0.022975899279117584, -0.007256676442921162, -0.038365550339221954, 0.030122699216008186, -0.029670407995581627, -0.0010913156438618898, 0.01371008064597845, 0.03687448427081108, 0.0005898922681808472, -0.038370538502931595]",,['a9e009431f659ee5ac6120f45f3e8668da6cac95c4db83a74d241e2b126796e3'],1549060247796
774,93c397a2e4531db12d9d95dfd580f9b7f47659c1186d75aa7e297bae6d70e453,"[-0.18099573254585266, 0.06249585002660751, -0.10269348323345184, -0.134840726852417, 0.1621381938457489, 0.01899196021258831, -0.1148519515991211, 0.08743366599082947, -0.042696185410022736, 0.07935014367103577, -0.004164808429777622, -0.05057838559150696, -0.07084807753562927, -0.03456775099039078, 0.08540202677249908, -0.017089787870645523, -0.09012353420257568, 0.029523486271500587, 0.023915721103549004, 0.061263419687747955, 0.0060142632573843, 0.13724064826965332, 0.0764288380742073, -0.013563992455601692, -0.01151046622544527, 0.06465061008930206, 0.02731465920805931, -0.06431516259908676, 0.07343465089797974, -0.05677669122815132, -0.0095155518501997, -0.020291084423661232, 0.029262805357575417, 0.015048488043248653, -0.0260931309312582, 0.0006602900102734566, 0.00011657271534204483, -0.027612043544650078, -0.05449580401182175, 0.016947656869888306, -0.022975899279117584, -0.007256676442921162, -0.038365550339221954, 0.030122699216008186, -0.029670407995581627, -0.0010913156438618898, 0.01371008064597845, 0.03687448427081108, 0.0005898922681808472, -0.038370538502931595]",,['a9e009431f659ee5ac6120f45f3e8668da6cac95c4db83a74d241e2b126796e3'],1549060247796
775,93c397a2e4531db12d9d95dfd580f9b7f47659c1186d75aa7e297bae6d70e453,"[-0.18099573254585266, 0.06249585002660751, -0.10269348323345184, -0.134840726852417, 0.1621381938457489, 0.01899196021258831, -0.1148519515991211, 0.08743366599082947, -0.042696185410022736, 0.07935014367103577, -0.004164808429777622, -0.05057838559150696, -0.07084807753562927, -0.03456775099039078, 0.08540202677249908, -0.017089787870645523, -0.09012353420257568, 0.029523486271500587, 0.023915721103549004, 0.061263419687747955, 0.0060142632573843, 0.13724064826965332, 0.0764288380742073, -0.013563992455601692, -0.01151046622544527, 0.06465061008930206, 0.02731465920805931, -0.06431516259908676, 0.07343465089797974, -0.05677669122815132, -0.0095155518501997, -0.020291084423661232, 0.029262805357575417, 0.015048488043248653, -0.0260931309312582, 0.0006602900102734566, 0.00011657271534204483, -0.027612043544650078, -0.05449580401182175, 0.016947656869888306, -0.022975899279117584, -0.007256676442921162, -0.038365550339221954, 0.030122699216008186, -0.029670407995581627, -0.0010913156438618898, 0.01371008064597845, 0.03687448427081108, 0.0005898922681808472, -0.038370538502931595]",,['a9e009431f659ee5ac6120f45f3e8668da6cac95c4db83a74d241e2b126796e3'],1549060247796
776,93c397a2e4531db12d9d95dfd580f9b7f47659c1186d75aa7e297bae6d70e453,"[-0.18099573254585266, 0.06249585002660751, -0.10269348323345184, -0.134840726852417, 0.1621381938457489, 0.01899196021258831, -0.1148519515991211, 0.08743366599082947, -0.042696185410022736, 0.07935014367103577, -0.004164808429777622, -0.05057838559150696, -0.07084807753562927, -0.03456775099039078, 0.08540202677249908, -0.017089787870645523, -0.09012353420257568, 0.029523486271500587, 0.023915721103549004, 0.061263419687747955, 0.0060142632573843, 0.13724064826965332, 0.0764288380742073, -0.013563992455601692, -0.01151046622544527, 0.06465061008930206, 0.02731465920805931, -0.06431516259908676, 0.07343465089797974, -0.05677669122815132, -0.0095155518501997, -0.020291084423661232, 0.029262805357575417, 0.015048488043248653, -0.0260931309312582, 0.0006602900102734566, 0.00011657271534204483, -0.027612043544650078, -0.05449580401182175, 0.016947656869888306, -0.022975899279117584, -0.007256676442921162, -0.038365550339221954, 0.030122699216008186, -0.029670407995581627, -0.0010913156438618898, 0.01371008064597845, 0.03687448427081108, 0.0005898922681808472, -0.038370538502931595]",,['a9e009431f659ee5ac6120f45f3e8668da6cac95c4db83a74d241e2b126796e3'],1549060247796
777,ad3b7c0aaf0b2e59728e91195f2c8016d68b37367f83ba517a42b6524af9be3a,"[-0.2860334515571594, 0.36886730790138245, -0.010134739801287651, 0.08734508603811264, 0.03918010741472244, -0.09563763439655304, -0.02046836167573929, 0.14817510545253754, -0.21810951828956604, 0.04016932100057602, -0.015900462865829468, -0.033363062888383865, 0.030229832977056503, -0.06505939364433289, -0.034083276987075806, 0.07990194857120514, -0.11678465455770493, 0.04801221191883087, 0.0007934989407658577, -0.02674304135143757, -0.06609050184488297, -0.04600220546126366, 0.10676847398281097, -0.038744546473026276, 0.07271868735551834, -0.07856185734272003, 0.034771304577589035, -0.017889024689793587, 0.0671384260058403, -0.057259783148765564, 0.02758636884391308, 0.05979388579726219, -0.0498022623360157, -0.0597548671066761, 0.07973980903625488, -0.0066716838628053665, 0.012791616842150688, 0.03196486830711365, -0.0576927550137043, 0.010628635063767433, -0.07467453181743622, -0.026130765676498413, 0.054833248257637024, -0.0024677361361682415, -0.11952018737792969, 0.027166960760951042, -0.007932484149932861, 0.006788908503949642, -0.021976269781589508, -0.07696032524108887]",,"['cd74b53d4fec7304362a283b288d80a03486293ec9000ae359279a67d9a351d7', 'a9452907c0540ffcd8fdb2ba6cb68c8ca35adb7b650287b925d80b13bfb7175e', '513225570371fa0bfe3c446b0ba9d717a5f6516c842d15057756b97794d40e44', 'faaf4ef671f25e6c2dfefc314ebe125f96e7155ddcb5c670d3f3f54dcca9d847']",1548196606316
778,18a5b189beda6098a7501febcaa839e11a4134ad2996d76e0879c3c1ef2d9723,"[-0.1666417419910431, 0.14383411407470703, -0.22439150512218475, -0.005212821066379547, 0.07133258879184723, -0.22349879145622253, -0.07039007544517517, 0.12913505733013153, -0.11939923465251923, 0.012025228701531887, -0.05338123068213463, -0.08376918733119965, -0.04717522859573364, -0.07770826667547226, -0.04584714397788048, 0.11530793458223343, -0.09170474112033844, 0.10548396408557892, 0.014460928738117218, -0.023984353989362717, -0.04864779859781265, -0.002967413514852524, 0.07203714549541473, -0.024533500894904137, 0.06738178431987762, 0.018276438117027283, -0.014074894599616528, 0.022364750504493713, -0.02796439826488495, 0.015268193557858467, 0.04368172958493233, 0.08303605020046234, -0.061856709420681, -0.0912119448184967, 0.08841700106859207, 0.06572165340185165, 0.003826746717095375, 0.01513645425438881, -0.05573796480894089, 0.040393926203250885, -0.027101894840598106, 0.04970959573984146, 0.02402609959244728, 0.03787512332201004, -0.03626105934381485, 0.1663123071193695, -0.016189323738217354, 0.0041811177507042885, 0.002325400710105896, -0.02301938831806183]",,"['a6b8f80a20833be918386fa6312b90db8e7af09f5e05ecd53a40a5e8b049533c', '07efd16156c1d8baf1501a21a749c2b6f5e93aad783280035bb13a43199a09fa', '9705dadb34f632b7ee4bf2cd41a8b2f48adb79759d83f996568ff0b522118d36', 'bc35a0c8dbf94ffcec0e0c1d6f72e195f909e9ac7c2c04601a9aacbcea3444ef', 'f4e1d8b5a89dce1ac509ab857755cb3dbe3b7f5aa26d4003ad6a7aa9cd29afa2']",1547781016474
779,18a5b189beda6098a7501febcaa839e11a4134ad2996d76e0879c3c1ef2d9723,"[-0.1666417419910431, 0.14383411407470703, -0.22439150512218475, -0.005212821066379547, 0.07133258879184723, -0.22349879145622253, -0.07039007544517517, 0.12913505733013153, -0.11939923465251923, 0.012025228701531887, -0.05338123068213463, -0.08376918733119965, -0.04717522859573364, -0.07770826667547226, -0.04584714397788048, 0.11530793458223343, -0.09170474112033844, 0.10548396408557892, 0.014460928738117218, -0.023984353989362717, -0.04864779859781265, -0.002967413514852524, 0.07203714549541473, -0.024533500894904137, 0.06738178431987762, 0.018276438117027283, -0.014074894599616528, 0.022364750504493713, -0.02796439826488495, 0.015268193557858467, 0.04368172958493233, 0.08303605020046234, -0.061856709420681, -0.0912119448184967, 0.08841700106859207, 0.06572165340185165, 0.003826746717095375, 0.01513645425438881, -0.05573796480894089, 0.040393926203250885, -0.027101894840598106, 0.04970959573984146, 0.02402609959244728, 0.03787512332201004, -0.03626105934381485, 0.1663123071193695, -0.016189323738217354, 0.0041811177507042885, 0.002325400710105896, -0.02301938831806183]",,"['a6b8f80a20833be918386fa6312b90db8e7af09f5e05ecd53a40a5e8b049533c', '07efd16156c1d8baf1501a21a749c2b6f5e93aad783280035bb13a43199a09fa', '9705dadb34f632b7ee4bf2cd41a8b2f48adb79759d83f996568ff0b522118d36', 'bc35a0c8dbf94ffcec0e0c1d6f72e195f909e9ac7c2c04601a9aacbcea3444ef', 'f4e1d8b5a89dce1ac509ab857755cb3dbe3b7f5aa26d4003ad6a7aa9cd29afa2']",1547781016474
780,8e7af0dd8f550dff33f9103bf4b4d25332247c61de064677e74130f820280f11,"[0.005941078998148441, -0.2620376646518707, 0.10023073852062225, -0.004019809886813164, 0.06925275176763535, -0.03933336213231087, 0.0580061674118042, -0.0118400938808918, -0.023526998236775398, 0.17880100011825562, 0.017644129693508148, -0.04363756999373436, 0.058480918407440186, -0.02240653522312641, -0.039393361657857895, 0.041620947420597076, 0.109733946621418, -0.07680988311767578, 0.07529541850090027, -0.06963565945625305, 0.0276035089045763, -0.08234746754169464, -0.025738336145877838, 0.05362075939774513, -0.0558425635099411, -0.07203949987888336, 0.10280653089284897, -0.06254018843173981, 0.09944038093090057, 0.006688590627163649, 0.06641428172588348, -0.0863075852394104, -0.07342293858528137, 0.09987571090459824, -0.035636648535728455, -0.041142985224723816, -0.0589241087436676, 0.06452242285013199, -0.015116018243134022, 0.033589769154787064, -0.037396617233753204, -0.02765871025621891, -0.0031729801557958126, -0.06880567967891693, 0.10682158172130585, 0.022283541038632393, 0.0016367603093385696, -0.03771694749593735, -0.008409515023231506, -0.04981891065835953]","['62cfc648ae6c9a480e7fc565cea28fb3e13d029b36e117772c239de5c6250329', '62cfc648ae6c9a480e7fc565cea28fb3e13d029b36e117772c239de5c6250329', '62cfc648ae6c9a480e7fc565cea28fb3e13d029b36e117772c239de5c6250329']","['57d3109143f8518172f3b5ee7bacaaadd32a8d5f9955d3ac3d99260d0a43fc04', '92a6b8554789f948e6b90d51fac861ecd5282d4d57a3fac5b489e04299da25b1', '5b33f638c1abf9043e38df92286eab1f139422789924a1dfb4591ccbcdaff298', '4ef87961353b8e3082da2101e516941ee56b23af933862fa0a919f55169b375d', 'eaaff761cddc85982e6dce72a08830486767264a1216011cf6a355a65ef662c4', 'fa14d48912c39e2c04c0f9eaf8194267006a7bdcd3d3620c1ad53a29e5126710', '040998a67f386a3bb027ffc119b37049eb0a0c691ac902d45711308bc65747e5', '71b59506f31c9ebb114a97e84713ba3efa5a7cc903b407e55831f602c8169bed', 'c9a5cc7413e37a273367310296265039a9d0ef871d26063b67f70e2cd6513233', '980e0692457d87c23b762708ae81618e6307f7b511c03306b3dde61de122c298', '1f7408abd0d5f806f573303b8fc02c0100376eb3d6a80d59c6db150b222f17d9', '33c1131dd959ba5bdd923b7f212c980b486329092da3a5a287153671f35bb76e', '936f35cfc7d09816720fbf11e06df084bb8c7f4c7e76d425a9bb7e64b7aa227d', '2330674280a0da76a47a8beafdc88c9017016bf7aef1eedd2659333ad7b2fa93', '1d71e77ec1f94ebcf16afcf94290d9602bab3e1115b139b41cf9a74046bcd8c2', '7660cd9bcec58f6192a9e3722ec622f844faa74680b2dbc383890c2b0eca1c7e', '4dc0c4c2cb830d9c45cf42cb19eb4360d948090d96d8fea21a057555bb81e591', 'afe02a1391c5899e17b30f5c7001de2a984205c9a062b484f1f5d9b4eea984cd', '8b8228722bbe9ecfeed4c40d8e00e09a7446bca70da8197fc959c303fec6d396', '54b8b1db17c257f1f228b398ad9f144107e2ef19e2ebc5f28732e90c30197c1e', '8d29e63419d94725d76aecc8e747072243cd92dac7abded4684ba9c0e8a40ce5', '064e50effc1299a7f52839a2a480951d4edcb5837278eea115246d18d3426ee7', 'd932294860198570519f0dc0d2ead1b49d85b276d9268138a416bc8c619826f6', '063003c3b49793da9582bd98763896e5655e99f061e9e9434b8470993fb719b5', 'fc2db2cb800f2e76891afba34cd6b103741c3bd6bf87cf5f4e88d58aa80e4b21']",1548255906108
781,5fd9d3b79abe457d28dac04a71fdcfcfe841628b3e2c6f587c43f51a060ff7a8,"[-0.0214557945728302, -0.22502976655960083, 0.14025866985321045, 0.03934818133711815, -0.01940818317234516, -0.05670330673456192, 0.036250852048397064, -0.014568580314517021, 0.00554534699767828, -0.015560727566480637, 0.016703426837921143, -0.08682534098625183, -0.01647840440273285, -0.05304435268044472, 0.013084430247545242, -0.010337162762880325, 0.026921551674604416, 0.050114959478378296, 0.10031208395957947, -0.046908434480428696, 0.005134834907948971, 0.025691362097859383, 0.08380277454853058, -0.024634182453155518, -0.06737355142831802, 0.04171878099441528, -0.01862448826432228, 0.005313124507665634, -0.02689301408827305, -0.03130491077899933, -0.012860381975769997, 0.021884793415665627, -0.03316111862659454, 0.04098100960254669, 0.03394962474703789, 0.0006549349054694176, 0.009395213797688484, 0.011097948998212814, -0.005878849886357784, 0.016388332471251488, 0.021201569586992264, -0.03929523751139641, -0.02457774057984352, -0.028681298717856407, -0.0008882880210876465, 0.021825138479471207, 0.014825521968305111, -0.021561533212661743, 0.02955327183008194, 0.03074946068227291]",,"['3ab607f103189522f79e6cc22776ae0c586401e4d97471652a416356f1427243', 'd37719fa6c4601d63e3a99fa0110bb60657128940845faafb54bb483692904c2', 'b752f1f84fba874512155ae0a7bd9b5b1f847136777dec5a62db2470779cd0af', '5ca2c73c3cf3d548a09d3e395bfe9bcc3a7046897a062c99040ba92b7f7eb3d3', 'ebdfe74c7c34ed0817afbc1c4220cae5c6f0a6ba01b0b95586aa414eec3d1fb3', '8c78325d2f7c8eaeca197170141eb2d90fc6e9c066346ecbe3a3cb6ef091d2af', '7fb2b17405d2aa6c5b1486453ad24c6370896d6a2714c5b401566b77063d680f', '0100735eddb7f8df2581b162e8cab1fd168e44aa733386675f45b7d0445a31d3', '9536a5cd80c1bdcd9a4e682eb366c638877ac27d42ccce269a8624a85992e0f3', 'c986474a3298245598fbb49e08e715ae1abe883fa857f5028fc5d3a9ec6ad52c', '66e93b812280e1a6f5ec59f9e43e324403fdec3600dd7b72f48a29592091c3ca', 'c40ccec804deb5828cec2e45698b8fccc040bdd49cc334b403bd4f8c40ef63ae', '757cd6797a02275160dd581ab4d779aedc532651dce70be3e73bfaa1467764e3', '02ae8a35abad9b95fd5f31fc15c393b64e51948b1302a10d26a2eb79975b1348', 'cefe800b02335d8d24bcd526617e7fc06f3e8926b90de36577310d30b1711722']",1547917288805
782,5fd9d3b79abe457d28dac04a71fdcfcfe841628b3e2c6f587c43f51a060ff7a8,"[-0.1235954761505127, -0.06409036368131638, 0.03832704573869705, -0.12422220408916473, -0.05016747862100601, -0.08100318163633347, 0.0057395584881305695, -0.045405641198158264, -0.04868548363447189, 0.07850372791290283, 0.023535482585430145, -0.04942655563354492, 0.02075645700097084, -0.027382787317037582, -0.021377764642238617, 0.05993993952870369, 0.10490258783102036, -0.028863433748483658, 0.050393927842378616, -0.05467769876122475, 0.05194532871246338, -0.0458502396941185, -0.0059462981298565865, 0.0037965779192745686, -0.08386027812957764, -0.015936996787786484, 0.047797396779060364, -0.08290062099695206, 0.009695728309452534, -0.027750123292207718, 0.04277826100587845, -0.04847429320216179, -0.05698463320732117, 0.07460933923721313, -0.02693387120962143, -0.0292033888399601, -0.04643026739358902, 0.04746994003653526, -0.0029440224170684814, 0.04215570166707039, -0.018622485920786858, -0.041138965636491776, -0.041177183389663696, -0.05752011388540268, 0.08903847634792328, 0.02984829992055893, 0.006119314581155777, -0.06619024276733398, 0.0007599522359669209, -0.020791558548808098]",,"['b752f1f84fba874512155ae0a7bd9b5b1f847136777dec5a62db2470779cd0af', '5ca2c73c3cf3d548a09d3e395bfe9bcc3a7046897a062c99040ba92b7f7eb3d3', 'ebdfe74c7c34ed0817afbc1c4220cae5c6f0a6ba01b0b95586aa414eec3d1fb3', '3ab607f103189522f79e6cc22776ae0c586401e4d97471652a416356f1427243', '8c78325d2f7c8eaeca197170141eb2d90fc6e9c066346ecbe3a3cb6ef091d2af', 'c986474a3298245598fbb49e08e715ae1abe883fa857f5028fc5d3a9ec6ad52c', '66e93b812280e1a6f5ec59f9e43e324403fdec3600dd7b72f48a29592091c3ca', 'c40ccec804deb5828cec2e45698b8fccc040bdd49cc334b403bd4f8c40ef63ae', '757cd6797a02275160dd581ab4d779aedc532651dce70be3e73bfaa1467764e3', '7fb2b17405d2aa6c5b1486453ad24c6370896d6a2714c5b401566b77063d680f', 'd37719fa6c4601d63e3a99fa0110bb60657128940845faafb54bb483692904c2', '0100735eddb7f8df2581b162e8cab1fd168e44aa733386675f45b7d0445a31d3', '9536a5cd80c1bdcd9a4e682eb366c638877ac27d42ccce269a8624a85992e0f3', 'cefe800b02335d8d24bcd526617e7fc06f3e8926b90de36577310d30b1711722', '02ae8a35abad9b95fd5f31fc15c393b64e51948b1302a10d26a2eb79975b1348', 'd2f8d69b32c4a4472564a149f23ddcf05c27f18f8d0f730b81f3aa1eee7a71cf', '31837d9e714a53295b49366f4fe62fba609f5d1d1a9b69f0a68e2b498a2e2dc6', '12cc39bf413861fdb652e491b321c03d43d59c1ab757aa4dcd5088b15f16947e', '3e57eac20cd8336971011a046897c7c1e29891667aa8eb4b4f9a1d5196e224cf', 'aee756dd37138b2b220233459f3d51779d8ff4e87ab0949f0c7ea9e8793359a1', '04ad013c64e8dfcd45d0ba8d42419bd0d9d690b28f0b9fb883f0d0fc3e683f02', '552376f5694895b3891fb7bcceea5940b664bf5080059f6ee9554bc8b22fffbf', 'd9f0937f327a30f83cc1d8256c9a0592412d30a58a0a75ec6e455d5394f892b7', '79fa1010ed2abd42286f7e1c3468d37a4c3602bfea1b0e3d54e2b8f02bd056bc', '30ea460fab82b2a5640bcfaebac74fcc06cbc743c90aba10f94c401d11e26945']",1547917325143
783,5fd9d3b79abe457d28dac04a71fdcfcfe841628b3e2c6f587c43f51a060ff7a8,"[-0.028404291719198227, -0.16679486632347107, 0.049902256578207016, -0.011848220601677895, 0.0707000195980072, -0.03653930500149727, 0.04359004646539688, -0.021352387964725494, -0.02427956648170948, 0.10837338864803314, 0.04111838340759277, -0.07855019718408585, 0.019135894253849983, -0.016709908843040466, -0.024392589926719666, 0.0257253497838974, 0.0730600655078888, -0.034744538366794586, 0.054055847227573395, -0.07660792022943497, 0.030031904578208923, -0.06305109709501266, -0.030632399022579193, 0.04229231923818588, -0.0423436164855957, -0.05966591089963913, 0.0659673810005188, -0.04875020310282707, 0.06823346018791199, 0.01977366767823696, 0.09417863935232162, -0.10746899247169495, -0.031396280974149704, 0.0788285955786705, -0.04207310825586319, -0.016196899116039276, -0.05043654143810272, 0.03466437757015228, -0.01902298629283905, 0.019543703645467758, -0.02468804456293583, -0.0014557447284460068, -0.02818271331489086, -0.04552365839481354, 0.10050110518932343, 0.05030736327171326, 0.0012790784239768982, -0.05472499132156372, -0.009593314491212368, -0.08679264038801193]","['040998a67f386a3bb027ffc119b37049eb0a0c691ac902d45711308bc65747e5', '040998a67f386a3bb027ffc119b37049eb0a0c691ac902d45711308bc65747e5']","['d2f8d69b32c4a4472564a149f23ddcf05c27f18f8d0f730b81f3aa1eee7a71cf', '31837d9e714a53295b49366f4fe62fba609f5d1d1a9b69f0a68e2b498a2e2dc6', '12cc39bf413861fdb652e491b321c03d43d59c1ab757aa4dcd5088b15f16947e', '3e57eac20cd8336971011a046897c7c1e29891667aa8eb4b4f9a1d5196e224cf', 'aee756dd37138b2b220233459f3d51779d8ff4e87ab0949f0c7ea9e8793359a1', '04ad013c64e8dfcd45d0ba8d42419bd0d9d690b28f0b9fb883f0d0fc3e683f02', '552376f5694895b3891fb7bcceea5940b664bf5080059f6ee9554bc8b22fffbf', 'd9f0937f327a30f83cc1d8256c9a0592412d30a58a0a75ec6e455d5394f892b7', '79fa1010ed2abd42286f7e1c3468d37a4c3602bfea1b0e3d54e2b8f02bd056bc', '30ea460fab82b2a5640bcfaebac74fcc06cbc743c90aba10f94c401d11e26945', '743e427433919744535912b1cadea2b3c39c48dc34baf20211f331d38365f2f0', '297ce647ca5ac26f09a99c5ad177d7a76422d43766a378e89bfc2f85f1c745ef', '519e61cc81fb3fed4e60a7868ba7c77b8d55e7c7694c7533561ed5563e08ea04', '0fa4cb28dbca2813ee04630e9d1e38b414a90370cfc9dcc379ad78139756bcdd', '25eda5fef95f3cabd9a98a6c6f383337fcc34095f356e1c8fb790cd4951d2bee', 'd209d52f4854e63f05fac93fc1108755adc9ce0cbdfaf192334cb28ad6e11cbb', '064e50effc1299a7f52839a2a480951d4edcb5837278eea115246d18d3426ee7', '9b86afbb654510211ed0a79dbc76d373574e4d9fe3bfd19e3a9e441b581eeb5b', '063003c3b49793da9582bd98763896e5655e99f061e9e9434b8470993fb719b5', '17fd7d91f5bae9886d6a2fdcb506d2cdd1292ed5f9448fd567728180b73b2fab', '9dc0e2cdad9564a97ff0ad2d38ee8014a7774b0f94fe34558571095062de604b', 'fc2db2cb800f2e76891afba34cd6b103741c3bd6bf87cf5f4e88d58aa80e4b21', '868d5c461b0fd33c32e0c560984fb22dec18ce51b6e3d9a48a91171e6fc4fc96', '297294fa486d8cfc38bc54646ff6d2af011c1b43e72050a91c37607a46a59180', '2f7d9e0432cd4a295c2912568dc2eceaac7fa89d5dff05ba820f06758569ac01']",1547917334975
784,39a9896ac04aa1ba33180729dd0618ec2498b15af74f874e9d14ac5c15bc6e95,"[-0.006679650396108627, -0.29509323835372925, 0.09992492944002151, 0.020224954932928085, 0.006363364867866039, -0.03366732597351074, -0.006655692122876644, 0.03979504108428955, 0.027697546407580376, 0.0980486273765564, 0.004853858612477779, -0.10315649211406708, -0.027606621384620667, -0.017171736806631088, 0.021826963871717453, 0.04600001871585846, 0.08620301634073257, -0.0027318273205310106, 0.05134992673993111, -0.03111419826745987, -0.03462016582489014, 0.02138766273856163, -0.05650199577212334, 0.027262136340141296, -0.03129260241985321, -0.00969089288264513, -0.012058248743414879, 0.0385458767414093, 0.10149781405925751, -0.02548198029398918, 0.04200875759124756, -0.016857944428920746, -0.03620988130569458, 0.01621915213763714, 0.03945659101009369, 0.012187250889837742, -0.013591811060905457, -0.003085286356508732, -0.0013081838842481375, 0.0040531158447265625, 0.017227400094270706, -0.024464301764965057, 0.039780113846063614, -0.020072396844625473, 0.006475924979895353, 0.04643188789486885, 0.0018038152484223247, -0.008488180115818977, -0.02057436853647232, -0.010176396928727627]",,,1547758665969
785,39a9896ac04aa1ba33180729dd0618ec2498b15af74f874e9d14ac5c15bc6e95,"[-0.006679650396108627, -0.29509323835372925, 0.09992492944002151, 0.020224954932928085, 0.006363364867866039, -0.03366732597351074, -0.006655692122876644, 0.03979504108428955, 0.027697546407580376, 0.0980486273765564, 0.004853858612477779, -0.10315649211406708, -0.027606621384620667, -0.017171736806631088, 0.021826963871717453, 0.04600001871585846, 0.08620301634073257, -0.0027318273205310106, 0.05134992673993111, -0.03111419826745987, -0.03462016582489014, 0.02138766273856163, -0.05650199577212334, 0.027262136340141296, -0.03129260241985321, -0.00969089288264513, -0.012058248743414879, 0.0385458767414093, 0.10149781405925751, -0.02548198029398918, 0.04200875759124756, -0.016857944428920746, -0.03620988130569458, 0.01621915213763714, 0.03945659101009369, 0.012187250889837742, -0.013591811060905457, -0.003085286356508732, -0.0013081838842481375, 0.0040531158447265625, 0.017227400094270706, -0.024464301764965057, 0.039780113846063614, -0.020072396844625473, 0.006475924979895353, 0.04643188789486885, 0.0018038152484223247, -0.008488180115818977, -0.02057436853647232, -0.010176396928727627]",,,1547758665969
786,39a9896ac04aa1ba33180729dd0618ec2498b15af74f874e9d14ac5c15bc6e95,"[0.00867827795445919, -0.3432416021823883, 0.12477976083755493, 0.06864017248153687, 0.012026374228298664, -0.025825437158346176, -0.10025924444198608, -0.05687165632843971, 0.02833334542810917, -0.025876933708786964, -0.039943329989910126, -0.14217638969421387, 0.10904090851545334, -0.03061777725815773, 0.016809683293104172, -0.012132436037063599, -0.042733628302812576, -0.017311668023467064, 0.15037471055984497, 0.010804698802530766, 0.006617031060159206, 0.035349756479263306, 0.0496356301009655, 0.026933293789625168, -0.030925976112484932, -0.015955405309796333, -0.06374063342809677, 0.07045137137174606, 0.01739095151424408, 0.018922584131360054, -0.03605861961841583, 0.022421635687351227, -0.03504455089569092, 0.04762573540210724, 0.0627073347568512, 0.07904240489006042, -0.0016796095296740532, -0.023596616461873055, -0.03556004539132118, 0.010699091479182243, -0.03782730549573898, -0.03717687353491783, -0.03710610046982765, -0.0946383848786354, -0.015803657472133636, -0.019107192754745483, 0.04969441890716553, -0.002556789666414261, -0.033919092267751694, 0.05938597023487091]",,,1547758764450
787,39a9896ac04aa1ba33180729dd0618ec2498b15af74f874e9d14ac5c15bc6e95,"[0.00867827795445919, -0.3432416021823883, 0.12477976083755493, 0.06864017248153687, 0.012026374228298664, -0.025825437158346176, -0.10025924444198608, -0.05687165632843971, 0.02833334542810917, -0.025876933708786964, -0.039943329989910126, -0.14217638969421387, 0.10904090851545334, -0.03061777725815773, 0.016809683293104172, -0.012132436037063599, -0.042733628302812576, -0.017311668023467064, 0.15037471055984497, 0.010804698802530766, 0.006617031060159206, 0.035349756479263306, 0.0496356301009655, 0.026933293789625168, -0.030925976112484932, -0.015955405309796333, -0.06374063342809677, 0.07045137137174606, 0.01739095151424408, 0.018922584131360054, -0.03605861961841583, 0.022421635687351227, -0.03504455089569092, 0.04762573540210724, 0.0627073347568512, 0.07904240489006042, -0.0016796095296740532, -0.023596616461873055, -0.03556004539132118, 0.010699091479182243, -0.03782730549573898, -0.03717687353491783, -0.03710610046982765, -0.0946383848786354, -0.015803657472133636, -0.019107192754745483, 0.04969441890716553, -0.002556789666414261, -0.033919092267751694, 0.05938597023487091]",,,1547758764450
788,39a9896ac04aa1ba33180729dd0618ec2498b15af74f874e9d14ac5c15bc6e95,"[-0.0697324275970459, -0.2579555809497833, 0.15096716582775116, -0.04339369386434555, -0.1656818687915802, -0.09494143724441528, 0.01842758245766163, 0.012226765975356102, 0.026615997776389122, 0.15835295617580414, -0.020351741462945938, -0.11080294847488403, 0.05524584650993347, -0.02879999205470085, 0.007282134145498276, -0.014620592817664146, -0.09904293715953827, -0.037704937160015106, -0.013515433296561241, 0.05085914209485054, -0.09269285202026367, -0.04019434005022049, 0.010458745993673801, 0.041673801839351654, 0.07785947620868683, -0.03482223302125931, 0.048417579382658005, 0.02795606106519699, 0.021774452179670334, 0.0707612857222557, 0.09778600186109543, -0.09317322075366974, -0.05732324346899986, -0.009412266314029694, 0.0005118362605571747, 0.028874589130282402, -0.015763387084007263, -0.06410236656665802, -0.019414441660046577, -0.04510410502552986, -0.00883057527244091, 0.15640893578529358, 0.010248531587421894, -0.011412937194108963, 0.13317108154296875, -0.007094250060617924, 0.0034107621759176254, -0.05061788111925125, 0.023433811962604523, 0.023736650124192238]",,,1547758881879
789,39a9896ac04aa1ba33180729dd0618ec2498b15af74f874e9d14ac5c15bc6e95,"[-0.0697324275970459, -0.2579555809497833, 0.15096716582775116, -0.04339369386434555, -0.1656818687915802, -0.09494143724441528, 0.01842758245766163, 0.012226765975356102, 0.026615997776389122, 0.15835295617580414, -0.020351741462945938, -0.11080294847488403, 0.05524584650993347, -0.02879999205470085, 0.007282134145498276, -0.014620592817664146, -0.09904293715953827, -0.037704937160015106, -0.013515433296561241, 0.05085914209485054, -0.09269285202026367, -0.04019434005022049, 0.010458745993673801, 0.041673801839351654, 0.07785947620868683, -0.03482223302125931, 0.048417579382658005, 0.02795606106519699, 0.021774452179670334, 0.0707612857222557, 0.09778600186109543, -0.09317322075366974, -0.05732324346899986, -0.009412266314029694, 0.0005118362605571747, 0.028874589130282402, -0.015763387084007263, -0.06410236656665802, -0.019414441660046577, -0.04510410502552986, -0.00883057527244091, 0.15640893578529358, 0.010248531587421894, -0.011412937194108963, 0.13317108154296875, -0.007094250060617924, 0.0034107621759176254, -0.05061788111925125, 0.023433811962604523, 0.023736650124192238]",,,1547758881879
790,39a9896ac04aa1ba33180729dd0618ec2498b15af74f874e9d14ac5c15bc6e95,"[0.026098012924194336, -0.3031986355781555, 0.09292967617511749, 0.08955967426300049, 0.10280045866966248, 0.03173308074474335, 0.05291472375392914, -0.04315459728240967, -0.03199028596282005, 0.04097839444875717, -0.029420949518680573, -0.0032593971118330956, 0.023614469915628433, -0.03769371286034584, -0.03460986912250519, -0.0075011178851127625, -0.016049569472670555, 0.005766639485955238, -0.009058399125933647, 0.02628970518708229, -0.023242168128490448, -0.020146777853369713, 0.054488182067871094, 0.003702981397509575, 0.0493641123175621, -0.05269864946603775, 0.04306437820196152, -0.026612650603055954, 0.023807642981410027, 0.02086837962269783, 0.013013236224651337, -0.025239024311304092, -0.055055975914001465, -0.0009228214621543884, -0.01243057381361723, -0.047115907073020935, 0.028051692992448807, -0.02296086959540844, 0.009705716744065285, -0.027816517278552055, 0.026801738888025284, 0.033749498426914215, -0.019041823223233223, 0.033983562141656876, 0.016119707375764847, -0.03768264129757881, -0.003001087810844183, -0.0012711083982139826, -0.01042724959552288, 0.034468621015548706]",,"['6fd666c8ebe501fc26612f8fcf2ddbff95ef6ad738bde09fc769a927da3e8229', '58264a0afa1cbf7f2ad19fd26daea5bf725f808bfb7ccbe17b4586695c63e88e', 'a06cd7690981af9b40d57c294af2244ce5d0ebfd1418f0924c70e1c6f46e6a46', 'c202f92d705b16fb3da9589058c9de937db0ddb5718595b1e24608626db472dd', 'c919ec1ffbb098433da2a4408bbc4d71b17383f4659afb4ab562c5ad22f1b9fe', '4cc78dc067410111f53dcdd0ec0eb69cc4fc6eab71e6ee10e28607effb83f85b', 'eba6dfb89e407698d5963c37e92be64f3be4035ad5493377317b822991620b5a', '96c81e328ef9b24e1746fe03a25198d959dcf861ae7fe699e0fe253a763aaefd', '92fb3968a76f1921b7997bd4eaf6cf423dbbfeb2d3c238cc17636d74db606e04', 'f1ea02f6b8108a72a4f1768e975c926b7005cf177b85faa0ba661fe8e840726c', '15c7020d0c02861fe18ae929fa50264eca32d4bab3f72dcd4444a5b2dd004f1c', '3bb863a8b1be98ec8a33a1bf888a2f4cf494c419ccded28f980705ea27f4a2f1', '3ac8a7924914392bae0ed45e70b74af4ef2ca16939944f4e3c2b3257c74f7b76', 'fdbc628253eba202aa4c521c50989ec4420231f2a690211cff65c0f0e3b8b718', '335401c971fd3903a29444bd8b0b3d45ad6a96e5824cae20829e98f4862c2544', 'a72926e27ba3e31a45b5226d1887395ef57eeef226afa014f492f8757b716e47', 'ca47e179ae4f14faa5f7820d899e1757c9ef801708eed2ac8087631cedc880b5', '0aa3265ad970ca03afe7afd0e202d08c3b6a4ca7c947196d732f36b6eafa9bda', '3eb88747ea8a5b94dbffe21c13e8e84477217f256bfda8642d2ebd5789935dba', '50ef87be1c877d0335f1dcaf5a9a512418895999279e60a58aead4fcdb143ed9', 'a21099bb1a541252de817182124c95a26b9e62531839095e2fd17071bc635aca', '97b744598de5fa4821f737adbe692d564fcd5927b2fc69771b20b2140d9329bd', 'f7a0998538981a9e82305aa114deffa225c034b353e062c7aa9bec33cae3cb4f', '2daeb7524367520ed827d07df3517df6b031655a7167d8b37d46e499e8d72a4f', '61e2803eb0b3aa4feff2e0dcf37508a73beb3d87254381b9c3e7f6131e0fa2b1']",1547758925079
791,39a9896ac04aa1ba33180729dd0618ec2498b15af74f874e9d14ac5c15bc6e95,"[0.026098012924194336, -0.3031986355781555, 0.09292967617511749, 0.08955967426300049, 0.10280045866966248, 0.03173308074474335, 0.05291472375392914, -0.04315459728240967, -0.03199028596282005, 0.04097839444875717, -0.029420949518680573, -0.0032593971118330956, 0.023614469915628433, -0.03769371286034584, -0.03460986912250519, -0.0075011178851127625, -0.016049569472670555, 0.005766639485955238, -0.009058399125933647, 0.02628970518708229, -0.023242168128490448, -0.020146777853369713, 0.054488182067871094, 0.003702981397509575, 0.0493641123175621, -0.05269864946603775, 0.04306437820196152, -0.026612650603055954, 0.023807642981410027, 0.02086837962269783, 0.013013236224651337, -0.025239024311304092, -0.055055975914001465, -0.0009228214621543884, -0.01243057381361723, -0.047115907073020935, 0.028051692992448807, -0.02296086959540844, 0.009705716744065285, -0.027816517278552055, 0.026801738888025284, 0.033749498426914215, -0.019041823223233223, 0.033983562141656876, 0.016119707375764847, -0.03768264129757881, -0.003001087810844183, -0.0012711083982139826, -0.01042724959552288, 0.034468621015548706]",,"['6fd666c8ebe501fc26612f8fcf2ddbff95ef6ad738bde09fc769a927da3e8229', '58264a0afa1cbf7f2ad19fd26daea5bf725f808bfb7ccbe17b4586695c63e88e', 'a06cd7690981af9b40d57c294af2244ce5d0ebfd1418f0924c70e1c6f46e6a46', 'c202f92d705b16fb3da9589058c9de937db0ddb5718595b1e24608626db472dd', 'c919ec1ffbb098433da2a4408bbc4d71b17383f4659afb4ab562c5ad22f1b9fe', '4cc78dc067410111f53dcdd0ec0eb69cc4fc6eab71e6ee10e28607effb83f85b', 'eba6dfb89e407698d5963c37e92be64f3be4035ad5493377317b822991620b5a', '96c81e328ef9b24e1746fe03a25198d959dcf861ae7fe699e0fe253a763aaefd', '92fb3968a76f1921b7997bd4eaf6cf423dbbfeb2d3c238cc17636d74db606e04', 'f1ea02f6b8108a72a4f1768e975c926b7005cf177b85faa0ba661fe8e840726c', '15c7020d0c02861fe18ae929fa50264eca32d4bab3f72dcd4444a5b2dd004f1c', '3bb863a8b1be98ec8a33a1bf888a2f4cf494c419ccded28f980705ea27f4a2f1', '3ac8a7924914392bae0ed45e70b74af4ef2ca16939944f4e3c2b3257c74f7b76', 'fdbc628253eba202aa4c521c50989ec4420231f2a690211cff65c0f0e3b8b718', '335401c971fd3903a29444bd8b0b3d45ad6a96e5824cae20829e98f4862c2544', 'a72926e27ba3e31a45b5226d1887395ef57eeef226afa014f492f8757b716e47', 'ca47e179ae4f14faa5f7820d899e1757c9ef801708eed2ac8087631cedc880b5', '0aa3265ad970ca03afe7afd0e202d08c3b6a4ca7c947196d732f36b6eafa9bda', '3eb88747ea8a5b94dbffe21c13e8e84477217f256bfda8642d2ebd5789935dba', '50ef87be1c877d0335f1dcaf5a9a512418895999279e60a58aead4fcdb143ed9', 'a21099bb1a541252de817182124c95a26b9e62531839095e2fd17071bc635aca', '97b744598de5fa4821f737adbe692d564fcd5927b2fc69771b20b2140d9329bd', 'f7a0998538981a9e82305aa114deffa225c034b353e062c7aa9bec33cae3cb4f', '2daeb7524367520ed827d07df3517df6b031655a7167d8b37d46e499e8d72a4f', '61e2803eb0b3aa4feff2e0dcf37508a73beb3d87254381b9c3e7f6131e0fa2b1']",1547758925079
792,5b855dce7d64cb5e19cd482d18779d449e9b64b1f463fe708aa0248f012c8b20,"[-0.08622061461210251, -0.09440799057483673, -0.013601189479231834, 0.022087547928094864, -0.07737335562705994, 0.07121865451335907, 0.05559973791241646, 0.07733244448900223, -0.050453685224056244, -0.12289287894964218, 0.019781235605478287, 0.01792047917842865, -0.04349641501903534, -0.04385713115334511, 0.022896870970726013, -0.01050559338182211, 0.0649850070476532, 0.12932147085666656, -0.01965160481631756, -0.027336927130818367, 0.114286407828331, 0.07224035263061523, -0.060963742434978485, -0.0946541279554367, -0.03147350251674652, 0.0609554797410965, -0.011405803263187408, 0.03673236817121506, -0.02284744381904602, -0.0671393871307373, 0.004450403153896332, -0.0775587260723114, 0.02925221249461174, 0.06877689063549042, 0.04067683964967728, -0.021311668679118156, 0.06517311185598373, 0.07731623202562332, 0.03649631887674332, -0.030576186254620552, 0.0031547890976071358, 0.10544043034315109, -0.024310722947120667, -0.010466521605849266, 0.001485118642449379, 0.04104561358690262, 0.05060853809118271, 0.0009941477328538895, 0.030657250434160233, 0.021577930077910423]",,"['0eb5906c21aba811868c8d5dba30bcc657e342980d147ad300541603a39dc6e3', '1b70745cc10381878d9180bd5a14e9159a91d77142fee3be14cae89a8ab203ab', 'f700c827be033e53fd24484cf2c3ff3827a0cbc7728dbe8378fc5dd65fcae8bd', '99a1d6814006ca06ad67ee5ea28509ff14cd0441c3918f3b9fcc208ff2f761fa', 'e6b171f959eb91bda5ad1e32acf2d6eaf12f9db23f86c2fbae0f73aa4d900b7b', '80f3b0a40fc78daf69b1905336a01faa9e435e40bb0fea81595f1fb6c4406538', '68287b0cff51334aa48889d017cedd21eff0ba1da9ad131477e69ec80ed20df8']",1547677527910
793,c0fccb8fd67d5c023c7790c31470c5e06976208d4a7ed2008c453f4bf4a4c9fd,"[-0.1191406100988388, -0.008779735304415226, -0.033572278916835785, -0.014286868274211884, 0.08580458164215088, 0.02987924963235855, 0.0289597287774086, -0.09134428203105927, -0.023078089579939842, -0.053223736584186554, 0.03510311245918274, 0.020124107599258423, -0.019272997975349426, -0.025438450276851654, -0.00993138924241066, 0.051168546080589294, 0.015944313257932663, 0.007101205177605152, 0.05718916654586792, -0.04739623889327049, 0.04218805208802223, -0.010234329849481583, -0.003739278996363282, -0.014731371775269508, 0.025448115542531013, 0.013756237924098969, 0.0031625013798475266, -0.03051360324025154, -0.0164977815002203, -0.007126744836568832, 0.005816241726279259, 0.022914307191967964, 0.01319464948028326, -0.00791257619857788, 0.013558918610215187, -0.0066315848380327225, -0.012760940939188004, -0.013859864324331284, -0.03725333511829376, -0.009534109383821487, -0.01313650980591774, -0.016958316788077354, -0.04663538187742233, -0.019145289435982704, 0.03567267954349518, -0.05904299393296242, -0.022411733865737915, -0.0016954513266682625, -0.03256048634648323, 0.016569707542657852]",,"['7aa6ecfa6de6a69199bb303571dee0a5c0771d9f094a3ce912fe0c1adf39a87a', 'e5a41552ebfc6916116e5535179eb111b1558ee75ec57817d91b1d7f64b66899', '393d5eae2af2a16af2eaf06d8a221450b03b6b9a5c655d580aa7be7a4a1cf608', '789f267d6d842d631d2ee1ea5647d7b397ea76d37096ad7a431dd906d1be84b1', '17145b5c3d03d60edfdc00cbd758ce7cecf7b83b8f8e9c7dccd0e6f5e3f31fe8', '16bda5f448b224d1e5db328616b49a389f19de1dc8e89682d5a5d5fcbcefcfc9', '9f55d787c48dcc69536c07cb41cf11b28bdd90cd3821562275b8cddb58717594', 'c00b57c46b187bf9fabcb4c4b81cbbd3b84755b6604a287e08e3cddf2bef662f', '1601c0ddc4e8c23b81b2a8ebbf1d5176220904890bdd7ad4a64a3c9ac744ed39', 'ee7ff9d022d9d412d71bae2d3c8a89fb583491eb51e954bc2d1b44bafcd5788f', 'fd0cff7e0ebe25eb60723fc130b95df0797d15de7b2a292e7a5c170e94bb03bf', '93e2c569e57fa73bc984b7afc42b40ca5fdadcf8ed165d8448a3cedaac1c6c50', '2dbe1e585443e8e73c67fea465f61ccf5d75c8987cd8a96592aa9c75fb979300', 'bd3cc27ad1ee2f35dc2d4d1c3facbc73142f1012321176277aab1cfad4cb8ef2', '216e2818f60860b7266560779618c2b2a7f853149d6ea075752cfafd5724a5e4', '3f59a2873911c610685cca35d61674215c6a737e53b794b07b997db980b1d3c9', '5072db122c331b71f26a829425c0e563c95c6186b3a79192e2ef7174cca3f511', 'deaeaf902ae1a8c631e0f5ca4e1a465ee33e3d50e1c56740283cd43c0d168d6d', 'e8bea25a831a4b89f0c50afc42b0c67647ad10ed5b24fcf34cb6d7fdbdd332d9', '8e9090353f3075e1c7dcb7de296bb6b178dd91331bd13216fcd578d03a564be1', '0a49fb40da6900a4bf6996e72526528849737519833db4fb0d37196f917bd864', 'fe4cae7ca34881fa480f20a1ffcc5c71faf4d236b0f94a69d52efc695a235fd9', 'f895c912e787beb9332c01f7628d0b15f59b24ddb0b65a07771105faf5d18efa', '421662511069bb2b4884eef8f30187cd88320796c01982dad85c6e0c741c728a', '4c32e6a0e666464cb22c2c49716630ec894f26e675461a0895c9d6501b678cd7']",1547740843867
794,c0fccb8fd67d5c023c7790c31470c5e06976208d4a7ed2008c453f4bf4a4c9fd,"[-0.10051605105400085, -0.04547234997153282, -0.0041947634890675545, 0.0012102816253900528, -0.017274651676416397, 0.006036326289176941, -0.010819926857948303, -0.03035319223999977, 0.015777703374624252, -0.020311731845140457, 0.06786853075027466, -0.03345848619937897, -0.03230720013380051, -0.03193441033363342, 0.017446085810661316, 0.04123837500810623, 0.03408287093043327, 0.040234267711639404, 0.08766716718673706, -0.10480239987373352, 0.023440677672624588, -6.43774401396513e-05, 0.04097408428788185, -0.010011948645114899, 0.012560900300741196, 0.027793340384960175, -0.00947658158838749, -0.022784186527132988, -0.004779070150107145, 0.010536659508943558, 0.011054321192204952, 0.027445055544376373, 0.010581028647720814, -0.002240557689219713, 0.04695511609315872, -0.01940087601542473, -0.005457176361232996, -0.010331030935049057, -0.02584291435778141, -0.010046802461147308, -0.013029389083385468, -0.022081227973103523, -0.052146658301353455, -0.02732677385210991, 0.0331738106906414, -0.055687159299850464, -0.018788790330290794, -0.016609204933047295, -0.014262772165238857, 0.014538326300680637]",,"['a36b1bedfdf133c4d3877fbf700bb7aef1ba67542563aea8bacf8ec74f6fe940', 'b9ce34af4d0f1b315feb96b083c9d56968f953d7de13f1d13fc5d5315eb4857a', '40b72b044c99da5240af7e83b3605fa6c6449a4ea6daedbe6d5ad1d98001e99c', 'c6f462fe6b457fcd5ba8f451adb86dcedfcb835a1b42f82a62eb21e3ac624a53', 'eef02cfbccbcce5c59a7cd7e4d27c7dda83ac286903c0f35ffc7cfa45a776474', 'f7ffb504d40b9cb07022f1a0f5bdb44bcaacbe1d8110e74e2c3aa657601074a7', '3c942b6b4ff23c0b03af15200bf15bb7bf7940a7c3b9b64e0a677886b89d3e4b', '7ca65fb9145cb56de96ee5fd5b08a1dfec70d61c0c88210edb6b30be9362e67d', '02ae8a35abad9b95fd5f31fc15c393b64e51948b1302a10d26a2eb79975b1348', '2d63efb713bb9ad10f6f8a69fce2abffc44037ac7f7b5bf2a30ec215715df22c', 'bd05a2d1fe45aa37702f14cdde733a5042c931f2f6d27b7000644218ba54dd70', 'a0dfe2b2591064654fa4f816e23cb763f1612fd6c8124372cc1aa7431d369437', '355c38716eef6d59a351a068260f947146d1fb94e7c129e07dee8fbbbc765f6a', '3fa8b9f3ef56770474ecae8c10f2bf043896e1741737f1f47f3b57e933038d02', '0ee5322ebbb25079716e6a871d8a0fd3cf413ff50be6386af3cc962629904e86', '4f1380bf0c966d6bbbe7d0f35e496066dfb71a201cf14b0d218e74f1be6f45ac', '990b4578fdd379ccd01213823919da7bda4702e336ed251b322c1fa9351f03e7', 'f49343191f0a1cdcf073cf0c43ac3f319fef9ef8ddf5864f7c05afd2751b0283', '3fef1fc6bbfff9e570e445d7da9015105f0121f44df337416e6ddd5e611f768b', '28e5e038fae07b39ed351bdb02566ae402e46df2ce5b37f253541d2b51757b67', '3b2d5be5200d46eebcf7c4553451c285877c881cea49b29ecf93822bfce27667', '2002b51c08ea49e8761f46f195bbd3f1513cdf5f133a826aa893accf88762a3a', '1cffa3979921fd7637f08fdcf97643ea030f097cd96ce1cbf8ac4244d6eb9b9b', '365ac804d3ae81df0af645c850c26db087465cf0aad076ce17c8a0291fc3f1f8', 'ba1a0c2e6c9a5d11a73701e2748eb6a739606dd03d4b1993867f0f19ef8240c8']",1547740910530
795,e0dd496163cbc7b395236fb59f2a1a37348b6b8fab4ab1f670917a702952d1e3,"[0.02338092215359211, 0.15153758227825165, -0.33586838841438293, 0.3683512806892395, -0.06486507505178452, 0.2472739815711975, 0.1379546821117401, 0.016244230791926384, 0.2720869183540344, 0.08751454949378967, -0.3107663094997406, -0.14650234580039978, 0.08547991514205933, -0.12443526089191437, -0.07484705001115799, -0.05022469162940979, 0.018794147297739983, -0.13261042535305023, -0.08505473285913467, -0.04555900767445564, -0.061619509011507034, 0.02420523203909397, -0.0389830656349659, -0.06955525279045105, -0.0076498426496982574, -0.07175348699092865, -0.11918962001800537, 0.050381679087877274, -0.020786957815289497, -0.16008684039115906, 0.03771521896123886, 0.04965111240744591, 0.021085374057292938, -0.026307500898838043, -0.028722018003463745, -0.042244963347911835, -0.0009049872751347721, -0.05221885070204735, -0.02530558593571186, 0.004302218556404114, -0.032610706984996796, -0.031258419156074524, -0.014362632296979427, -0.08843180537223816, 0.057256076484918594, -0.03353874012827873, -0.001667845994234085, -0.035883694887161255, -0.013946843333542347, -0.0598093643784523]",,"['8cd78c0476dc6835b0c824e89498d3060f38b925441e7184858f4c79e2dca864', 'aa8fe17953db2fd4b91cc468e43002fc6bab184165438e7ef371e020140334d8', '94cdc78a14e42db87170b20a278350a0332433f4ea0aa67d33edb53e29282d80', 'ee9b6912433c1b186248b937977108b01d4cc37cee4f68799f80f47503c0f175', '5523d524d6e1f50445cdc022e600e1575cb0c499b0a982da0309f5702ee7307b', 'ad3e11b11865f20a9bcc672698e01b3e961d4776229503db982a8620eada2324', '6a177fcc7e1b715d13a5b816caa5bda967fd0e5fcde310a1b687d2107f49267a', 'f6ef371793b54304532c04af4c594701c08d44e33821a54140f1574f9eff84f1', 'b858edec9c0787ea8db44124e4d2340bab047e78419de9e9c7b4b2d57c54bb67', '47a57f0b7cb7087d4afd25896f62638c9bc8d0a6f3c47f469f084de9e49e0625', '40902c1f32a2556d38d5814fbd611261393d8b988a006649cad1b3ff1eff9010', 'bbc889578011a7d1d60522e10e17be45bd378d1e98c932db5e380042f0d4aa45', '88bfec0ae5e475d88d7ae6b554665211b93294721552c206bbb56937e8877cbd', '4ba5d3688e88b36f10f5609155b9a7608cb6a0a0aa79452317d0be8a295dbcea', '59c2aaa15f27645427dd241a763d6a1c250437b3276594c371d63f8302a93e94', 'a0c6a90ea28acbbaffff5055e7dc6433a717e8e92b98c70fd7c9a21ea33eeb24', '883bb7b22734c1aa7a8aac87076c765e9326e4b7c873c4b1c54655945a9c5596', '9d4a3baa383102f7abf6f2431f515693ca77dfa3e01c788d6bbe894494e09591', '69400f8504996e747e76e530f198197e2e724dabc0296d7b8774bd4cdec44a31', '239d0ae74e62202861b1bc1dc006ec1fde8d8e18793fa453713eb447ede2740e', '1057794c454bcaf2bd6f3dea5c948bdfbe6785abce880984bf79296a7fbdfaba', '4718717536f96fa8e7f37b1e62d645a42cbd95536ea7f7e961320051da9a538f']",1547592526078
796,dd8915e276657684eb68749f7001c82abfcf685f1ac22f0d553d74a329fc9b07,"[0.12317651510238647, -0.21889345347881317, 0.018711086362600327, 0.13979406654834747, 0.27180910110473633, 0.031078513711690903, 0.09665975719690323, -0.12229840457439423, -0.024325942620635033, 0.1199188083410263, 0.03133676201105118, 0.043861452490091324, -0.04137249290943146, 0.06314359605312347, 0.029677288606762886, -0.00014662044122815132, 0.02880031429231167, 0.036766938865184784, 0.04588804766535759, -0.04793904721736908, -0.03401409089565277, 0.03794266656041145, 0.08180813491344452, -0.065971240401268, -0.04915350675582886, -0.003504999214783311, 0.05229032784700394, -0.09655766189098358, -0.029922205954790115, 0.04502548277378082, 0.05821250006556511, -0.0015969090163707733, -0.06559151411056519, 0.023598581552505493, 0.008074373006820679, 0.03236435353755951, -0.015813007950782776, 0.07913629710674286, 0.0872751772403717, -0.04834103584289551, -0.007427026517689228, 0.07588174939155579, 0.039988696575164795, -0.018326392397284508, -0.010185266844928265, -0.0009502137545496225, 0.026641231030225754, 0.016857080161571503, -0.03280593454837799, 0.01360257901251316]",,,1549664109159
797,37a6c65bf9ae4dd27f710982bdd7c88ca5fff55356e89c6613cb3c0b9e6b6b69,"[-0.18969634175300598, 0.02035975083708763, 0.13790197670459747, -0.0260707288980484, 0.02160608023405075, -0.10184523463249207, 0.050071246922016144, -0.03690331429243088, 0.33293616771698, 0.059470560401678085, 0.16599765419960022, 0.003062700852751732, 0.03695366159081459, 0.08682452142238617, 0.038954999297857285, -0.10624957829713821, -0.09650878608226776, -0.048448123037815094, -0.01343323290348053, 0.1221446841955185, -0.12835708260536194, 0.056425876915454865, -0.049857910722494125, 0.006806526333093643, -0.05394349992275238, 0.14625287055969238, -0.01339118741452694, 0.025673270225524902, 0.014974232763051987, -0.02035854384303093, -0.019851403310894966, -0.11730492860078812, -0.00810595229268074, -0.03624672442674637, -0.05976863205432892, -0.04209671542048454, 0.0702301412820816, 0.015964902937412262, -0.09314890205860138, 0.005726830568164587, -0.004821856040507555, 0.09115723520517349, 0.022142300382256508, -0.018962403759360313, -0.0463545098900795, -0.05667586252093315, 0.046243466436862946, -0.04581787437200546, 0.043022170662879944, 0.03189978748559952]",,"['d25b92b2e2b7dd9f1707d3b092432361ef5b05f629349fb7992a3843c5ac634f', 'c8a08e7b011f072a58e47061016d7e074bdb5431465a81353eb62bf94fa36743', '9a4139af5ac57b653f0ea535bee4e1b8f0da3d5f5ae44b8541e26123803c78b0', '114aad758ffb03e836706e66890f804afca18a0c34d39f6802502265dd82ed7b', '9765ecc1bd35f957a45ac80c956c08167d253453058da73c420c87d74eb5fb8f', '04b54bda0f98d11e4046ab63b2a1017008dd6ac5643f53487004a03f06efd253', '1a4f22a5c55c1dcaa054d4faa47abe030b15ecb2fdbc4cfe5ed49f21e432e4b0', '1f82077f8c1cd11b5ff1a58c5213dd472d4297d035038c13a54a585fc6b8a055', 'c71cda1557aaba888e325631318ff64e0d0ff453e88f6ac0c5d5d34cce4654af', 'f8cccfe16a9db3294e887a864378fd81defd87f3b8171ad620c03a1b45b740c4', 'a48e80211001ecdcd557393200488992fd548f7e19b0e8c74e066f70bf302756', '86ccbed9115c7f38cbaee36529b21308fe938a97d65958b813ef6a2271ef0349', 'd0701e28f6297b3b16c5acb3b631a446144b956e4a2657f0c9aa72733153963c', 'f3138537c60d5c74080417eabcc5891817e81e0ed557b588f8fd269ead50a7f8', '4e1a5709ac6a1cffc6d4b11e005aa63e0cbf2f64c9a2aaf90ab21dfb44a52247', '97930b6706dde6ac89ce336ecb4fcbd2b6742d9ec1c263aaacc2e669cb643317', 'cbf82d354a48ef9edc14cc6b7f51193d83b1f44e0b2774416e99b54246c6b2da', 'e56989a25d7a5df1ab0133d212e1b1730a2c9c1597b106e780ce111d25ed90de', '80413fea34ca67c6a77a0e33d9117f47fa720cfa84fa7708c376126114e96b7f', '71d835e5f8a5abcaa29adcf5eb084109174b0b767eac6e178d5ecb052fbbd29c', 'da7b62c4754123ef1ea71882c828648fa41885a23ab9ec1826cfafb7f1f7cf3e', '2057cd27ba8b1dec15d3733acbe4db6ae96f52872dd835b6d63e021e0f9a1b44', '348616dfd95daf8874cca69b0305face3119452db47ece091c02d363c7a7fe88', '892a18cf5d4e4f71671be2ca0c7f9c98770022a87edb4a09dcb01eebbd29f1c7', '5efd4c817059b11690185d58c7a9d9057bcd9e46c861ce1128689d43eb3accb3']",1548227420767
798,37a6c65bf9ae4dd27f710982bdd7c88ca5fff55356e89c6613cb3c0b9e6b6b69,"[-0.18969634175300598, 0.02035975083708763, 0.13790197670459747, -0.0260707288980484, 0.02160608023405075, -0.10184523463249207, 0.050071246922016144, -0.03690331429243088, 0.33293616771698, 0.059470560401678085, 0.16599765419960022, 0.003062700852751732, 0.03695366159081459, 0.08682452142238617, 0.038954999297857285, -0.10624957829713821, -0.09650878608226776, -0.048448123037815094, -0.01343323290348053, 0.1221446841955185, -0.12835708260536194, 0.056425876915454865, -0.049857910722494125, 0.006806526333093643, -0.05394349992275238, 0.14625287055969238, -0.01339118741452694, 0.025673270225524902, 0.014974232763051987, -0.02035854384303093, -0.019851403310894966, -0.11730492860078812, -0.00810595229268074, -0.03624672442674637, -0.05976863205432892, -0.04209671542048454, 0.0702301412820816, 0.015964902937412262, -0.09314890205860138, 0.005726830568164587, -0.004821856040507555, 0.09115723520517349, 0.022142300382256508, -0.018962403759360313, -0.0463545098900795, -0.05667586252093315, 0.046243466436862946, -0.04581787437200546, 0.043022170662879944, 0.03189978748559952]",,"['d25b92b2e2b7dd9f1707d3b092432361ef5b05f629349fb7992a3843c5ac634f', 'c8a08e7b011f072a58e47061016d7e074bdb5431465a81353eb62bf94fa36743', '9a4139af5ac57b653f0ea535bee4e1b8f0da3d5f5ae44b8541e26123803c78b0', '114aad758ffb03e836706e66890f804afca18a0c34d39f6802502265dd82ed7b', '9765ecc1bd35f957a45ac80c956c08167d253453058da73c420c87d74eb5fb8f', '04b54bda0f98d11e4046ab63b2a1017008dd6ac5643f53487004a03f06efd253', '1a4f22a5c55c1dcaa054d4faa47abe030b15ecb2fdbc4cfe5ed49f21e432e4b0', '1f82077f8c1cd11b5ff1a58c5213dd472d4297d035038c13a54a585fc6b8a055', 'c71cda1557aaba888e325631318ff64e0d0ff453e88f6ac0c5d5d34cce4654af', 'f8cccfe16a9db3294e887a864378fd81defd87f3b8171ad620c03a1b45b740c4', 'a48e80211001ecdcd557393200488992fd548f7e19b0e8c74e066f70bf302756', '86ccbed9115c7f38cbaee36529b21308fe938a97d65958b813ef6a2271ef0349', 'd0701e28f6297b3b16c5acb3b631a446144b956e4a2657f0c9aa72733153963c', 'f3138537c60d5c74080417eabcc5891817e81e0ed557b588f8fd269ead50a7f8', '4e1a5709ac6a1cffc6d4b11e005aa63e0cbf2f64c9a2aaf90ab21dfb44a52247', '97930b6706dde6ac89ce336ecb4fcbd2b6742d9ec1c263aaacc2e669cb643317', 'cbf82d354a48ef9edc14cc6b7f51193d83b1f44e0b2774416e99b54246c6b2da', 'e56989a25d7a5df1ab0133d212e1b1730a2c9c1597b106e780ce111d25ed90de', '80413fea34ca67c6a77a0e33d9117f47fa720cfa84fa7708c376126114e96b7f', '71d835e5f8a5abcaa29adcf5eb084109174b0b767eac6e178d5ecb052fbbd29c', 'da7b62c4754123ef1ea71882c828648fa41885a23ab9ec1826cfafb7f1f7cf3e', '2057cd27ba8b1dec15d3733acbe4db6ae96f52872dd835b6d63e021e0f9a1b44', '348616dfd95daf8874cca69b0305face3119452db47ece091c02d363c7a7fe88', '892a18cf5d4e4f71671be2ca0c7f9c98770022a87edb4a09dcb01eebbd29f1c7', '5efd4c817059b11690185d58c7a9d9057bcd9e46c861ce1128689d43eb3accb3']",1548227420767
799,37a6c65bf9ae4dd27f710982bdd7c88ca5fff55356e89c6613cb3c0b9e6b6b69,"[0.12317651510238647, -0.21889345347881317, 0.018711086362600327, 0.13979406654834747, 0.27180910110473633, 0.031078513711690903, 0.09665975719690323, -0.12229840457439423, -0.024325942620635033, 0.1199188083410263, 0.03133676201105118, 0.043861452490091324, -0.04137249290943146, 0.06314359605312347, 0.029677288606762886, -0.00014662044122815132, 0.02880031429231167, 0.036766938865184784, 0.04588804766535759, -0.04793904721736908, -0.03401409089565277, 0.03794266656041145, 0.08180813491344452, -0.065971240401268, -0.04915350675582886, -0.003504999214783311, 0.05229032784700394, -0.09655766189098358, -0.029922205954790115, 0.04502548277378082, 0.05821250006556511, -0.0015969090163707733, -0.06559151411056519, 0.023598581552505493, 0.008074373006820679, 0.03236435353755951, -0.015813007950782776, 0.07913629710674286, 0.0872751772403717, -0.04834103584289551, -0.007427026517689228, 0.07588174939155579, 0.039988696575164795, -0.018326392397284508, -0.010185266844928265, -0.0009502137545496225, 0.026641231030225754, 0.016857080161571503, -0.03280593454837799, 0.01360257901251316]",,,1548227542413
800,37a6c65bf9ae4dd27f710982bdd7c88ca5fff55356e89c6613cb3c0b9e6b6b69,"[0.12317651510238647, -0.21889345347881317, 0.018711086362600327, 0.13979406654834747, 0.27180910110473633, 0.031078513711690903, 0.09665975719690323, -0.12229840457439423, -0.024325942620635033, 0.1199188083410263, 0.03133676201105118, 0.043861452490091324, -0.04137249290943146, 0.06314359605312347, 0.029677288606762886, -0.00014662044122815132, 0.02880031429231167, 0.036766938865184784, 0.04588804766535759, -0.04793904721736908, -0.03401409089565277, 0.03794266656041145, 0.08180813491344452, -0.065971240401268, -0.04915350675582886, -0.003504999214783311, 0.05229032784700394, -0.09655766189098358, -0.029922205954790115, 0.04502548277378082, 0.05821250006556511, -0.0015969090163707733, -0.06559151411056519, 0.023598581552505493, 0.008074373006820679, 0.03236435353755951, -0.015813007950782776, 0.07913629710674286, 0.0872751772403717, -0.04834103584289551, -0.007427026517689228, 0.07588174939155579, 0.039988696575164795, -0.018326392397284508, -0.010185266844928265, -0.0009502137545496225, 0.026641231030225754, 0.016857080161571503, -0.03280593454837799, 0.01360257901251316]",,,1548227542413
801,37a6c65bf9ae4dd27f710982bdd7c88ca5fff55356e89c6613cb3c0b9e6b6b69,"[0.019132211804389954, -0.1007528007030487, -0.025493936613202095, 0.043588586151599884, 0.27459716796875, 0.029038097709417343, 0.09653275460004807, -0.1328466236591339, -0.02728651836514473, 0.053558818995952606, 0.02030547894537449, 0.013444511219859123, -0.030339380726218224, 0.004211289342492819, -0.00023462832905352116, -0.0034356084652245045, 0.01956535130739212, 0.03135909140110016, 0.04153261333703995, -0.021341580897569656, 0.018299834802746773, 0.03473397344350815, 0.053128939121961594, -0.03431357443332672, -0.017916128039360046, -0.006850006990134716, 0.017878998070955276, -0.048487164080142975, -0.03241560235619545, 0.033338796347379684, 0.021844953298568726, 0.0013491632416844368, -0.05686993896961212, 0.02326815389096737, -0.020388493314385414, 0.014557525515556335, -0.017077600583434105, 0.05573951452970505, 0.05251268297433853, -0.02732747420668602, -0.0070152245461940765, 0.05809216946363449, 0.010123372077941895, -0.028792433440685272, 0.0072258515283465385, -0.013061601668596268, 0.02685335837304592, 0.024249888956546783, -0.028436731547117233, 0.007326018530875444]",,"['bd3cc27ad1ee2f35dc2d4d1c3facbc73142f1012321176277aab1cfad4cb8ef2', 'ee7ff9d022d9d412d71bae2d3c8a89fb583491eb51e954bc2d1b44bafcd5788f', '9f55d787c48dcc69536c07cb41cf11b28bdd90cd3821562275b8cddb58717594', '5072db122c331b71f26a829425c0e563c95c6186b3a79192e2ef7174cca3f511', 'e8bea25a831a4b89f0c50afc42b0c67647ad10ed5b24fcf34cb6d7fdbdd332d9', '393d5eae2af2a16af2eaf06d8a221450b03b6b9a5c655d580aa7be7a4a1cf608', '3f59a2873911c610685cca35d61674215c6a737e53b794b07b997db980b1d3c9', 'deaeaf902ae1a8c631e0f5ca4e1a465ee33e3d50e1c56740283cd43c0d168d6d', 'fd0cff7e0ebe25eb60723fc130b95df0797d15de7b2a292e7a5c170e94bb03bf', '17145b5c3d03d60edfdc00cbd758ce7cecf7b83b8f8e9c7dccd0e6f5e3f31fe8', '216e2818f60860b7266560779618c2b2a7f853149d6ea075752cfafd5724a5e4', 'c00b57c46b187bf9fabcb4c4b81cbbd3b84755b6604a287e08e3cddf2bef662f', '1601c0ddc4e8c23b81b2a8ebbf1d5176220904890bdd7ad4a64a3c9ac744ed39', '789f267d6d842d631d2ee1ea5647d7b397ea76d37096ad7a431dd906d1be84b1', '7aa6ecfa6de6a69199bb303571dee0a5c0771d9f094a3ce912fe0c1adf39a87a', 'e5a41552ebfc6916116e5535179eb111b1558ee75ec57817d91b1d7f64b66899', 'b32a39f4d1e8c55f88e757cb5c278d0be3758ea809d8b2805489dd6f5e59ffdf']",1548227576364
802,37a6c65bf9ae4dd27f710982bdd7c88ca5fff55356e89c6613cb3c0b9e6b6b69,"[0.019132211804389954, -0.1007528007030487, -0.025493936613202095, 0.043588586151599884, 0.27459716796875, 0.029038097709417343, 0.09653275460004807, -0.1328466236591339, -0.02728651836514473, 0.053558818995952606, 0.02030547894537449, 0.013444511219859123, -0.030339380726218224, 0.004211289342492819, -0.00023462832905352116, -0.0034356084652245045, 0.01956535130739212, 0.03135909140110016, 0.04153261333703995, -0.021341580897569656, 0.018299834802746773, 0.03473397344350815, 0.053128939121961594, -0.03431357443332672, -0.017916128039360046, -0.006850006990134716, 0.017878998070955276, -0.048487164080142975, -0.03241560235619545, 0.033338796347379684, 0.021844953298568726, 0.0013491632416844368, -0.05686993896961212, 0.02326815389096737, -0.020388493314385414, 0.014557525515556335, -0.017077600583434105, 0.05573951452970505, 0.05251268297433853, -0.02732747420668602, -0.0070152245461940765, 0.05809216946363449, 0.010123372077941895, -0.028792433440685272, 0.0072258515283465385, -0.013061601668596268, 0.02685335837304592, 0.024249888956546783, -0.028436731547117233, 0.007326018530875444]",,"['bd3cc27ad1ee2f35dc2d4d1c3facbc73142f1012321176277aab1cfad4cb8ef2', 'ee7ff9d022d9d412d71bae2d3c8a89fb583491eb51e954bc2d1b44bafcd5788f', '9f55d787c48dcc69536c07cb41cf11b28bdd90cd3821562275b8cddb58717594', '5072db122c331b71f26a829425c0e563c95c6186b3a79192e2ef7174cca3f511', 'e8bea25a831a4b89f0c50afc42b0c67647ad10ed5b24fcf34cb6d7fdbdd332d9', '393d5eae2af2a16af2eaf06d8a221450b03b6b9a5c655d580aa7be7a4a1cf608', '3f59a2873911c610685cca35d61674215c6a737e53b794b07b997db980b1d3c9', 'deaeaf902ae1a8c631e0f5ca4e1a465ee33e3d50e1c56740283cd43c0d168d6d', 'fd0cff7e0ebe25eb60723fc130b95df0797d15de7b2a292e7a5c170e94bb03bf', '17145b5c3d03d60edfdc00cbd758ce7cecf7b83b8f8e9c7dccd0e6f5e3f31fe8', '216e2818f60860b7266560779618c2b2a7f853149d6ea075752cfafd5724a5e4', 'c00b57c46b187bf9fabcb4c4b81cbbd3b84755b6604a287e08e3cddf2bef662f', '1601c0ddc4e8c23b81b2a8ebbf1d5176220904890bdd7ad4a64a3c9ac744ed39', '789f267d6d842d631d2ee1ea5647d7b397ea76d37096ad7a431dd906d1be84b1', '7aa6ecfa6de6a69199bb303571dee0a5c0771d9f094a3ce912fe0c1adf39a87a', 'e5a41552ebfc6916116e5535179eb111b1558ee75ec57817d91b1d7f64b66899', 'b32a39f4d1e8c55f88e757cb5c278d0be3758ea809d8b2805489dd6f5e59ffdf']",1548227576364
803,37a6c65bf9ae4dd27f710982bdd7c88ca5fff55356e89c6613cb3c0b9e6b6b69,"[-0.042915523052215576, -0.07792025804519653, -0.022617563605308533, 0.05225949361920357, 0.1936710774898529, 0.052060820162296295, 0.005832732655107975, -0.07754737138748169, 0.07724462449550629, 0.0819142758846283, 0.20249518752098083, -0.04410066828131676, -0.04790797457098961, 0.16422930359840393, -0.008532118052244186, -0.04115283489227295, -0.026000583544373512, -0.02766895294189453, 0.010378001257777214, 0.02879885956645012, -0.07164256274700165, 0.08872665464878082, -0.009716110303997993, -0.049276456236839294, -0.02198394015431404, 0.17595097422599792, 0.02652294933795929, -0.03713018074631691, -0.04167867451906204, -0.04542435705661774, 0.013911941088736057, -0.054254282265901566, -0.05449829250574112, 0.01411522924900055, -0.021062977612018585, 0.003919532988220453, 0.028932936489582062, 0.022866539657115936, -0.012203104794025421, -0.004689311143010855, 0.021600592881441116, 0.10310389846563339, -0.004409134387969971, -0.030477244406938553, -0.0312601737678051, -0.005590104963630438, 0.01278362050652504, -0.04533100128173828, -0.018008779734373093, -0.00473547400906682]",,,1548228135452
804,37a6c65bf9ae4dd27f710982bdd7c88ca5fff55356e89c6613cb3c0b9e6b6b69,"[-0.042915523052215576, -0.07792025804519653, -0.022617563605308533, 0.05225949361920357, 0.1936710774898529, 0.052060820162296295, 0.005832732655107975, -0.07754737138748169, 0.07724462449550629, 0.0819142758846283, 0.20249518752098083, -0.04410066828131676, -0.04790797457098961, 0.16422930359840393, -0.008532118052244186, -0.04115283489227295, -0.026000583544373512, -0.02766895294189453, 0.010378001257777214, 0.02879885956645012, -0.07164256274700165, 0.08872665464878082, -0.009716110303997993, -0.049276456236839294, -0.02198394015431404, 0.17595097422599792, 0.02652294933795929, -0.03713018074631691, -0.04167867451906204, -0.04542435705661774, 0.013911941088736057, -0.054254282265901566, -0.05449829250574112, 0.01411522924900055, -0.021062977612018585, 0.003919532988220453, 0.028932936489582062, 0.022866539657115936, -0.012203104794025421, -0.004689311143010855, 0.021600592881441116, 0.10310389846563339, -0.004409134387969971, -0.030477244406938553, -0.0312601737678051, -0.005590104963630438, 0.01278362050652504, -0.04533100128173828, -0.018008779734373093, -0.00473547400906682]",,,1548228135452
805,37a6c65bf9ae4dd27f710982bdd7c88ca5fff55356e89c6613cb3c0b9e6b6b69,"[-0.22222623229026794, 0.08731269836425781, 0.04681183397769928, -0.022365354001522064, -0.052616193890571594, -0.0023984303697943687, 0.06537134945392609, -0.07153411954641342, 0.3030654191970825, 0.13933764398097992, 0.07014217972755432, -0.06956848502159119, 0.00018075667321681976, 0.03634757548570633, 0.05972939729690552, -0.033465586602687836, -0.1118415892124176, -0.03906743973493576, 0.010262049734592438, 0.06064608693122864, -0.052117399871349335, -0.03729251027107239, -0.02359299547970295, 0.08050642162561417, 0.037500910460948944, 0.18959179520606995, -0.08136831969022751, -0.01161181926727295, -0.039537664502859116, 0.024494117125868797, -0.027352117002010345, -0.12964501976966858, 0.12572288513183594, -0.027174871414899826, 0.01154781598597765, 0.002474237699061632, 0.11633917689323425, 0.09755638241767883, -0.014896223321557045, -0.046055637300014496, 0.004019713029265404, 0.08833757042884827, 0.09596097469329834, -0.032964400947093964, -0.10395361483097076, -0.06770161539316177, 0.043354593217372894, 0.022672757506370544, 0.05731476470828056, 0.025518203154206276]",,"['d25b92b2e2b7dd9f1707d3b092432361ef5b05f629349fb7992a3843c5ac634f', '1a4f22a5c55c1dcaa054d4faa47abe030b15ecb2fdbc4cfe5ed49f21e432e4b0', 'a48e80211001ecdcd557393200488992fd548f7e19b0e8c74e066f70bf302756', 'cbf82d354a48ef9edc14cc6b7f51193d83b1f44e0b2774416e99b54246c6b2da', 'c8a08e7b011f072a58e47061016d7e074bdb5431465a81353eb62bf94fa36743', '667a86392aa8a1e2d49c80504b4093c1e875b7d11f403ce7fd0acecff3297eaa', '40f3cfccd1ce00167e92699eae747a23e849a7279225dfad654181349e3525f7', '6f2190ee2bec17dab4e899d261765e359788454a4a6147660d9e5dc91e7845d2', '09a4a193578f56ae5522c4d1fff0ff8aff87d9646ce002a9e121007b90b24caa', 'a9e166da98c9a1fb70dbf37d2b7522459008ca2ea62d2e15cbb391a76b6e20fa', '0412c1012ae95b2d0bd5e201378f94d45e156e1051d8b6b28816c05443e7c2b3', '86497ad1a9e0f7329889bd77f7ebb171a47bbe4fa15b564d4bd676e85fc19bf0', '9a4139af5ac57b653f0ea535bee4e1b8f0da3d5f5ae44b8541e26123803c78b0', 'f1a51c63d34013c01ce45b635b137b4af87ec55d1aa637aeaf50bc5d14fd36b2', '114aad758ffb03e836706e66890f804afca18a0c34d39f6802502265dd82ed7b', '9765ecc1bd35f957a45ac80c956c08167d253453058da73c420c87d74eb5fb8f', '895e2473b14f5c0aacafd4a5ab41e0b6f971cdc65ce1344e9a1027ce4914d7bf', '67deeba91432e731363d125b8700e0ac9d3ba1cf50f011ca83d37e59f914ea54', '8042ed58ab599edb37b002b0a1633b1f3562420cb401c8c630679021aae10eec', '6a5bd30b5cdb4a5510ecd07a12c926277c06c21bd7b9813a548b9d77c3a31c1d', 'c87bedd572bae904b0ac1678519f206401dbdbc210599f93d973292aa87b825f', 'f54e506a34f704d92f06ba935d8bffff531efa0629083e1596131c8ea5da6ca7', '66bd47d02135ed2a6e48462f4d8b8210a8b417363ca56edd7bbd8441bc322ddd', 'fb5e5439f52d42519b4f8b4bf8e99720516e3b5bce09e2707ddb42fdae2157f6', '0d9935aaffebe54cf6883b7e65d914873f999a3c17610910ae234434c3ee3c61']",1548228155916
806,37a6c65bf9ae4dd27f710982bdd7c88ca5fff55356e89c6613cb3c0b9e6b6b69,"[-0.22222623229026794, 0.08731269836425781, 0.04681183397769928, -0.022365354001522064, -0.052616193890571594, -0.0023984303697943687, 0.06537134945392609, -0.07153411954641342, 0.3030654191970825, 0.13933764398097992, 0.07014217972755432, -0.06956848502159119, 0.00018075667321681976, 0.03634757548570633, 0.05972939729690552, -0.033465586602687836, -0.1118415892124176, -0.03906743973493576, 0.010262049734592438, 0.06064608693122864, -0.052117399871349335, -0.03729251027107239, -0.02359299547970295, 0.08050642162561417, 0.037500910460948944, 0.18959179520606995, -0.08136831969022751, -0.01161181926727295, -0.039537664502859116, 0.024494117125868797, -0.027352117002010345, -0.12964501976966858, 0.12572288513183594, -0.027174871414899826, 0.01154781598597765, 0.002474237699061632, 0.11633917689323425, 0.09755638241767883, -0.014896223321557045, -0.046055637300014496, 0.004019713029265404, 0.08833757042884827, 0.09596097469329834, -0.032964400947093964, -0.10395361483097076, -0.06770161539316177, 0.043354593217372894, 0.022672757506370544, 0.05731476470828056, 0.025518203154206276]",,"['d25b92b2e2b7dd9f1707d3b092432361ef5b05f629349fb7992a3843c5ac634f', '1a4f22a5c55c1dcaa054d4faa47abe030b15ecb2fdbc4cfe5ed49f21e432e4b0', 'a48e80211001ecdcd557393200488992fd548f7e19b0e8c74e066f70bf302756', 'cbf82d354a48ef9edc14cc6b7f51193d83b1f44e0b2774416e99b54246c6b2da', 'c8a08e7b011f072a58e47061016d7e074bdb5431465a81353eb62bf94fa36743', '667a86392aa8a1e2d49c80504b4093c1e875b7d11f403ce7fd0acecff3297eaa', '40f3cfccd1ce00167e92699eae747a23e849a7279225dfad654181349e3525f7', '6f2190ee2bec17dab4e899d261765e359788454a4a6147660d9e5dc91e7845d2', '09a4a193578f56ae5522c4d1fff0ff8aff87d9646ce002a9e121007b90b24caa', 'a9e166da98c9a1fb70dbf37d2b7522459008ca2ea62d2e15cbb391a76b6e20fa', '0412c1012ae95b2d0bd5e201378f94d45e156e1051d8b6b28816c05443e7c2b3', '86497ad1a9e0f7329889bd77f7ebb171a47bbe4fa15b564d4bd676e85fc19bf0', '9a4139af5ac57b653f0ea535bee4e1b8f0da3d5f5ae44b8541e26123803c78b0', 'f1a51c63d34013c01ce45b635b137b4af87ec55d1aa637aeaf50bc5d14fd36b2', '114aad758ffb03e836706e66890f804afca18a0c34d39f6802502265dd82ed7b', '9765ecc1bd35f957a45ac80c956c08167d253453058da73c420c87d74eb5fb8f', '895e2473b14f5c0aacafd4a5ab41e0b6f971cdc65ce1344e9a1027ce4914d7bf', '67deeba91432e731363d125b8700e0ac9d3ba1cf50f011ca83d37e59f914ea54', '8042ed58ab599edb37b002b0a1633b1f3562420cb401c8c630679021aae10eec', '6a5bd30b5cdb4a5510ecd07a12c926277c06c21bd7b9813a548b9d77c3a31c1d', 'c87bedd572bae904b0ac1678519f206401dbdbc210599f93d973292aa87b825f', 'f54e506a34f704d92f06ba935d8bffff531efa0629083e1596131c8ea5da6ca7', '66bd47d02135ed2a6e48462f4d8b8210a8b417363ca56edd7bbd8441bc322ddd', 'fb5e5439f52d42519b4f8b4bf8e99720516e3b5bce09e2707ddb42fdae2157f6', '0d9935aaffebe54cf6883b7e65d914873f999a3c17610910ae234434c3ee3c61']",1548228155916
807,fcdc3746bfd66118cb5d68db2c5f6f0d2d690d9915e1b198b86cf9af37cdcd19,"[-0.10249882936477661, 0.02211836911737919, 0.3118746280670166, 0.2630349397659302, 0.04069114848971367, 0.05837276205420494, -0.04499426856637001, 0.03081241063773632, 0.14439207315444946, -0.04655768349766731, 0.11640045046806335, -0.032648857682943344, -0.028003953397274017, -0.04346329718828201, 0.03250010311603546, -0.009467769414186478, -0.015395375899970531, 0.015589835122227669, -0.01868588477373123, -0.0032084290869534016, -0.011785078793764114, -0.026617981493473053, -0.009679019451141357, 2.2251391783356667e-05, 0.06734617054462433, 0.005242072511464357, 0.03633550554513931, -0.020640896633267403, 0.02638133615255356, 0.022541124373674393, 0.05227207392454147, -0.006483395583927631, -0.0038064206019043922, 0.020620357245206833, -0.022126084193587303, 0.0419783890247345, -0.03574515879154205, -0.007252671290189028, 0.016662390902638435, -0.0046640364453196526, -0.0028397529385983944, 0.0026107323355972767, -0.01785830222070217, -0.01112273894250393, 0.01596255972981453, 0.03443240374326706, 0.015232132747769356, 0.01481824554502964, 0.01591460593044758, -0.0050589232705533504]",,,1547930187763
808,fcdc3746bfd66118cb5d68db2c5f6f0d2d690d9915e1b198b86cf9af37cdcd19,"[-0.011845597997307777, -0.2325112521648407, 0.06314955651760101, 0.051680803298950195, 0.11982505023479462, 0.03112570010125637, 0.025630254298448563, -0.014910232275724411, 0.05508916825056076, 0.005411848425865173, 0.06748399883508682, -0.06804254651069641, 0.054317932575941086, 0.010450098663568497, -0.008618343621492386, -0.013326727785170078, -0.01422740425914526, 0.05525132641196251, 0.08314530551433563, 0.005732458084821701, 0.013184047304093838, -0.03532406687736511, -0.014818632043898106, -0.008641654625535011, -0.03075222112238407, -0.04098401218652725, 0.011050762608647346, 0.018882764503359795, 0.011594053357839584, -0.0016514169983565807, 0.0018002325668931007, -0.012295158579945564, -0.014043283648788929, 0.00890834629535675, 0.022733673453330994, -0.0037752799689769745, -0.05741357058286667, 0.03915044292807579, -0.01933208666741848, 0.00963011384010315, -0.014536217786371708, -0.024739954620599747, -0.024301009252667427, -0.03423593193292618, -0.026109952479600906, -0.023439083248376846, 0.012592924758791924, 0.021134836599230766, 0.026785289868712425, -0.007823463529348373]",,,1547930563673
809,fcdc3746bfd66118cb5d68db2c5f6f0d2d690d9915e1b198b86cf9af37cdcd19,"[0.0007954100146889687, -0.28832578659057617, 0.08451838791370392, 0.08386692404747009, 0.07360970973968506, 0.028699375689029694, 0.0170016810297966, 0.014442556537687778, 0.08087730407714844, 0.014579428359866142, 0.06717468798160553, -0.07015316188335419, 0.08509388566017151, 0.030321139842271805, -0.00012301653623580933, -0.03597869351506233, -0.011509203352034092, 0.06938549876213074, 0.1265764683485031, 0.00010461220517754555, 0.004995908588171005, -0.032594386488199234, -0.005924529861658812, -0.0012895786203444004, -0.030077124014496803, -0.025933682918548584, 0.056101828813552856, 0.0319632925093174, 0.015556803904473782, -0.0025405199266970158, 0.003233937546610832, -0.010899679735302925, -0.00938613060861826, -0.007462242152541876, 0.04642600566148758, -0.0019376175478100777, -0.05799805745482445, 0.05361533910036087, -0.03917528688907623, 0.00681200809776783, -0.03350520506501198, -0.02540208399295807, -0.036841828376054764, -0.04262568801641464, -0.02587788924574852, -0.028546273708343506, 0.019659558311104774, 0.017179058864712715, 0.045478902757167816, -0.010287008248269558]",,"['7c3a33ec1a775b4954dc4114cee6c904c58d1d59284be0527814de96cafd6b85', '0b708eb3ceea79c4d5e7235adf13ad3f81aeac1822a483c4494e2d96be7faf5d']",1547930575681
810,fcdc3746bfd66118cb5d68db2c5f6f0d2d690d9915e1b198b86cf9af37cdcd19,"[0.12317651510238647, -0.21889345347881317, 0.018711086362600327, 0.13979406654834747, 0.27180910110473633, 0.031078513711690903, 0.09665975719690323, -0.12229840457439423, -0.024325942620635033, 0.1199188083410263, 0.03133676201105118, 0.043861452490091324, -0.04137249290943146, 0.06314359605312347, 0.029677288606762886, -0.00014662044122815132, 0.02880031429231167, 0.036766938865184784, 0.04588804766535759, -0.04793904721736908, -0.03401409089565277, 0.03794266656041145, 0.08180813491344452, -0.065971240401268, -0.04915350675582886, -0.003504999214783311, 0.05229032784700394, -0.09655766189098358, -0.029922205954790115, 0.04502548277378082, 0.05821250006556511, -0.0015969090163707733, -0.06559151411056519, 0.023598581552505493, 0.008074373006820679, 0.03236435353755951, -0.015813007950782776, 0.07913629710674286, 0.0872751772403717, -0.04834103584289551, -0.007427026517689228, 0.07588174939155579, 0.039988696575164795, -0.018326392397284508, -0.010185266844928265, -0.0009502137545496225, 0.026641231030225754, 0.016857080161571503, -0.03280593454837799, 0.01360257901251316]",,,1547930593691
811,f36bbc0d7a694d562f186d946dd4dfa454f979548aabec9a6f3719949c350a0a,"[-0.00025132298469543457, -0.25740888714790344, 0.09601724147796631, 0.1506938934326172, 0.044555820524692535, -0.008773363195359707, 0.006925158202648163, 0.039367254823446274, 0.05201287940144539, 0.004312070086598396, 0.00756432581692934, -0.11614491790533066, -0.1157931238412857, -0.07568423449993134, 0.02096566930413246, -0.10053371638059616, -0.014226347208023071, 0.03622879460453987, 0.02851073443889618, 0.07304827868938446, 0.14089524745941162, 0.15418653190135956, 0.13674001395702362, 0.12438657879829407, -0.07713661342859268, -0.05499420315027237, -0.06067092716693878, 0.04595685377717018, 0.11577340215444565, 0.037151992321014404, -0.022899720817804337, -0.033722274005413055, 0.08428256213665009, -0.01651577278971672, -0.019735315814614296, -0.021095361560583115, 0.022655341774225235, 0.043339118361473083, -0.10560882091522217, -0.013771750032901764, -0.05236215889453888, -0.02772575430572033, 0.007594708353281021, -0.004850829020142555, 0.007407293189316988, -0.04678809642791748, -0.026882024481892586, -0.012562407180666924, 0.03659704700112343, 0.013715030625462532]",,"['835220220af08d8b75f7c75e7dae21748023d50b965314deb4fd6583e906aabc', '2ee69df37839dcac6e315e982adbaf01413fad11eae89a8ffccff3d3995050c5', '1728d5870d07bec52f478ce7aabee72b65a373057782d3d08851573144ccf275', '8f7f38a5e65fc066bd716656ee0e6fec4703a60e8b6997844cecc36aaff60d5f', 'f0ad5b4e36286d79e46f2d730a29813d61d7630cdd00f13f9624db258f0758e8', '5448751c71aad5465602011b2617f27a938d02500885b82f6709ac29022e8c6c', '31a833796204a4b6aae7a7203cf320bab780f358dad0b7f0a744cf9e75a0df0f', 'ebbe74300aa3533a7f7205c6fe691e15a9d40b5726db49f172b1bba889566498', '7d045c77dd1f9575c371b78a53a9a80e810abdbee611debeb65ff637f84136ed', 'f1949bffd3aded19250825439f4c9c2952372dc7ec3e3987b696fd39d808e76c', '4efb3f789eeaf7e85c621856db833e7995fb386704debfc8dbab44ec3152931f', '15d6aba5a317d46f506f6811afd6d8692e21afd2ca57842c23fdf7eab4b0b82e', 'e4142fae66f293014480cdace8bd98e01c28543c7606d40c2ea61d751ae8effc', '080b2dc514bf9bebab248fd28c04e28e7fbdaf9965d9dc18a49435231140b1d7', 'f67c957d09b37fd3be806481ceface8dfe1cd87f0a4c93a1ee7af3c874a09baa', '69a51a92aad45b33fce032f186e0a3bcafdb117b5e0ee5eaedf123e7c1bf40e1', '201e9d4c044b87dd80a6156b3fc38143c2dc90d964aeb996696f9e3e2e70c9ed', '25d1efe8caf0e016673231c1c3bf4cbd2bf776be88203601b5c651501cb9fff4', 'a655eeaf5661569d2b2e9101a4aa847a64fdb80512a5ba73634b3150f1b32738', '4eb8bbf22940758fe4ddc8476497e63acfe5ea273b8a28c2d406e57b9d871e0b', '76d7a54bd50fc489ee95d44c4853782ada4088cfdd42b2cbce27a3c7983873bb', 'ac2eb1fe2d280bf8f1eb2c9fc6f87d00a7ed0d7311be1f11dcb0cda02c41b7b7', '123752e8ec64adff72d84a5b05154f3c2adc1498cb52c9c7bd563e78ac2f75d0', '706ab6ee6aca48e6d20f0938a8cfa7b6a007063567d5ceb5e831d1ef72715bce', '7849f87a21318878535260b25415da343002688b2652faff1bc098b455999fa9']",1547928310820
812,0b1d725f415d0b75ae95f027abc626fe415d116bbb20f92a2435af7282728f48,"[-0.29376018047332764, 0.25603267550468445, 0.2815384566783905, -0.011386336758732796, 0.09542860090732574, -0.03212451934814453, -0.015554672107100487, 0.18608789145946503, -0.12378687411546707, 0.12824949622154236, -0.10716472566127777, -0.04294908791780472, 0.006088368594646454, -0.07326888293027878, 0.1263960897922516, -0.015990667045116425, -0.034945204854011536, 0.023945126682519913, -0.014331242069602013, -0.010598018765449524, 0.055458880960941315, -0.043599050492048264, -0.0375368595123291, -0.025885645300149918, -0.021767904981970787, -0.004297327250242233, 0.008303731679916382, 0.008609186857938766, -0.04722626507282257, -0.01266908273100853, -0.06760040670633316, 0.03430428355932236, 0.01782412827014923, 0.041577912867069244, -0.033088311553001404, -0.003922596573829651, 0.031188132241368294, -0.03788246959447861, 0.023175865411758423, 0.044632215052843094, 0.027023380622267723, 0.01710183545947075, 0.005802001804113388, 0.04311220347881317, -0.04050038754940033, -0.04370158165693283, 0.011661377735435963, 0.009577312506735325, 0.014584537595510483, 0.02341962233185768]","['e4fbf04dff4c4b1e8526441145c45d41ac71b74d23de7d2b7887344c93de0b67', 'e4fbf04dff4c4b1e8526441145c45d41ac71b74d23de7d2b7887344c93de0b67', 'e4fbf04dff4c4b1e8526441145c45d41ac71b74d23de7d2b7887344c93de0b67', 'e4fbf04dff4c4b1e8526441145c45d41ac71b74d23de7d2b7887344c93de0b67', 'e4fbf04dff4c4b1e8526441145c45d41ac71b74d23de7d2b7887344c93de0b67', 'e4fbf04dff4c4b1e8526441145c45d41ac71b74d23de7d2b7887344c93de0b67', 'e4fbf04dff4c4b1e8526441145c45d41ac71b74d23de7d2b7887344c93de0b67', 'e4fbf04dff4c4b1e8526441145c45d41ac71b74d23de7d2b7887344c93de0b67', 'e4fbf04dff4c4b1e8526441145c45d41ac71b74d23de7d2b7887344c93de0b67', 'e4fbf04dff4c4b1e8526441145c45d41ac71b74d23de7d2b7887344c93de0b67', 'e4fbf04dff4c4b1e8526441145c45d41ac71b74d23de7d2b7887344c93de0b67', 'e4fbf04dff4c4b1e8526441145c45d41ac71b74d23de7d2b7887344c93de0b67', 'e4fbf04dff4c4b1e8526441145c45d41ac71b74d23de7d2b7887344c93de0b67', 'e4fbf04dff4c4b1e8526441145c45d41ac71b74d23de7d2b7887344c93de0b67', 'e4fbf04dff4c4b1e8526441145c45d41ac71b74d23de7d2b7887344c93de0b67', 'e4fbf04dff4c4b1e8526441145c45d41ac71b74d23de7d2b7887344c93de0b67', 'e4fbf04dff4c4b1e8526441145c45d41ac71b74d23de7d2b7887344c93de0b67', 'e4fbf04dff4c4b1e8526441145c45d41ac71b74d23de7d2b7887344c93de0b67', 'e4fbf04dff4c4b1e8526441145c45d41ac71b74d23de7d2b7887344c93de0b67', 'e4fbf04dff4c4b1e8526441145c45d41ac71b74d23de7d2b7887344c93de0b67', 'e4fbf04dff4c4b1e8526441145c45d41ac71b74d23de7d2b7887344c93de0b67', 'e4fbf04dff4c4b1e8526441145c45d41ac71b74d23de7d2b7887344c93de0b67', 'e4fbf04dff4c4b1e8526441145c45d41ac71b74d23de7d2b7887344c93de0b67', 'e4fbf04dff4c4b1e8526441145c45d41ac71b74d23de7d2b7887344c93de0b67', 'e4fbf04dff4c4b1e8526441145c45d41ac71b74d23de7d2b7887344c93de0b67', 'e4fbf04dff4c4b1e8526441145c45d41ac71b74d23de7d2b7887344c93de0b67', 'e4fbf04dff4c4b1e8526441145c45d41ac71b74d23de7d2b7887344c93de0b67', 'e4fbf04dff4c4b1e8526441145c45d41ac71b74d23de7d2b7887344c93de0b67', 'e4fbf04dff4c4b1e8526441145c45d41ac71b74d23de7d2b7887344c93de0b67', 'e4fbf04dff4c4b1e8526441145c45d41ac71b74d23de7d2b7887344c93de0b67', 'e4fbf04dff4c4b1e8526441145c45d41ac71b74d23de7d2b7887344c93de0b67', 'e4fbf04dff4c4b1e8526441145c45d41ac71b74d23de7d2b7887344c93de0b67', 'e4fbf04dff4c4b1e8526441145c45d41ac71b74d23de7d2b7887344c93de0b67', 'e4fbf04dff4c4b1e8526441145c45d41ac71b74d23de7d2b7887344c93de0b67', 'e4fbf04dff4c4b1e8526441145c45d41ac71b74d23de7d2b7887344c93de0b67', 'e4fbf04dff4c4b1e8526441145c45d41ac71b74d23de7d2b7887344c93de0b67', 'e4fbf04dff4c4b1e8526441145c45d41ac71b74d23de7d2b7887344c93de0b67', 'e4fbf04dff4c4b1e8526441145c45d41ac71b74d23de7d2b7887344c93de0b67', 'e4fbf04dff4c4b1e8526441145c45d41ac71b74d23de7d2b7887344c93de0b67', 'e4fbf04dff4c4b1e8526441145c45d41ac71b74d23de7d2b7887344c93de0b67', 'e4fbf04dff4c4b1e8526441145c45d41ac71b74d23de7d2b7887344c93de0b67', 'e4fbf04dff4c4b1e8526441145c45d41ac71b74d23de7d2b7887344c93de0b67', 'e4fbf04dff4c4b1e8526441145c45d41ac71b74d23de7d2b7887344c93de0b67', 'e4fbf04dff4c4b1e8526441145c45d41ac71b74d23de7d2b7887344c93de0b67', 'e4fbf04dff4c4b1e8526441145c45d41ac71b74d23de7d2b7887344c93de0b67', 'e4fbf04dff4c4b1e8526441145c45d41ac71b74d23de7d2b7887344c93de0b67', 'e4fbf04dff4c4b1e8526441145c45d41ac71b74d23de7d2b7887344c93de0b67', 'e4fbf04dff4c4b1e8526441145c45d41ac71b74d23de7d2b7887344c93de0b67', 'e4fbf04dff4c4b1e8526441145c45d41ac71b74d23de7d2b7887344c93de0b67', 'e4fbf04dff4c4b1e8526441145c45d41ac71b74d23de7d2b7887344c93de0b67', 'e4fbf04dff4c4b1e8526441145c45d41ac71b74d23de7d2b7887344c93de0b67', 'e4fbf04dff4c4b1e8526441145c45d41ac71b74d23de7d2b7887344c93de0b67', 'e4fbf04dff4c4b1e8526441145c45d41ac71b74d23de7d2b7887344c93de0b67', 'e4fbf04dff4c4b1e8526441145c45d41ac71b74d23de7d2b7887344c93de0b67', 'e4fbf04dff4c4b1e8526441145c45d41ac71b74d23de7d2b7887344c93de0b67', 'e4fbf04dff4c4b1e8526441145c45d41ac71b74d23de7d2b7887344c93de0b67', 'e4fbf04dff4c4b1e8526441145c45d41ac71b74d23de7d2b7887344c93de0b67', 'e4fbf04dff4c4b1e8526441145c45d41ac71b74d23de7d2b7887344c93de0b67', 'e4fbf04dff4c4b1e8526441145c45d41ac71b74d23de7d2b7887344c93de0b67', 'e4fbf04dff4c4b1e8526441145c45d41ac71b74d23de7d2b7887344c93de0b67', 'e4fbf04dff4c4b1e8526441145c45d41ac71b74d23de7d2b7887344c93de0b67', 'e4fbf04dff4c4b1e8526441145c45d41ac71b74d23de7d2b7887344c93de0b67', 'e4fbf04dff4c4b1e8526441145c45d41ac71b74d23de7d2b7887344c93de0b67', 'e4fbf04dff4c4b1e8526441145c45d41ac71b74d23de7d2b7887344c93de0b67', 'e4fbf04dff4c4b1e8526441145c45d41ac71b74d23de7d2b7887344c93de0b67', 'e4fbf04dff4c4b1e8526441145c45d41ac71b74d23de7d2b7887344c93de0b67', 'e4fbf04dff4c4b1e8526441145c45d41ac71b74d23de7d2b7887344c93de0b67', 'e4fbf04dff4c4b1e8526441145c45d41ac71b74d23de7d2b7887344c93de0b67', 'e4fbf04dff4c4b1e8526441145c45d41ac71b74d23de7d2b7887344c93de0b67', 'e4fbf04dff4c4b1e8526441145c45d41ac71b74d23de7d2b7887344c93de0b67', 'e4fbf04dff4c4b1e8526441145c45d41ac71b74d23de7d2b7887344c93de0b67', 'e4fbf04dff4c4b1e8526441145c45d41ac71b74d23de7d2b7887344c93de0b67', 'e4fbf04dff4c4b1e8526441145c45d41ac71b74d23de7d2b7887344c93de0b67', 'e4fbf04dff4c4b1e8526441145c45d41ac71b74d23de7d2b7887344c93de0b67', 'e4fbf04dff4c4b1e8526441145c45d41ac71b74d23de7d2b7887344c93de0b67', 'e4fbf04dff4c4b1e8526441145c45d41ac71b74d23de7d2b7887344c93de0b67', 'e4fbf04dff4c4b1e8526441145c45d41ac71b74d23de7d2b7887344c93de0b67', 'e4fbf04dff4c4b1e8526441145c45d41ac71b74d23de7d2b7887344c93de0b67', 'e4fbf04dff4c4b1e8526441145c45d41ac71b74d23de7d2b7887344c93de0b67', 'e4fbf04dff4c4b1e8526441145c45d41ac71b74d23de7d2b7887344c93de0b67', 'e4fbf04dff4c4b1e8526441145c45d41ac71b74d23de7d2b7887344c93de0b67', 'e4fbf04dff4c4b1e8526441145c45d41ac71b74d23de7d2b7887344c93de0b67', 'e4fbf04dff4c4b1e8526441145c45d41ac71b74d23de7d2b7887344c93de0b67', 'e4fbf04dff4c4b1e8526441145c45d41ac71b74d23de7d2b7887344c93de0b67', 'e4fbf04dff4c4b1e8526441145c45d41ac71b74d23de7d2b7887344c93de0b67', 'e4fbf04dff4c4b1e8526441145c45d41ac71b74d23de7d2b7887344c93de0b67', 'e4fbf04dff4c4b1e8526441145c45d41ac71b74d23de7d2b7887344c93de0b67', 'e4fbf04dff4c4b1e8526441145c45d41ac71b74d23de7d2b7887344c93de0b67', 'e4fbf04dff4c4b1e8526441145c45d41ac71b74d23de7d2b7887344c93de0b67', 'e4fbf04dff4c4b1e8526441145c45d41ac71b74d23de7d2b7887344c93de0b67', 'e4fbf04dff4c4b1e8526441145c45d41ac71b74d23de7d2b7887344c93de0b67', 'e4fbf04dff4c4b1e8526441145c45d41ac71b74d23de7d2b7887344c93de0b67', 'e4fbf04dff4c4b1e8526441145c45d41ac71b74d23de7d2b7887344c93de0b67', 'e4fbf04dff4c4b1e8526441145c45d41ac71b74d23de7d2b7887344c93de0b67', 'e4fbf04dff4c4b1e8526441145c45d41ac71b74d23de7d2b7887344c93de0b67', 'e4fbf04dff4c4b1e8526441145c45d41ac71b74d23de7d2b7887344c93de0b67', 'e4fbf04dff4c4b1e8526441145c45d41ac71b74d23de7d2b7887344c93de0b67', 'e4fbf04dff4c4b1e8526441145c45d41ac71b74d23de7d2b7887344c93de0b67', 'e4fbf04dff4c4b1e8526441145c45d41ac71b74d23de7d2b7887344c93de0b67', 'e4fbf04dff4c4b1e8526441145c45d41ac71b74d23de7d2b7887344c93de0b67', 'e4fbf04dff4c4b1e8526441145c45d41ac71b74d23de7d2b7887344c93de0b67', 'e4fbf04dff4c4b1e8526441145c45d41ac71b74d23de7d2b7887344c93de0b67', 'e4fbf04dff4c4b1e8526441145c45d41ac71b74d23de7d2b7887344c93de0b67', 'e4fbf04dff4c4b1e8526441145c45d41ac71b74d23de7d2b7887344c93de0b67', 'e4fbf04dff4c4b1e8526441145c45d41ac71b74d23de7d2b7887344c93de0b67', 'e4fbf04dff4c4b1e8526441145c45d41ac71b74d23de7d2b7887344c93de0b67', 'e4fbf04dff4c4b1e8526441145c45d41ac71b74d23de7d2b7887344c93de0b67', 'e4fbf04dff4c4b1e8526441145c45d41ac71b74d23de7d2b7887344c93de0b67', 'e4fbf04dff4c4b1e8526441145c45d41ac71b74d23de7d2b7887344c93de0b67', 'e4fbf04dff4c4b1e8526441145c45d41ac71b74d23de7d2b7887344c93de0b67', 'e4fbf04dff4c4b1e8526441145c45d41ac71b74d23de7d2b7887344c93de0b67', 'e4fbf04dff4c4b1e8526441145c45d41ac71b74d23de7d2b7887344c93de0b67', 'e4fbf04dff4c4b1e8526441145c45d41ac71b74d23de7d2b7887344c93de0b67', 'e4fbf04dff4c4b1e8526441145c45d41ac71b74d23de7d2b7887344c93de0b67']","['2ab1ba02f7ca5ec008fd4286405f1f1ef7ae86f144010c8d353e1d2dfbab5431', '0801bda8c47e45e91ea33414f16311cb775583a93fda17bd142b04af70e57257', 'e4fbf04dff4c4b1e8526441145c45d41ac71b74d23de7d2b7887344c93de0b67', '32a1514f5936da9bdd7efa9a669dcf051795ac1b04997d6d16d2b6ed04c09204', 'c157fa918bff2d11a4b9bd641db6ce735a00bce9e047796d2522da90fd962b1f', '12fcdeb510fa500c3ba80cbfe595c56602a966ebb59772740df8970aa8f6230f', '6babd8d2c2e04adc378557c6c720895b5e4893baec64053d39c73d2483d8b9bb', '602134898d9ef7c38879a6edc117f46aa0174cd4d4e94233fdceb398485c7eb2', 'c7486d134ebdef5378c67d408a42572ddd8b67d722cd6e8a87ae817a681824d1', 'ed313a8fb3d5bd09e8fca83b01fed2036a8f37e50fbee0230b18b1c3a8e960c7', '51f6e7b9c69889f74ec6248ddbeb4453329666640c2e623c1b56ec70cd691d35', '2117cef90db4e2d2030ff2bb1c7051860eee1456b82680e1d5fa6da13a61f427', '808477f80ad2aef7b924bd6c5b23467f638c50ad046f91f510dd317567c87a71', '99c131c0d5565a6f2c6b04187150f1c949ec73cdf99d3b26cbcf275fb598f6ae', '0ae538e84bde797b5ec5c571bf09f496b22fefa9a440c852fc7a6b3c945c2fe5', 'bf34aaa99f07a3cbdea194415938b48ce3a1cbc6790522153e67df1cf949e73c', 'e416bd5655dcaec7da7270032b1c7cf5e8ae9cca6994753aed05778d27fe52fc', 'e3729bbe3f580c11d145105e2153246f1cd031a72cdbd4d37bf2c8ac29003ca5', 'd46ba22c0525b5035387c6543137f783c512e4e115a482f7091d2c440cf77eab', '7699b0145a3bcf93c793c99423b6fe4055de16aa3a25453aeda8954bfcb5e165', '604d18ffe6890c43c3e3b7b12d16e870607c92f26d12c7b215d83aff043d4d4d', '86b549d55543157703077f420daca28a3defc296661afb07c5ab2653f4facbe8', '2b59ad4527d542b0a1b252ac12aa092628776f46112fbb3a0eeafddeeceeb0ae', 'f5cb6e688243d605a74bd31476884e96dae902e04f168b3d5e2b08c8bd8ac088', 'e102e45cf16f77027c455ab845e9ff48cd2d758fb8c7f2ed5f140b6613fe2ef2']",1548331077562
813,0b1d725f415d0b75ae95f027abc626fe415d116bbb20f92a2435af7282728f48,"[-0.1439853310585022, -0.17664162814617157, 0.018543869256973267, -0.06878816336393356, -0.1020219624042511, -0.0460645891726017, -0.007398761808872223, -0.022796643897891045, -0.037810541689395905, 0.034507203847169876, 0.030028367415070534, -0.0950591117143631, -0.04962778463959694, -0.006626061163842678, 0.03141075000166893, -0.047835782170295715, -0.0817791000008583, -0.057159073650836945, -0.08348986506462097, 0.04694916680455208, 0.08594286441802979, -0.07016359269618988, 0.012354289181530476, 0.05885940045118332, -0.040427736937999725, -0.059048913419246674, 0.08153067529201508, -0.054886527359485626, -0.02327723428606987, -0.005868269130587578, -0.1414061188697815, 0.012121852487325668, 0.13299785554409027, 0.07142304629087448, -0.1027967631816864, 0.00048628635704517365, -0.024077720940113068, 0.022253327071666718, -0.033810071647167206, 0.13895544409751892, -0.037928469479084015, 0.039042454212903976, -0.09798182547092438, 0.03379397839307785, -0.07611119002103806, -0.07553689181804657, -0.001385740004479885, 0.059122346341609955, 0.023706253618001938, 0.010130684822797775]",,"['6e76ba68a12154cf361b33acf5380bc81729217382e3b62d7a46a408d3e3320e', 'c157fa918bff2d11a4b9bd641db6ce735a00bce9e047796d2522da90fd962b1f', 'c7486d134ebdef5378c67d408a42572ddd8b67d722cd6e8a87ae817a681824d1', 'f770cead34fe113e38439d7c9b6e6d26a7b556438c81e884aa8dabe7b78d51d5', 'aa09908bb109fd260e25b03fe8cdb6bfe4ca18c249e95f570338702855978dbb', '808477f80ad2aef7b924bd6c5b23467f638c50ad046f91f510dd317567c87a71', 'e416bd5655dcaec7da7270032b1c7cf5e8ae9cca6994753aed05778d27fe52fc', 'e5accb0d4e85ed0b58114e686dfa7dec0f0d44f9f0b2ac4ef71f120c36cd430c', '9f5b933c2ed14e8187073cd8fc7046713b6fcc6c4239646da693eb61572af326', '6fe759206f02dfa0a84ec51d58346b91347226614206c48b9c4bc7bbcc8a69b3', '73904580cd08961607b1a90c69dca13af6d0f3920719179cc836b8c48b4a3c18', '1e02b5f280bb960e895b5b21450501bb6c8b447f9b1fbad141116d66bb36988a']",1548331348186
814,0b1d725f415d0b75ae95f027abc626fe415d116bbb20f92a2435af7282728f48,"[-0.16139771044254303, 0.01434224285185337, -0.04017392918467522, -0.14193947613239288, 0.1749388575553894, 0.0032901763916015625, -0.07482431828975677, 0.19963422417640686, -0.010069409385323524, 0.0598636157810688, 0.08629482984542847, -0.04641132801771164, -0.08582218736410141, -0.06540300697088242, -0.02496834099292755, 0.015599742531776428, -0.06412874907255173, -0.018825070932507515, 0.031573109328746796, 0.015106410719454288, -0.03681403025984764, -0.044391416013240814, -0.04089357703924179, -0.0640416070818901, -0.04769609868526459, 0.022958815097808838, -0.01691221259534359, 0.002220032038167119, -0.014721047133207321, -0.04551439359784126, -0.09150902926921844, 0.017276931554079056, -0.017357515171170235, 0.013624567538499832, -0.06788565218448639, -0.044069405645132065, 0.07373722642660141, -0.09115904569625854, 0.041865117847919464, 0.07114823162555695, 0.07116544246673584, -0.026450172066688538, 0.08083291351795197, 0.09746801853179932, -0.08015622943639755, 0.006228266283869743, 0.0513332337141037, -0.003559192642569542, -0.02327687293291092, -0.004385257139801979]",,"['2ab1ba02f7ca5ec008fd4286405f1f1ef7ae86f144010c8d353e1d2dfbab5431', '0801bda8c47e45e91ea33414f16311cb775583a93fda17bd142b04af70e57257', 'e4fbf04dff4c4b1e8526441145c45d41ac71b74d23de7d2b7887344c93de0b67', '32a1514f5936da9bdd7efa9a669dcf051795ac1b04997d6d16d2b6ed04c09204', '12fcdeb510fa500c3ba80cbfe595c56602a966ebb59772740df8970aa8f6230f', '6babd8d2c2e04adc378557c6c720895b5e4893baec64053d39c73d2483d8b9bb', '602134898d9ef7c38879a6edc117f46aa0174cd4d4e94233fdceb398485c7eb2', '51f6e7b9c69889f74ec6248ddbeb4453329666640c2e623c1b56ec70cd691d35', '99c131c0d5565a6f2c6b04187150f1c949ec73cdf99d3b26cbcf275fb598f6ae', '0ae538e84bde797b5ec5c571bf09f496b22fefa9a440c852fc7a6b3c945c2fe5', 'bf34aaa99f07a3cbdea194415938b48ce3a1cbc6790522153e67df1cf949e73c', 'e3729bbe3f580c11d145105e2153246f1cd031a72cdbd4d37bf2c8ac29003ca5', 'd46ba22c0525b5035387c6543137f783c512e4e115a482f7091d2c440cf77eab', '604d18ffe6890c43c3e3b7b12d16e870607c92f26d12c7b215d83aff043d4d4d', 'd465e353e4e36b2725b2f667072245dbd635b7a011d306fd704e44d077a56920', '7302590bebd27fb6dece6dc605b96a098ab1efdf35affa2a3e21faccdc8e51c6', '7571fbadb886e669ea4ac666b585fcc798c1f5970867c55f2e661c3ec29c0c38', '3573d9b861aa2f30c2604328f1ea1914a01aaca1069e999996c9339394ad1830', 'be227d9ff1d35fc8ff2e6cddbdb6563a95fdc8fe84d8552bd83b742b66f39218', '61af12e86cfd6a7b640099ce8cae3dfa74bfb7e79b8d9434afb3a4d0ee85bb21', 'a3c187b9a710a0aa3b91a249c5eefa6140a8e0f157e559988562d267ac0d44aa']",1548331446466
815,0b1d725f415d0b75ae95f027abc626fe415d116bbb20f92a2435af7282728f48,"[0.23684799671173096, 0.058071061968803406, -0.15200205147266388, 0.14835461974143982, 0.08468587696552277, -0.1171225905418396, 0.1027490645647049, -0.02612062729895115, 0.01860470324754715, 0.025324687361717224, -0.03910606727004051, -0.1345628798007965, -0.033604200929403305, 0.07113537192344666, 0.07761278748512268, -0.10732829570770264, 0.06471902132034302, -0.08276441693305969, 0.05004965513944626, -0.03323470428586006, -0.03509137034416199, 0.01929600164294243, 0.014369184151291847, -0.058396339416503906, 0.013393166474997997, 0.0004366692155599594, 0.05650638788938522, -0.11145791411399841, -0.038352563977241516, -0.034735847264528275, -0.02407989278435707, 0.05909648537635803, -0.07783666253089905, 0.015246917493641376, -0.007503176108002663, 0.04614204168319702, -0.05313897877931595, 0.0737551897764206, -0.018707815557718277, -0.09122002124786377, 0.06771110743284225, 0.09315641224384308, -0.03380987048149109, 0.06658746302127838, 0.037819914519786835, -0.02844843454658985, -0.023856066167354584, -0.018998973071575165, -0.0039917221292853355, -0.05410145968198776]",,"['17e0fdc759338ce9b4063fbf587ed552153220956c71b55ba58dee5a0cd742e2', 'f2b4418dadddafd5c538ef0f37001853fe74690689f987fef142ff26722b288b', 'f48105e564f1077da3a33e178e850453652eded75cd402013c3da84835f0f611', '20e5dfb1ebe7cd2ca68d9d7f81a62c738eec1a7939c391d3cd99269cad3cbd4b', '47789c95c441280995cfe263ef8d9876ea560c382090095c85859cdc3622f954', 'd9072b798e7153da666d3cfcde90d27b9d742b13ed4c9d0213f9368bc78bfbaa', '705f5c4306427c95e5662cf7e913ba906f1074b1cc953e1c58b4c205647c48f3', '1b32b4eb5b1f2bf45889a47dfff8f38306bbe4549f4c20b641f2386474721f4c', 'dfec6a5752bede89a75cfa266098709231d64fa0e68ce50c8c826aee3d531f41', '732826d0e46eed4025cbacb6a3fe658fc1af90e5be468f12484f15da864c1167', 'aeed20a6f70e699adb8adc053a20f5de5a80e2cc2d8d3ab369bcde9a97578700', 'b0b0645f1cdabde0228e558056458405c959a85c9b85e1e5951c0b650776e885', '7a3156449e2e8c3fee13bacc518e87439590f6b9766f3a05f2c248402f7fff07', '3a62198d671b861ee178dd025f321ac66c28ba2e6967c6d70248ef6d17a25dab', '9abbf12061040c3fcf87d83c8e2b4a379c4e80b5f16412a0d5f378052414edc1', '27c532e40e5d741f1260dadab2ae1b3895cb766d51b204998e283193af8752cd', '5bb43927e635d7490c4e764722aac22a98a5be17c952cfc021bee9feb1bb016b', '09ea2838c692af4af8dd0b6dcfedf5b8a5bd7c6ef7f3974fb8ef36fc4efc388d', 'd18874bbdf4c1838c89661c2747b584976737daf214c9fca18ed12b0ea8b40fb', '9d52b0a11ce94d1c2f7b4eccc6077fc886514e17b49a38c2f40300546d107abc']",1548333524407
816,9a49b22ad9a6193a48633a7b030cde153c37f3d079f32d3837be6de82f65d5dc,"[-0.11589191854000092, -0.07353973388671875, -0.029631920158863068, 0.01630016602575779, -0.04614599794149399, 0.16914361715316772, -0.07056605815887451, 0.06809639930725098, 0.007588770240545273, -0.25240322947502136, 0.05253221467137337, 0.019762372598052025, -0.022271031513810158, 0.04587870091199875, 0.06180495023727417, 0.033206816762685776, 0.02529372274875641, 0.10884993523359299, 0.020788967609405518, 0.014552243985235691, -0.057433806359767914, 0.009108118712902069, -0.007251031696796417, 0.008084176108241081, -0.028374724090099335, -0.05094396322965622, -0.10552720725536346, -0.04527062177658081, -0.023513909429311752, -0.03151232376694679, -0.09957277774810791, 0.013635130599141121, 0.06568792462348938, -0.08402322232723236, -0.027093593031167984, -0.03021547570824623, -0.10498388856649399, -0.001736864447593689, -0.008967814967036247, -0.0042749810963869095, 0.00790819525718689, -0.013105282559990883, 0.06311134994029999, 0.05909521132707596, 0.015863511711359024, -0.008960604667663574, -0.004013638943433762, -0.013092249631881714, 0.01178682316094637, -0.05808655545115471]",,"['4d45479446a63680c0a03c1f4a31b9e9a6cba5a9dface8c27f4aa816cf4603f5', '4a2a9bd5a05567384af2f7044800be99c8d0884be91db90416f13ebed52c993a', '7bcc7b64b90f3394fbcfb63b9a77d767ece4c42d36dcdf7fd9eff83828ee0269', 'b3af32bc0f4f65173e7a180fa9400d934c2964b2056f3a3c43d3582e992975ab', 'e43e9eb122213387c9dbc9f067e24164cbc70bf48a89fc84536357e9f9fa0adc', 'eb3335d08f85191923f7b8ffca25f01e41adcb6f6d97ee4a2ca6272c6dc09242', '84ab2546942afe5b4c02f1b594e66251d0080da319e9573db9d0951077629d14', '2405e3ce17e80863d1ee6824015c89f44ede425080ffe80ee4d79cb34f26baae', 'd269bbd6cf30fffa379dcfeaa65db09b038f1715f8be532f60c71b625e017b74', '12ba6a98f7373adfe11c368836e91e9074cf5fe7f96344bdb8613f0699f22eeb', 'f8c16ca99647b90bc72085ca557ff359140b9fc45436cfce1dc1546510df2c63', '74dba832e1be117e847277e073f63a2cb044cea47cbda024593ae29b51821956', '45e87206ae9b02d35c6cbc025d449fc237c4fffef897cd2b6de83faa4a9a1a8c', '79b48192ff55c553c84e99f85b290aa4fa11c83223a24da9c281732cf1c27ba5', 'b53a9f6ecb58fabb613b26b3c796c35f07616500846230ae4d13b585fbc71f8c', '1b0a92c64c3008f136f370e27b696184f4bfbb24000dbe016ee1641b8435e875', '3b81c4fe45be926232a186278eefa2158a2fe78c1f3c1ca58b7b7abd8ced6a7b', '89ebda843c2ff508fb37e267fbe6bebb41a77af34c4ccf0a425fc130c41fb6f9', '19b09ad244ccda9f58d441ee9b73e2f703553ab2fdb969de16fe64b9d5e6b521', '8bde1aaae7f74c6b413e1f3a6a11cf9633b4d2eea603153715a11d608b9b1f10', '4ed4ae0280e781b83e51618d0d9a7ae6cbca45491cf45c7dc583b3b517fb3ec6', 'f0999c89e453bad5ee6900df54d6c04ea04eedd7082adb5ef11b3709a1f706ab', '1099cf12d2ba50842467014c61fa383f8597e95aac8f5bc537a764ca648dacd0', '742ce8904ce2f53187f639daae29f3cd07f002beb6e708e10bbf3bd6b18efcaf', '30c51d6c2f5df39f3c696278d7833d585b0555a00001769485f8d4de2a46e408']",1548944375196
817,9a49b22ad9a6193a48633a7b030cde153c37f3d079f32d3837be6de82f65d5dc,"[-0.11589191854000092, -0.07353973388671875, -0.029631920158863068, 0.01630016602575779, -0.04614599794149399, 0.16914361715316772, -0.07056605815887451, 0.06809639930725098, 0.007588770240545273, -0.25240322947502136, 0.05253221467137337, 0.019762372598052025, -0.022271031513810158, 0.04587870091199875, 0.06180495023727417, 0.033206816762685776, 0.02529372274875641, 0.10884993523359299, 0.020788967609405518, 0.014552243985235691, -0.057433806359767914, 0.009108118712902069, -0.007251031696796417, 0.008084176108241081, -0.028374724090099335, -0.05094396322965622, -0.10552720725536346, -0.04527062177658081, -0.023513909429311752, -0.03151232376694679, -0.09957277774810791, 0.013635130599141121, 0.06568792462348938, -0.08402322232723236, -0.027093593031167984, -0.03021547570824623, -0.10498388856649399, -0.001736864447593689, -0.008967814967036247, -0.0042749810963869095, 0.00790819525718689, -0.013105282559990883, 0.06311134994029999, 0.05909521132707596, 0.015863511711359024, -0.008960604667663574, -0.004013638943433762, -0.013092249631881714, 0.01178682316094637, -0.05808655545115471]",,"['4d45479446a63680c0a03c1f4a31b9e9a6cba5a9dface8c27f4aa816cf4603f5', '4a2a9bd5a05567384af2f7044800be99c8d0884be91db90416f13ebed52c993a', '7bcc7b64b90f3394fbcfb63b9a77d767ece4c42d36dcdf7fd9eff83828ee0269', 'b3af32bc0f4f65173e7a180fa9400d934c2964b2056f3a3c43d3582e992975ab', 'e43e9eb122213387c9dbc9f067e24164cbc70bf48a89fc84536357e9f9fa0adc', 'eb3335d08f85191923f7b8ffca25f01e41adcb6f6d97ee4a2ca6272c6dc09242', '84ab2546942afe5b4c02f1b594e66251d0080da319e9573db9d0951077629d14', '2405e3ce17e80863d1ee6824015c89f44ede425080ffe80ee4d79cb34f26baae', 'd269bbd6cf30fffa379dcfeaa65db09b038f1715f8be532f60c71b625e017b74', '12ba6a98f7373adfe11c368836e91e9074cf5fe7f96344bdb8613f0699f22eeb', 'f8c16ca99647b90bc72085ca557ff359140b9fc45436cfce1dc1546510df2c63', '74dba832e1be117e847277e073f63a2cb044cea47cbda024593ae29b51821956', '45e87206ae9b02d35c6cbc025d449fc237c4fffef897cd2b6de83faa4a9a1a8c', '79b48192ff55c553c84e99f85b290aa4fa11c83223a24da9c281732cf1c27ba5', 'b53a9f6ecb58fabb613b26b3c796c35f07616500846230ae4d13b585fbc71f8c', '1b0a92c64c3008f136f370e27b696184f4bfbb24000dbe016ee1641b8435e875', '3b81c4fe45be926232a186278eefa2158a2fe78c1f3c1ca58b7b7abd8ced6a7b', '89ebda843c2ff508fb37e267fbe6bebb41a77af34c4ccf0a425fc130c41fb6f9', '19b09ad244ccda9f58d441ee9b73e2f703553ab2fdb969de16fe64b9d5e6b521', '8bde1aaae7f74c6b413e1f3a6a11cf9633b4d2eea603153715a11d608b9b1f10', '4ed4ae0280e781b83e51618d0d9a7ae6cbca45491cf45c7dc583b3b517fb3ec6', 'f0999c89e453bad5ee6900df54d6c04ea04eedd7082adb5ef11b3709a1f706ab', '1099cf12d2ba50842467014c61fa383f8597e95aac8f5bc537a764ca648dacd0', '742ce8904ce2f53187f639daae29f3cd07f002beb6e708e10bbf3bd6b18efcaf', '30c51d6c2f5df39f3c696278d7833d585b0555a00001769485f8d4de2a46e408']",1548944375196
818,4bd633244df1617f70c0746e72f9b4e147c6b1963447c819d38d74979f2a330f,"[-0.13301818072795868, 0.06464982032775879, -0.08153527975082397, 0.025028152391314507, 0.07385411113500595, -0.12886783480644226, 0.06088325381278992, -0.07677401602268219, 0.05215700343251228, 0.003762020030990243, 0.006686204578727484, 0.021426938474178314, 0.05037928745150566, 0.013483954593539238, 0.017219189554452896, 0.06507943570613861, -0.03154287114739418, 0.04104573652148247, -0.013876023702323437, 0.06291857361793518, -0.013849370181560516, -0.04788856580853462, 0.0016981982626020908, 0.018748290836811066, -0.06636198610067368, 0.07213132828474045, -0.03360918164253235, 0.029734458774328232, 0.018337581306695938, 0.04766961187124252, 0.049569278955459595, 0.05133946239948273, 0.002337842481210828, 0.016042280942201614, -0.011355601251125336, 0.011938704177737236, 0.03401140868663788, 0.010465080849826336, -0.01898043602705002, -0.005279048345983028, 0.04720354825258255, -0.005460675340145826, 0.0011042747646570206, 0.0009222934022545815, 0.007385081611573696, -0.05206086486577988, 0.10957402735948563, -0.004417254123836756, 0.010622747242450714, -0.035471200942993164]","['88f7fa1f91b053793234b87351596fa37a0131b899e656c903cc50289f971d09', '88f7fa1f91b053793234b87351596fa37a0131b899e656c903cc50289f971d09', '88f7fa1f91b053793234b87351596fa37a0131b899e656c903cc50289f971d09', '88f7fa1f91b053793234b87351596fa37a0131b899e656c903cc50289f971d09', '88f7fa1f91b053793234b87351596fa37a0131b899e656c903cc50289f971d09']","['4dbaf646b59d882029c592276200470b6857c3757f291aa90d5ff2951d8b50d4', '88f7fa1f91b053793234b87351596fa37a0131b899e656c903cc50289f971d09', '17ecddf1d7e070f2f80e75570d61cbf12fb13b8abceb8df9823ad086d68f4385', '00320b65aee24edfe958f6ec82fcbbac4e81e5132efd4635f0bd305b316c921c', '36f096c2670017dc9e73861c5726a65ac7851ad66de091d5e2c832b6e23dbb05', '1fd3e3497d96e7e37f401a7b3f3250f1bc50bd8c948ce070f9eae435ff3b9223', 'dff38d7951e7f62d10847301022cedfcc2fc995d662c87915444b93610d9c384', '6f3fa7d5d00bf631e6429afac828728c0cf67a76d51ab4fd7be80429b21048fd', '69664345865a430e8235f472a6961c9b9946c8a49be170d45b37b27fb0512144', '6661b1814615db7d028c96484f9ff89b28c490f427493c464eaa237d8285c8c9', 'f498a0e9796ae637f3a5b5a735a5729cf8b60faae9b26b9679026269b999fa74', '554c91520fcde1be0219f0fa15fdbaf0acfd099e1b53848ba7d05e99b6e63f76', 'f78234f7ca780d905c5fee4778855b23289994dddcd9801e9f3f2cc8eeee075e', '56e00a4ffb8cea7b26af356d4ee79c938bc991bf036178a6e9cc1db9abe6c2f1', '917ca392a46897d4401c4e3c3099639a91d74ed3e894e450ebd84c25cc47115b', 'bcbb1ee90e2f8a22a47d75171cadd969f257c52cfb21f46493d9cd34920625e5', '37961dbdd9ed08592def8c931bdcf377e662c326cd257031fd862ffb0c8120ac', '95ebb418834b7476b3884ac447bf538582fca80067585368f7adad77de87b9d4', '73494ad23aded311fd5587b6e677548d991c8ca1b875a022af7d4b694b7df1ac', '67c32d3346c5332971f7bec11da2a939f874a0f6fc21587a9d6215096706b402', '068cb99c3f0267d3bee16a7ec75d454b1da1b171370b26361081283494b6fb4d', '39cc3cfcca5dc71f062ec85e756853e60ff020e2106fdf4fd092e6e9587d6742', 'a45a06ca1f0e1166dfe1466308e3629317811b1de9a145b8f5c52f9a7e5ca691', '465d5d5b3a468789cee2410a4d435e20a1d21512a2c514a297ae35342d4f3f4b', '87bdb50ba6728f6de5b98efe2d97599e2f51c9778b85a9cdcf780d912969d6fe']",1548016896226
819,4bd633244df1617f70c0746e72f9b4e147c6b1963447c819d38d74979f2a330f,"[-0.18462328612804413, 0.11324433982372284, -0.08206670731306076, -0.03459693491458893, 0.09189050644636154, -0.12232675403356552, 0.05553259700536728, -0.029907314106822014, 0.06581234931945801, 0.013530943542718887, 0.019012391567230225, 0.040725719183683395, 0.13424581289291382, 0.027782179415225983, -0.015318852849304676, -0.007544439285993576, -0.014345409348607063, 0.04105013981461525, -0.017523691058158875, 0.06282594799995422, -0.010992169380187988, -0.05349681153893471, 0.027506519109010696, 0.05718238651752472, -0.043195825070142746, 0.06750711798667908, -0.029950596392154694, 0.03235888481140137, 0.03239675238728523, 0.04855984076857567, 0.05641533434391022, 0.03377443924546242, 0.009530285373330116, 0.02013327181339264, -0.001303650438785553, 0.025221452116966248, 0.03825424611568451, 0.008841474540531635, -0.02507868967950344, -0.014551262371242046, 0.03771128132939339, -0.006845097057521343, 0.008527004159986973, -0.0013149103615432978, 0.012320647947490215, -0.055825263261795044, 0.1076449602842331, -0.0103707704693079, 0.01633439213037491, -0.031267598271369934]",,"['4dbaf646b59d882029c592276200470b6857c3757f291aa90d5ff2951d8b50d4', '88f7fa1f91b053793234b87351596fa37a0131b899e656c903cc50289f971d09', '36f096c2670017dc9e73861c5726a65ac7851ad66de091d5e2c832b6e23dbb05', 'f498a0e9796ae637f3a5b5a735a5729cf8b60faae9b26b9679026269b999fa74', '554c91520fcde1be0219f0fa15fdbaf0acfd099e1b53848ba7d05e99b6e63f76', '56e00a4ffb8cea7b26af356d4ee79c938bc991bf036178a6e9cc1db9abe6c2f1', '917ca392a46897d4401c4e3c3099639a91d74ed3e894e450ebd84c25cc47115b', 'bcbb1ee90e2f8a22a47d75171cadd969f257c52cfb21f46493d9cd34920625e5', '37961dbdd9ed08592def8c931bdcf377e662c326cd257031fd862ffb0c8120ac', '95ebb418834b7476b3884ac447bf538582fca80067585368f7adad77de87b9d4', '73494ad23aded311fd5587b6e677548d991c8ca1b875a022af7d4b694b7df1ac', '67c32d3346c5332971f7bec11da2a939f874a0f6fc21587a9d6215096706b402', '068cb99c3f0267d3bee16a7ec75d454b1da1b171370b26361081283494b6fb4d', '39cc3cfcca5dc71f062ec85e756853e60ff020e2106fdf4fd092e6e9587d6742', 'a45a06ca1f0e1166dfe1466308e3629317811b1de9a145b8f5c52f9a7e5ca691', '465d5d5b3a468789cee2410a4d435e20a1d21512a2c514a297ae35342d4f3f4b', '87bdb50ba6728f6de5b98efe2d97599e2f51c9778b85a9cdcf780d912969d6fe', '6a3118002bf410d35df091f781acacf98f90763904d4f5501f4cc4f18f268ab6', 'a10165440f1101caaf9d271125dceeebe33e5429b8d6b558deaaf6a04f272ead', 'd1a27444f5c6da96a51aa1772575962169fbd1d5dac6e3cd518d3d18cbdcd6a2', '9abd5304a925fe0b93e88fcfde9cfb9e3feb7cd51d7b56a8f6570094c79550a3', '096072bd5b64d887f67e02128e6ed0d4fa8557d78581995461c14fa5c7571604', '8b60ef6fed9fec0c265734fc193ac2bc777044cc921330516da48e0d0dbdf085', '84de6288ff36e2fc7e0249b6683d84056b62b4eab811c76cf9678ae84409e62d', '39008c31b848d31bcbd078a2e0209efbefb9b608737a6b35158d7f862c369c8a']",1548017141035
820,4bd633244df1617f70c0746e72f9b4e147c6b1963447c819d38d74979f2a330f,"[-0.12039612978696823, 0.03826312720775604, -0.1488317996263504, 0.015311933122575283, 0.10040462017059326, -0.0991458147764206, 0.03522861376404762, 0.03234888240695, -0.02329365536570549, -0.013670554384589195, 0.0011633015237748623, 0.0034053130075335503, 0.13241049647331238, 0.051971301436424255, -0.0209612175822258, 0.04123134911060333, 0.04043709859251976, 0.03604678064584732, -0.035250891000032425, 0.014041418209671974, 0.0716155618429184, -0.03943653404712677, 0.05320654809474945, 0.04146304726600647, -0.022963259369134903, 0.08113064616918564, -0.008560514077544212, 0.034299030900001526, -0.009275107644498348, 0.05477600544691086, 0.058850664645433426, 0.07770463079214096, 0.020868586376309395, 0.035449083894491196, -0.01902792602777481, 0.030413074418902397, 0.039282314479351044, -0.01536678895354271, -0.0179031640291214, -0.007861205376684666, 0.03648396581411362, 0.009293214417994022, -0.025194810703396797, -0.01051419135183096, 0.028937704861164093, -0.025044333189725876, 0.10647600144147873, -0.0016076656756922603, 0.028446335345506668, -0.06902159750461578]","['4dbaf646b59d882029c592276200470b6857c3757f291aa90d5ff2951d8b50d4', '4dbaf646b59d882029c592276200470b6857c3757f291aa90d5ff2951d8b50d4', '4dbaf646b59d882029c592276200470b6857c3757f291aa90d5ff2951d8b50d4', '4dbaf646b59d882029c592276200470b6857c3757f291aa90d5ff2951d8b50d4']","['4dbaf646b59d882029c592276200470b6857c3757f291aa90d5ff2951d8b50d4', '88f7fa1f91b053793234b87351596fa37a0131b899e656c903cc50289f971d09']",1548017495255
821,824679cb2e555cb1989479cf01eea351ce543fc3ef000c929ea5e0b45394a9f1,"[-0.10249882936477661, 0.02211836911737919, 0.3118746280670166, 0.2630349397659302, 0.04069114848971367, 0.05837276205420494, -0.04499426856637001, 0.03081241063773632, 0.14439207315444946, -0.04655768349766731, 0.11640045046806335, -0.032648857682943344, -0.028003953397274017, -0.04346329718828201, 0.03250010311603546, -0.009467769414186478, -0.015395375899970531, 0.015589835122227669, -0.01868588477373123, -0.0032084290869534016, -0.011785078793764114, -0.026617981493473053, -0.009679019451141357, 2.2251391783356667e-05, 0.06734617054462433, 0.005242072511464357, 0.03633550554513931, -0.020640896633267403, 0.02638133615255356, 0.022541124373674393, 0.05227207392454147, -0.006483395583927631, -0.0038064206019043922, 0.020620357245206833, -0.022126084193587303, 0.0419783890247345, -0.03574515879154205, -0.007252671290189028, 0.016662390902638435, -0.0046640364453196526, -0.0028397529385983944, 0.0026107323355972767, -0.01785830222070217, -0.01112273894250393, 0.01596255972981453, 0.03443240374326706, 0.015232132747769356, 0.01481824554502964, 0.01591460593044758, -0.0050589232705533504]",,,1549941348072
822,824679cb2e555cb1989479cf01eea351ce543fc3ef000c929ea5e0b45394a9f1,"[-0.10249882936477661, 0.02211836911737919, 0.3118746280670166, 0.2630349397659302, 0.04069114848971367, 0.05837276205420494, -0.04499426856637001, 0.03081241063773632, 0.14439207315444946, -0.04655768349766731, 0.11640045046806335, -0.032648857682943344, -0.028003953397274017, -0.04346329718828201, 0.03250010311603546, -0.009467769414186478, -0.015395375899970531, 0.015589835122227669, -0.01868588477373123, -0.0032084290869534016, -0.011785078793764114, -0.026617981493473053, -0.009679019451141357, 2.2251391783356667e-05, 0.06734617054462433, 0.005242072511464357, 0.03633550554513931, -0.020640896633267403, 0.02638133615255356, 0.022541124373674393, 0.05227207392454147, -0.006483395583927631, -0.0038064206019043922, 0.020620357245206833, -0.022126084193587303, 0.0419783890247345, -0.03574515879154205, -0.007252671290189028, 0.016662390902638435, -0.0046640364453196526, -0.0028397529385983944, 0.0026107323355972767, -0.01785830222070217, -0.01112273894250393, 0.01596255972981453, 0.03443240374326706, 0.015232132747769356, 0.01481824554502964, 0.01591460593044758, -0.0050589232705533504]",,,1549941348072
823,824679cb2e555cb1989479cf01eea351ce543fc3ef000c929ea5e0b45394a9f1,"[-0.10249882936477661, 0.02211836911737919, 0.3118746280670166, 0.2630349397659302, 0.04069114848971367, 0.05837276205420494, -0.04499426856637001, 0.03081241063773632, 0.14439207315444946, -0.04655768349766731, 0.11640045046806335, -0.032648857682943344, -0.028003953397274017, -0.04346329718828201, 0.03250010311603546, -0.009467769414186478, -0.015395375899970531, 0.015589835122227669, -0.01868588477373123, -0.0032084290869534016, -0.011785078793764114, -0.026617981493473053, -0.009679019451141357, 2.2251391783356667e-05, 0.06734617054462433, 0.005242072511464357, 0.03633550554513931, -0.020640896633267403, 0.02638133615255356, 0.022541124373674393, 0.05227207392454147, -0.006483395583927631, -0.0038064206019043922, 0.020620357245206833, -0.022126084193587303, 0.0419783890247345, -0.03574515879154205, -0.007252671290189028, 0.016662390902638435, -0.0046640364453196526, -0.0028397529385983944, 0.0026107323355972767, -0.01785830222070217, -0.01112273894250393, 0.01596255972981453, 0.03443240374326706, 0.015232132747769356, 0.01481824554502964, 0.01591460593044758, -0.0050589232705533504]",,,1549941348072
824,824679cb2e555cb1989479cf01eea351ce543fc3ef000c929ea5e0b45394a9f1,"[-0.2382214367389679, 0.1940608024597168, 0.3841535449028015, 0.14430342614650726, 0.042010292410850525, -0.026210667565464973, -0.12294691801071167, 0.02142227627336979, 0.1495491862297058, -0.08650054037570953, -0.15471972525119781, -0.0057019805535674095, -0.12685969471931458, 0.14300039410591125, -0.13904570043087006, -0.032198239117860794, -0.006906036287546158, 0.06519560515880585, -0.035586878657341, -0.008742566220462322, -0.013947313651442528, -0.03131633996963501, -0.00664138188585639, -0.05396699160337448, 0.0018160007894039154, -0.020835626870393753, 0.0079794367775321, -0.000275343656539917, 0.008164049126207829, 0.05409535765647888, 0.03424634039402008, -0.018198251724243164, 0.015370271168649197, 0.04661888629198074, -0.06284700334072113, 0.011960653588175774, -0.014342266134917736, 0.04647834599018097, -0.0012456445256248116, -0.006502090021967888, -0.009251957759261131, -0.024997349828481674, -0.035788048058748245, -0.022439394146203995, 0.003975385800004005, 0.030783623456954956, -0.0028961417265236378, 0.016903765499591827, 0.014045951887965202, -0.01043635606765747]","['97bf2c045b2f217b264939232788a1c7d16d87644d4a8b6b19f3892a0aafa08b', '97bf2c045b2f217b264939232788a1c7d16d87644d4a8b6b19f3892a0aafa08b']","['2368d10d82de8965ad4e704d52eab6b391b515a46691e6fd183929712f610be8', '7438932c9b8c7a589c90ae9a14b72f3cff0f1a81f479b0827643e218b64037f7', '24209f90398b30bd97c374936d82aabfedf1ac51347c81b88cdded4eb3518cbc', 'f38f02b27daf17aed4cde3eb3599baa5dd1ac76bb059c9696e8fd1f556e3d57f', 'edbe9920994be5b6fd3dd14921957253956a4669283f058859dfcc49b1c3bcfc', '97bf2c045b2f217b264939232788a1c7d16d87644d4a8b6b19f3892a0aafa08b', '7b1e5acb21258a4c49968b052b7555276f07930599d223c402c0429625243296', 'ef3426766bc0a3bba4ce7432eb9088e255e77cad87a32961ff086a2f76ec1b87', '9e858cf4537273bfe1fa33b09633b034a7751bea1b640dfc1445d074bac7917f', '93c9558a790e77c68590cf76f1e572f5f7bae0135248d0062c8b8215f3305eef', '4d610acab101f16830a0a89b5d486d8f9bd1b90a85c8e93baf02ce854d68abe5', 'b57e464c2c69ef1e9f6e6eac484fa223295e8dfb4059a30d375d2e4926f8ba54', 'abd4308633e82469c3171ca718df258af6cd2bcc0cf852cde63dc3bf745bf827', 'c6a5719771c16a9d0351e6be7a38935d910a5f1c3ebe54f6bae5b138322aab4b', '07e36b70e0c4c47615e514f83c46b1cef1f6215cdef6ea1f1e62e0aa12fc7ad7', '3d0d99c1b0a0f4499228ac7e438f989821efd8ef8be29f8d17f6b27cb9f236ec', 'eb8ee8feadd4f59a8e99657791866ac4b4f66aa9f4f18ec2188f7ed4ed5dc132', 'a26a4f0a7948d8ee2256553309aa0d64438ead61b2f7951d75cbde50ad47c5d5', '325289f17277399ace27af9bd3faff1125cfd2925daa51a18cfa90fa0b9fb5a1', '58e95a40e79c1960834fa0e0d0e78e4bba16b305273762b1078ae4fd2040a04b', 'fcf5fc35abe9a3faac70cefa6285973826347ac64cacf90151ee079c55b2a78d', '85de46b37270d60a6b470bfe8b8a8d9dd74f6ab08af93defd8a8514510c90c91', '2f061df16cb64f52ea157066172da741569c2b989dc8979c3b48476a82008269', '7a7289847b13a4acc76587d81d8045706a4e7ac765c983226e95996f33350140', 'c82b0e7d7ca0dc4b5c00625ff1da3082b3fd2272bf83fac13bc61fd285854b31']",1549941419622
825,824679cb2e555cb1989479cf01eea351ce543fc3ef000c929ea5e0b45394a9f1,"[-0.2382214367389679, 0.1940608024597168, 0.3841535449028015, 0.14430342614650726, 0.042010292410850525, -0.026210667565464973, -0.12294691801071167, 0.02142227627336979, 0.1495491862297058, -0.08650054037570953, -0.15471972525119781, -0.0057019805535674095, -0.12685969471931458, 0.14300039410591125, -0.13904570043087006, -0.032198239117860794, -0.006906036287546158, 0.06519560515880585, -0.035586878657341, -0.008742566220462322, -0.013947313651442528, -0.03131633996963501, -0.00664138188585639, -0.05396699160337448, 0.0018160007894039154, -0.020835626870393753, 0.0079794367775321, -0.000275343656539917, 0.008164049126207829, 0.05409535765647888, 0.03424634039402008, -0.018198251724243164, 0.015370271168649197, 0.04661888629198074, -0.06284700334072113, 0.011960653588175774, -0.014342266134917736, 0.04647834599018097, -0.0012456445256248116, -0.006502090021967888, -0.009251957759261131, -0.024997349828481674, -0.035788048058748245, -0.022439394146203995, 0.003975385800004005, 0.030783623456954956, -0.0028961417265236378, 0.016903765499591827, 0.014045951887965202, -0.01043635606765747]","['97bf2c045b2f217b264939232788a1c7d16d87644d4a8b6b19f3892a0aafa08b', '97bf2c045b2f217b264939232788a1c7d16d87644d4a8b6b19f3892a0aafa08b']","['2368d10d82de8965ad4e704d52eab6b391b515a46691e6fd183929712f610be8', '7438932c9b8c7a589c90ae9a14b72f3cff0f1a81f479b0827643e218b64037f7', '24209f90398b30bd97c374936d82aabfedf1ac51347c81b88cdded4eb3518cbc', 'f38f02b27daf17aed4cde3eb3599baa5dd1ac76bb059c9696e8fd1f556e3d57f', 'edbe9920994be5b6fd3dd14921957253956a4669283f058859dfcc49b1c3bcfc', '97bf2c045b2f217b264939232788a1c7d16d87644d4a8b6b19f3892a0aafa08b', '7b1e5acb21258a4c49968b052b7555276f07930599d223c402c0429625243296', 'ef3426766bc0a3bba4ce7432eb9088e255e77cad87a32961ff086a2f76ec1b87', '9e858cf4537273bfe1fa33b09633b034a7751bea1b640dfc1445d074bac7917f', '93c9558a790e77c68590cf76f1e572f5f7bae0135248d0062c8b8215f3305eef', '4d610acab101f16830a0a89b5d486d8f9bd1b90a85c8e93baf02ce854d68abe5', 'b57e464c2c69ef1e9f6e6eac484fa223295e8dfb4059a30d375d2e4926f8ba54', 'abd4308633e82469c3171ca718df258af6cd2bcc0cf852cde63dc3bf745bf827', 'c6a5719771c16a9d0351e6be7a38935d910a5f1c3ebe54f6bae5b138322aab4b', '07e36b70e0c4c47615e514f83c46b1cef1f6215cdef6ea1f1e62e0aa12fc7ad7', '3d0d99c1b0a0f4499228ac7e438f989821efd8ef8be29f8d17f6b27cb9f236ec', 'eb8ee8feadd4f59a8e99657791866ac4b4f66aa9f4f18ec2188f7ed4ed5dc132', 'a26a4f0a7948d8ee2256553309aa0d64438ead61b2f7951d75cbde50ad47c5d5', '325289f17277399ace27af9bd3faff1125cfd2925daa51a18cfa90fa0b9fb5a1', '58e95a40e79c1960834fa0e0d0e78e4bba16b305273762b1078ae4fd2040a04b', 'fcf5fc35abe9a3faac70cefa6285973826347ac64cacf90151ee079c55b2a78d', '85de46b37270d60a6b470bfe8b8a8d9dd74f6ab08af93defd8a8514510c90c91', '2f061df16cb64f52ea157066172da741569c2b989dc8979c3b48476a82008269', '7a7289847b13a4acc76587d81d8045706a4e7ac765c983226e95996f33350140', 'c82b0e7d7ca0dc4b5c00625ff1da3082b3fd2272bf83fac13bc61fd285854b31']",1549941419622
826,824679cb2e555cb1989479cf01eea351ce543fc3ef000c929ea5e0b45394a9f1,"[-0.2382214367389679, 0.1940608024597168, 0.3841535449028015, 0.14430342614650726, 0.042010292410850525, -0.026210667565464973, -0.12294691801071167, 0.02142227627336979, 0.1495491862297058, -0.08650054037570953, -0.15471972525119781, -0.0057019805535674095, -0.12685969471931458, 0.14300039410591125, -0.13904570043087006, -0.032198239117860794, -0.006906036287546158, 0.06519560515880585, -0.035586878657341, -0.008742566220462322, -0.013947313651442528, -0.03131633996963501, -0.00664138188585639, -0.05396699160337448, 0.0018160007894039154, -0.020835626870393753, 0.0079794367775321, -0.000275343656539917, 0.008164049126207829, 0.05409535765647888, 0.03424634039402008, -0.018198251724243164, 0.015370271168649197, 0.04661888629198074, -0.06284700334072113, 0.011960653588175774, -0.014342266134917736, 0.04647834599018097, -0.0012456445256248116, -0.006502090021967888, -0.009251957759261131, -0.024997349828481674, -0.035788048058748245, -0.022439394146203995, 0.003975385800004005, 0.030783623456954956, -0.0028961417265236378, 0.016903765499591827, 0.014045951887965202, -0.01043635606765747]","['97bf2c045b2f217b264939232788a1c7d16d87644d4a8b6b19f3892a0aafa08b', '97bf2c045b2f217b264939232788a1c7d16d87644d4a8b6b19f3892a0aafa08b']","['2368d10d82de8965ad4e704d52eab6b391b515a46691e6fd183929712f610be8', '7438932c9b8c7a589c90ae9a14b72f3cff0f1a81f479b0827643e218b64037f7', '24209f90398b30bd97c374936d82aabfedf1ac51347c81b88cdded4eb3518cbc', 'f38f02b27daf17aed4cde3eb3599baa5dd1ac76bb059c9696e8fd1f556e3d57f', 'edbe9920994be5b6fd3dd14921957253956a4669283f058859dfcc49b1c3bcfc', '97bf2c045b2f217b264939232788a1c7d16d87644d4a8b6b19f3892a0aafa08b', '7b1e5acb21258a4c49968b052b7555276f07930599d223c402c0429625243296', 'ef3426766bc0a3bba4ce7432eb9088e255e77cad87a32961ff086a2f76ec1b87', '9e858cf4537273bfe1fa33b09633b034a7751bea1b640dfc1445d074bac7917f', '93c9558a790e77c68590cf76f1e572f5f7bae0135248d0062c8b8215f3305eef', '4d610acab101f16830a0a89b5d486d8f9bd1b90a85c8e93baf02ce854d68abe5', 'b57e464c2c69ef1e9f6e6eac484fa223295e8dfb4059a30d375d2e4926f8ba54', 'abd4308633e82469c3171ca718df258af6cd2bcc0cf852cde63dc3bf745bf827', 'c6a5719771c16a9d0351e6be7a38935d910a5f1c3ebe54f6bae5b138322aab4b', '07e36b70e0c4c47615e514f83c46b1cef1f6215cdef6ea1f1e62e0aa12fc7ad7', '3d0d99c1b0a0f4499228ac7e438f989821efd8ef8be29f8d17f6b27cb9f236ec', 'eb8ee8feadd4f59a8e99657791866ac4b4f66aa9f4f18ec2188f7ed4ed5dc132', 'a26a4f0a7948d8ee2256553309aa0d64438ead61b2f7951d75cbde50ad47c5d5', '325289f17277399ace27af9bd3faff1125cfd2925daa51a18cfa90fa0b9fb5a1', '58e95a40e79c1960834fa0e0d0e78e4bba16b305273762b1078ae4fd2040a04b', 'fcf5fc35abe9a3faac70cefa6285973826347ac64cacf90151ee079c55b2a78d', '85de46b37270d60a6b470bfe8b8a8d9dd74f6ab08af93defd8a8514510c90c91', '2f061df16cb64f52ea157066172da741569c2b989dc8979c3b48476a82008269', '7a7289847b13a4acc76587d81d8045706a4e7ac765c983226e95996f33350140', 'c82b0e7d7ca0dc4b5c00625ff1da3082b3fd2272bf83fac13bc61fd285854b31']",1549941419622
827,68a379c3d947fdd173b6691580843cc6a13a125c48ca7ae8c2fef5a631e88648,"[-0.235015869140625, 0.04800999164581299, -0.05205744504928589, -0.15890035033226013, -0.07176995277404785, 0.03684258460998535, 0.2470894157886505, 0.2406649887561798, 0.013165012001991272, 0.07726826518774033, 0.147368922829628, 0.042304638773202896, 0.09535664319992065, 0.047375377267599106, -0.10474957525730133, -0.13833141326904297, 0.10056322813034058, 0.02185705490410328, -0.07837517559528351, -0.07385317981243134, 0.006805179640650749, 0.08763247728347778, 0.057255856692790985, 0.15440888702869415, -0.06650502234697342, 0.10976162552833557, 0.03622940927743912, -0.09006736427545547, -0.033751606941223145, -0.004224163945764303, -0.018692078068852425, -0.1247515007853508, -0.05830559879541397, 0.0651991218328476, -0.0029111269395798445, 0.055787764489650726, -0.025117119774222374, -0.022312939167022705, -0.00020353170111775398, -0.009127425029873848, -0.004777334630489349, -0.00109848752617836, 0.026049338281154633, -0.02485019713640213, 0.02163124270737171, 0.008487742394208908, 0.026036439463496208, 0.015748050063848495, 0.050902627408504486, -0.09010075777769089]",['528374084af9a94fc4b5a600c2808bc5b7c92ada5b388caee24df0ad18a4a8ff'],"['0016954233337d5bec47011f855dbbba058f25ecab0f7e08028f900309b97e8f', '528374084af9a94fc4b5a600c2808bc5b7c92ada5b388caee24df0ad18a4a8ff', '59b01ad43c891d5111eb94001ad888ac93b7dbfb433efc950b6683c236832b3f', 'd9523be4c50d548bc7595cead94b4280f50a6e589b969974cb5ddb53de04df49', 'e94bf77bafcfb9010286c3518e71139f085450183fd5e08c65fcb9f2444945f6']",1548893017435
828,68a379c3d947fdd173b6691580843cc6a13a125c48ca7ae8c2fef5a631e88648,"[-0.235015869140625, 0.04800999164581299, -0.05205744504928589, -0.15890035033226013, -0.07176995277404785, 0.03684258460998535, 0.2470894157886505, 0.2406649887561798, 0.013165012001991272, 0.07726826518774033, 0.147368922829628, 0.042304638773202896, 0.09535664319992065, 0.047375377267599106, -0.10474957525730133, -0.13833141326904297, 0.10056322813034058, 0.02185705490410328, -0.07837517559528351, -0.07385317981243134, 0.006805179640650749, 0.08763247728347778, 0.057255856692790985, 0.15440888702869415, -0.06650502234697342, 0.10976162552833557, 0.03622940927743912, -0.09006736427545547, -0.033751606941223145, -0.004224163945764303, -0.018692078068852425, -0.1247515007853508, -0.05830559879541397, 0.0651991218328476, -0.0029111269395798445, 0.055787764489650726, -0.025117119774222374, -0.022312939167022705, -0.00020353170111775398, -0.009127425029873848, -0.004777334630489349, -0.00109848752617836, 0.026049338281154633, -0.02485019713640213, 0.02163124270737171, 0.008487742394208908, 0.026036439463496208, 0.015748050063848495, 0.050902627408504486, -0.09010075777769089]",['528374084af9a94fc4b5a600c2808bc5b7c92ada5b388caee24df0ad18a4a8ff'],"['0016954233337d5bec47011f855dbbba058f25ecab0f7e08028f900309b97e8f', '528374084af9a94fc4b5a600c2808bc5b7c92ada5b388caee24df0ad18a4a8ff', '59b01ad43c891d5111eb94001ad888ac93b7dbfb433efc950b6683c236832b3f', 'd9523be4c50d548bc7595cead94b4280f50a6e589b969974cb5ddb53de04df49', 'e94bf77bafcfb9010286c3518e71139f085450183fd5e08c65fcb9f2444945f6']",1548893017435
829,800161e596d5a04184d1805c4d673a6b0e31eb39499554e3a0b1a1f9a02805df,"[-0.12526096403598785, 0.020367568358778954, -0.04318863898515701, -0.036314792931079865, 0.2107366919517517, 0.059249959886074066, -0.06938789784908295, 0.026100000366568565, 0.11163346469402313, 0.09750297665596008, 0.2909758687019348, -0.02036047726869583, 0.07372428476810455, 0.22997316718101501, -0.0701851174235344, -0.09822864830493927, 0.012605777010321617, -0.06797352433204651, -0.028846560046076775, 0.038389503955841064, -0.09236913174390793, 0.08820582926273346, 0.0004698829725384712, -0.007849149405956268, 0.025269074365496635, 0.2644309401512146, 0.00748792290687561, -0.04186549782752991, -0.05755556374788284, -0.07740101963281631, -0.008232971653342247, -0.0655943974852562, -0.042535509914159775, 0.007339300587773323, -0.015847837552428246, -0.01529703103005886, 0.04128512367606163, -0.017406202852725983, -0.030913591384887695, 0.024948662146925926, 0.04018767923116684, 0.10165214538574219, -0.007007056847214699, -0.039888691157102585, -0.02924972027540207, 0.015246182680130005, 0.009022409096360207, -0.07882341742515564, -0.007312038913369179, -0.010707881301641464]",,,1548427296297
830,800161e596d5a04184d1805c4d673a6b0e31eb39499554e3a0b1a1f9a02805df,"[-0.05430825054645538, -0.1283005177974701, 0.0015042254235595465, 0.011765049770474434, 0.18560460209846497, 0.047721847891807556, 0.12167665362358093, -0.1295858472585678, -0.05916104465723038, -0.051535479724407196, -0.04029426723718643, 0.020516181364655495, 0.007235562428832054, 0.012907462194561958, 0.0006849118508398533, 0.015846945345401764, -0.02098012901842594, -0.028232391923666, 0.012322437018156052, 0.04203958436846733, 0.04593284800648689, 0.022384969517588615, -0.019671596586704254, -0.013257025741040707, 0.026092365384101868, 0.006393877789378166, -0.0072664860635995865, -0.010078184306621552, -0.0061909789219498634, -0.005121069494634867, -0.006289130542427301, 0.013950416818261147, -0.02296404168009758, 0.018329914659261703, -0.01978246122598648, -0.0033698882907629013, -0.022833144292235374, 0.02521374821662903, 0.0020200847648084164, 0.03465745598077774, -0.010766417719423771, -0.008183394558727741, -0.016980135813355446, -0.016343340277671814, 0.027617014944553375, -0.02672780118882656, -0.011966882273554802, 0.0044326176866889, 0.006330962758511305, 0.005489706993103027]",,"['2e9f9c3ee24ca48ded40acee9d174f24c33375cfda223e095b4886881c981d2f', '396a86fc10ffeb2b575f7f89c6da8014b180c4c672d4c3e2db40bb09c9f56147', '8fdb0768d09d017f5ea5e1e1258b8a8d37e21a5cfc933dd149b06dc033a36ba3', 'a27496708698fc99e7ffef793d6882021baa46c4eb7569ac1c2c8172e7738c39', '47d2545d8bb6fb08affc1882f6c57b41432d7fa39b6322f738a5f2c8398b112a', '9a8616d33af4aef0a159df2caa64228e1a2bebdae2cd434880a9cf7590273959', '6ae30a5aa66fefa246cf8a92feec3d17dcb8ee6c07d27a5fc3d6902958503b4a', '41b3c3dabd1909e738117d97bd75255374b13bc4905fbdacb8d84bb520537d29', 'd70cb834de90088b0d224bbf187196337e2cca1a55d71b67ec378891ffe9d423', '5152ce04ed2d75b4384e974adb9e23ecd2dbc3335bbf9ee2f6c6e632acb2f39d', '487fe6c6d8d86e2c027d509e1147be56284c6fd03db5b018ec03bfe050d2276b', '3c20cd80e1a24d3c21680b72f0270d6daebccb935c6e7c012418d7c740fb24cd', 'd9ccffd95912c969f6c1de7f3f680b5768178c38ac4e1bc4125df435befabae5', '2fbbb0fcf4c46a3883a51c87e99a217176fec75febacbca385ce3097027dbc44', '49391c35c2ed19baa9305a156eb44cfe470aeebc3106d60e438908baa69010e2', '11e829eef9e6efa1449f851a766d93d8f03acd20576dfb80d975769269529b9e', 'cec523840dd316021675f8ccfd69192fc4da242bd02a9dc10bde7814951f0977', '02da612e90010d250e788a3ac0c1dbfded747539ce0c87c0a64ec1a42ebe7914', 'a49abd18dbc9e0e29c971b44a8fe6c6e7a37a8cb3cc793c47093aabe86cee2ff', 'e43128e802b1404af114389c35ac44e588ae802dfa622c5ef230b39267b298a4', '7bb4254125aa3ea76a44e4c931e4d8fb95ff85367e83f62c35d67af3bc9b7742', '99841567277be1d1ddf35a434437ca73cbf611d563329fe99d44ddbac98a0ae7', '7d67532cea27df443a17e4268a14efe77686c3f275021457c3fa52d754f61e4d', '6306020690ca1ce290d214aa2414455a3d6d2e8772a4cbd6d02af336245b4b5b', '30a9a3989388e05f2d96cf5818894d9eb8b4c5dcd901d25213a7a95c2bd58dd1']",1548427336522
831,79cdde13b19443b65cb66a4f03625f30c8c961f1b2598e18857017e46c1e7df8,"[-0.10362851619720459, -0.03712759166955948, -0.0311981663107872, 0.010586418211460114, 0.14136068522930145, 0.0572497621178627, 0.0005268867244012654, -0.07294683903455734, 0.06905972212553024, -0.030523423105478287, 0.21851304173469543, -0.031305942684412, -0.020335156470537186, 0.13084761798381805, -0.04411761462688446, -0.03426196053624153, -0.08138486742973328, -0.052045438438653946, 0.008447591215372086, 0.08212561160326004, -0.04377700760960579, 0.056772373616695404, -0.10730142891407013, -0.02194138616323471, 0.021772127598524094, 0.19583992660045624, -0.030327897518873215, 0.03427721560001373, -0.027750197798013687, -0.07308992743492126, -0.012579889968037605, -0.06980933248996735, -0.035780876874923706, -0.00052878528367728, -0.028763646259903908, -0.05448925495147705, 0.04673921316862106, -0.007768750190734863, -0.0725325271487236, 0.03588112071156502, 0.0411686971783638, 0.04261191934347153, -0.01416302565485239, -0.037713758647441864, -0.03920469060540199, 0.00503130629658699, -0.006115540396422148, -0.067750945687294, 0.013234556652605534, -0.023770896717905998]",,"['2e9f9c3ee24ca48ded40acee9d174f24c33375cfda223e095b4886881c981d2f', '396a86fc10ffeb2b575f7f89c6da8014b180c4c672d4c3e2db40bb09c9f56147', '8fdb0768d09d017f5ea5e1e1258b8a8d37e21a5cfc933dd149b06dc033a36ba3', 'a27496708698fc99e7ffef793d6882021baa46c4eb7569ac1c2c8172e7738c39', 'd70cb834de90088b0d224bbf187196337e2cca1a55d71b67ec378891ffe9d423', '5152ce04ed2d75b4384e974adb9e23ecd2dbc3335bbf9ee2f6c6e632acb2f39d', '3c20cd80e1a24d3c21680b72f0270d6daebccb935c6e7c012418d7c740fb24cd', '2fbbb0fcf4c46a3883a51c87e99a217176fec75febacbca385ce3097027dbc44', '7bb4254125aa3ea76a44e4c931e4d8fb95ff85367e83f62c35d67af3bc9b7742', '99841567277be1d1ddf35a434437ca73cbf611d563329fe99d44ddbac98a0ae7', '7d67532cea27df443a17e4268a14efe77686c3f275021457c3fa52d754f61e4d', '49391c35c2ed19baa9305a156eb44cfe470aeebc3106d60e438908baa69010e2', '2382ea3b1f327d9b06af9ab856b4738f37aa8cdb73b406508ab099e89105f26f', '538fbce9f39574bc3a5d5bf704bce5b7c915b18d692bb9ccf2e7740e070ead9a', '0f7df6bff2782038ac77adf845a8865406feb3a4f4ca6e8894636ab0123ee92d', 'ed511a57991db4194e770d2c2c22719bdca316efd733440df16e1a25f76b64ca', '9037cf6254353f67e49ff0606e79ba204d3136a6dc6c02737d290ddcf8d1599e', '4c9468b790db933913f21983b7017b7c4c0047ea7a4467dedc05856e57513e98', '0b3de2953dc858d4fb416f786675bbbf396854e762143ffd1afd5debe44f7a90', '213a40b8e3d63077d0d790d5f665e79bcec64321e2ad59bab24c31fab5ad59e0', 'a29ba33358924bed3d9a6f7189610cb3318a25417403a09ef1da27fd1b7d82e8', '380f1d7cfc5c62ac4ac4ca4ca108b45c0eebddb355af84861fdf99105ddbfbee', '7945cc1833baa6d9bd3508d853b84bb0cb86ae41bc70de6ece82f6aad9c5dc20', '25a9c91cf1f12d64556654af15f69a7577fa86ff920dfb96cb4b6fe98d81a112', '50568ae2fa24c7e36283f4adfb69b3fedd3bed4d11dce7fe225824f0f15a95e0']",1548186039874
832,79cdde13b19443b65cb66a4f03625f30c8c961f1b2598e18857017e46c1e7df8,"[-0.038442909717559814, -0.2111607789993286, 0.06331855058670044, -0.005666027311235666, 0.1034766435623169, -0.04858855530619621, 0.11496040225028992, -0.09670621901750565, 0.043678589165210724, 0.03896167874336243, -0.03789738565683365, -0.010272548533976078, 0.08778966963291168, -0.08241429924964905, 0.026067156344652176, 0.009923330508172512, 0.04435444995760918, -0.0026920977979898453, 0.05424930900335312, 0.0003744233399629593, -0.009690036997199059, 0.0024907132610678673, 0.024645142257213593, -0.04696374386548996, -0.01134566031396389, 0.008120408281683922, 0.014111390337347984, -0.0010820728493854403, 0.03484848141670227, 0.035758886486291885, -0.013693723827600479, 0.02236042730510235, 0.005316166672855616, 0.024815712124109268, -0.07695943862199783, -0.011526741087436676, 0.05103344842791557, 0.020033404231071472, 0.010074589401483536, -0.01049499399960041, 0.011502780951559544, 0.011781920678913593, 0.009456188417971134, -0.021409984678030014, -0.016262495890259743, 0.034703414887189865, -0.016399625688791275, 0.027426905930042267, -0.0044232620857656, -0.01163407601416111]",,"['15637661d45ec4f8d05b1a938b53e8f1023966082fc47f9294c28b768f424d2e', '6393b2e57fc6701a39ae8e4ce59aa2cd04a020e46ed2cc6a7e19cacc48aaedc2', 'f020aecc30591ce3346b9cebb67dc225234297211ecb4b560359fb367df98aa6', '2a59f96e7bf5fc4882893cea3ec108beb1990c83eef773302c93c996d3b81795', '7fcac6945accc777abfe9ac5cc37581eb3d1fa00a4b6793fefff79437fa0b268', '5cc5dd5c3829ffdb5a9265aca0e56b0cea51aaec2cd1722303e8dde2cc9ba30f', '9278c3a6354e5be423d33e8176ec2dd7dcbafd6ddfe2b4b9c1257fc6e1d4be7c', 'a58b90efef32d499d66eedea670da88a0c705e406ad654c6aca8a5e50b01c2c1', 'b46577a24d0c14be98ac55de6eb4e47fc3a847276235dd3efd9f2fb9c1fa7379', '150c44fb8f54620a97b9fded464280fed8b2f959a35983631955bcafc86c0683', '721f34d6ea38691fa07bc77a61949df6a13a93621a5239579bc6be452af76aa3', '96e090cc643c4680dd1eeefea2c1bc3280c4bd051c49e5bad63d2e3248b23845', '631fbfc71c01848cd4c547749466e8db3775bf4a3d149f3f301648900c6ab90b', '772aa0fc21ff2b699c31633905794ee870d12e5928020be68a96ee4021d0e3a5', '1c0ece53cb9d933b804debe73d02193777f084d76c1b18bbdaa5d37fc4c0b58c', '44537f48cd3dded8116ffbc05ee817e5493219861d1bcf80caaf1d14d185770e', '503df27c4ec817a6999b0640037483a5e43342c919952a694d2add3ea344b17b', 'a8341f3ae8d3005d377b0bdbfef2dedc88b77340fa04c67d31535b0aaa615645', '7f544d542b734c238899d92a79c246e1731e6038dceb06b80cfaa905aaecc10b', 'df985c7f782acec28342be2787ef7716c788464a26b59e40e442fc98067ebbe4', 'f88aba7eca65ee6c47de1d1350ca4fdce85e63f4da3be6cc1413a5154690de35', 'b48aa607bcdcf3e8825ddde27e3e5bec4409d91644005271a17ee08d9437badb', '9c41deb6f0e0ff8f1b42558d47e1119f804fc662fb899a6e3631158e6aaadee2', 'adbc2524e706c622403bb8a6d0e4360171accc27ecbac5ba090e6b2db0d402d3', 'bac64a45731cb98af7e2659109e032c176a4399327f303b8bd241f790926cef2']",1548187464868
833,79cdde13b19443b65cb66a4f03625f30c8c961f1b2598e18857017e46c1e7df8,"[-0.07763244956731796, -0.14605073630809784, 0.01662224344909191, -0.001591311302036047, 0.17371922731399536, 0.07878715544939041, 0.17174950242042542, -0.14284604787826538, -0.09484140574932098, -0.11348412930965424, -0.08123738318681717, 0.02842540852725506, 0.022902626544237137, 0.033601343631744385, 0.007842140272259712, 0.04319551959633827, -0.04956762492656708, -0.06862577795982361, 0.00289984792470932, 0.08953267335891724, 0.07365307956933975, 0.031012464314699173, -0.0627536028623581, -0.008531834930181503, 0.057071276009082794, 0.02500445768237114, -0.027992142364382744, 0.009116679430007935, -0.022295795381069183, -0.017985811457037926, -0.021357152611017227, 0.009158540517091751, -0.019663218408823013, 0.023516623303294182, -0.02535346709191799, -0.003576408140361309, -0.043080899864435196, 0.019302643835544586, -0.02674845978617668, 0.07243698090314865, -0.020487092435359955, -0.02589796483516693, -0.03575625270605087, -0.02133852429687977, 0.05169210582971573, -0.015224467031657696, -0.02055106870830059, -0.00029327766969799995, 0.007270801346749067, -0.004902854096144438]",,"['63c2a2a2dd1264a890a50bee50d0551746c064e2c4c174ab9a1a89c7a5dc0e60', 'eaf20c3ede03eeeccb12c324210675da2ec758f58bc94ec4326878cce72946b0', '12f1d03fe1cc05cb091eb3506667aef694f53cf5ec728c602fd828c6d1dbf033', '6f3784895c4117777a2f8ea197c90b0468b2f519ea8dbe64083d02564187712a', '0182e4b803a37ec6eadcbf6277727792e8c1fb718d7373f1c108b6e7da5b1a9f', '354a27a0f6541fd0530694a95e841b04d0e4631b67e07bde8aabbb0dd83cccd5', '86eba4d2f91a67aa6f4e5e57b21bc9e9fbc0a3657afa95af213df59c4babedca', '1cd1be30ce4674950d7319ce9e43e0bfa9988fbfb0822f13ca4b021aed34bfc2', 'f7be3a67c23d51cb77cb649fc4854dfa6e95cf17d49f0cb55b513bc4875c08a0', '58cab292acb1b4926626e80541e1c8158ebfd10990f915e04b2280d40f352e27']",1548187556981
834,79cdde13b19443b65cb66a4f03625f30c8c961f1b2598e18857017e46c1e7df8,"[-0.0725603848695755, -0.08172611892223358, 0.05280624330043793, 0.02176077291369438, 0.11572383344173431, 0.002325116889551282, 0.037814948707818985, -0.09289216995239258, -0.034506723284721375, 0.07186928391456604, -0.011362720280885696, -0.022662492468953133, -0.032608553767204285, 0.045533686876297, 0.027738632634282112, -0.00465834466740489, 0.020358942449092865, 0.011267672292888165, 0.02905278652906418, -0.031223051249980927, -0.012863061390817165, 0.02375686913728714, 0.03838993236422539, -0.017051013186573982, -0.03029598295688629, 0.00895469170063734, 0.007821349427103996, -0.05193263664841652, -0.017045356333255768, 0.002761993557214737, 0.00419783778488636, 0.01485479436814785, -0.02731122449040413, 0.021553056314587593, 0.016524553298950195, -0.0009328052401542664, -0.020035136491060257, 0.017419826239347458, 0.02961883880198002, 0.003314636880531907, 0.004173460882157087, 0.020157495513558388, -0.01156001165509224, -0.0034612424205988646, 0.010754426941275597, -0.021928852424025536, -0.005982800852507353, 0.008034341037273407, -0.018435213714838028, 0.0027817944064736366]",,"['ab92d752be6c6ffc6f23aea4d3a57e2ba0f1b8fb63b7c3db1aa93900b242d76c', '9e59972edb877598f59bc84c052b3a70f556cc139cda6aa1103a2764d0279423', 'e041858074e107fa5b5ed88b4e8f6c995198459f816a7bffc5b9071273d9fbc6', '49194511362bc7321f41a8165c90d101c735e187877eeb29680a840bf7d72465', 'a5515182a9374b98b2d5f0ba022fc9608f1e237a8d65ddea332607c936931f93', '348616dfd95daf8874cca69b0305face3119452db47ece091c02d363c7a7fe88', '384f3d737f97560e25b15c1d122a6d947884db37f08192b826ffd5694d2c9595', '751500fad6e5e778b50515b3fdab9474bc24b776d342341e5c42882deecd46bf', '9c0b4e6577ecbd738a1bb1c77f9ea722e86f8af7238e4cc75bb1cf9826180831', '488aec0e2aeec29b98c43d309eb992fcfc27fb39b202e447bcb50d2a94a30492', '9d6c68bb77690d6cc9316ea18ba556f8f390e3d7e1bc77b3cdcc8321b61ebf70', '9ade38bf82b9b8a8d19fca0a936cd35e7c479a8c6334c39a40698780d7416a03', '36816bf4172e3b165fa48076334833ac6d6ca09857de276a69aff9a8157f4427', 'd11b88b8aaea224e4acef86d59423aaddb758c093e96830658347c01d94ddb71', 'e51ee720e22ae03f7bd7b4017a9711b5120c6d35ff036f6b753e40ca26df86a0', '892a18cf5d4e4f71671be2ca0c7f9c98770022a87edb4a09dcb01eebbd29f1c7', '6e596a820e5819b939d8e548e1bcfdc9c8a781585ce5c1cfcba72b646ea588b0', 'c040eb82ba2a732c43859bfee8aaec4e5e5a5cc90ebab9c4df7f3ffcc7dd5ae7', 'fd01c34cba1a678cd5d179f514db33bab947f33673906e868fe70066a06bb05c', '36a5ead27e4ccae203239dd395b4f7c7bd42f58fb7ed014cc1846141a7b8d2aa', '3498bb5fa59606421e679b5254d5b86aef7c6d23035cdd2badcadfb03f2a67fa', '2964a2646bfdd42d9ca1de486ea09eacadbab5f32bc90dcdd32b78f67f3bc588', '581b11e67570c01367c2793ccd5a206a94bcc2e4f41e445b0dddc6a5c27bb5a8', 'c977da45782ede37a04f1625e8c79180f31fd16ac573be01fd3f0eea8f40b67c', 'b57066c9fe171f1653ec8b8a6286e3215cb6c2a82feb20f0504be6d6006e917f']",1548187578745
835,79cdde13b19443b65cb66a4f03625f30c8c961f1b2598e18857017e46c1e7df8,"[-0.1367783546447754, -0.05871333181858063, 0.05649588257074356, -0.058649443089962006, 0.16262315213680267, 0.006868644151836634, 0.017433354631066322, 0.09153147041797638, -0.014796086587011814, 0.0010308888740837574, 0.0003605559468269348, -0.006318619474768639, 0.1691298484802246, 0.03361562639474869, -0.06571610271930695, -0.10929253697395325, 0.09450539201498032, 0.000993066467344761, -0.03453727811574936, -0.021353479474782944, 0.035883378237485886, 0.003466760739684105, 0.04114854335784912, 0.03724122792482376, 0.003866414073854685, 0.0067244418896734715, -0.01678893342614174, -0.002474470529705286, -0.03321048244833946, 0.012663085013628006, -0.012972972355782986, 0.021208634600043297, 0.018533842638134956, 0.009046053513884544, 0.005814623553305864, -0.02530333399772644, -0.008326249197125435, -0.009769263677299023, 0.013398929499089718, 0.007397051900625229, -0.006200817413628101, 0.016958177089691162, -0.018192749470472336, -0.00745899835601449, 0.02183990180492401, -0.02193075232207775, -0.0036324122920632362, 0.0022225219290703535, -0.0015314229531213641, 0.014445576816797256]",,"['a18b4d276a8ee9e5586e07bced4c4b695391b108305200f6872d352c56a4881a', '57d3109143f8518172f3b5ee7bacaaadd32a8d5f9955d3ac3d99260d0a43fc04', 'd2cba7649c55f3a71a8a3d5cc3d4c29bdb96a4c0314c2828dd278cfaa8cb3f9c', '92a6b8554789f948e6b90d51fac861ecd5282d4d57a3fac5b489e04299da25b1', '4ef87961353b8e3082da2101e516941ee56b23af933862fa0a919f55169b375d', 'bc2face35e894fd3c889fa6e10dfdbe80a0b95d521dc9f0742de59a2148e5bea', 'e970980c2a311d5ab8132b5fd511b353b1c6d7a8c6624535f0049d5f29219d87', '5bacb2791d44d293d476a8c23818aa258d5e35a0eb4c1c178f10f5623e627368', '040998a67f386a3bb027ffc119b37049eb0a0c691ac902d45711308bc65747e5', '119ee2845d393d1fde91b67a4b762c2c74da1db9c5f751dac39e8f11bac9b237', '1f7408abd0d5f806f573303b8fc02c0100376eb3d6a80d59c6db150b222f17d9', 'ab92d752be6c6ffc6f23aea4d3a57e2ba0f1b8fb63b7c3db1aa93900b242d76c', '2947e831a7366545b364166f51f2c6c89deed7a583713055e0a4a03ebfad0c5a', '5ec70de5d7b41af5116facbeec242740b867f3fdd10ce7e625a94b63481a700f', '792e24b5d30aa926cb4d8a31042aa4d1e5e85d146e54e3027346e6093314f499', '2e24b93f70d993084b73f2da5482f92a0bc29394128870d0205eccd22a0ac6bd', '9e59972edb877598f59bc84c052b3a70f556cc139cda6aa1103a2764d0279423', '2330674280a0da76a47a8beafdc88c9017016bf7aef1eedd2659333ad7b2fa93', '1d71e77ec1f94ebcf16afcf94290d9602bab3e1115b139b41cf9a74046bcd8c2', 'e041858074e107fa5b5ed88b4e8f6c995198459f816a7bffc5b9071273d9fbc6', '56f8569405a0fa5ef8a9043507f8170dde0508736985860c3ac22860d7bd0157', '8caa9e5de4f4853d2e34d829b4b74a169a07723940109ed32cca38b2c31fe2b2', '49194511362bc7321f41a8165c90d101c735e187877eeb29680a840bf7d72465', 'a408e50ffd6e9f73d6b1c719c446ef0647fc24bd1e1149ba68b6251537c28e87', '8b8228722bbe9ecfeed4c40d8e00e09a7446bca70da8197fc959c303fec6d396']",1548187703706
836,38a84e656ace06852fdf3a8798086c94067ddf2f42c8746d7e7cc8e153ae94f3,"[-0.10362851619720459, -0.03712759166955948, -0.0311981663107872, 0.010586418211460114, 0.14136068522930145, 0.0572497621178627, 0.0005268867244012654, -0.07294683903455734, 0.06905972212553024, -0.030523423105478287, 0.21851304173469543, -0.031305942684412, -0.020335156470537186, 0.13084761798381805, -0.04411761462688446, -0.03426196053624153, -0.08138486742973328, -0.052045438438653946, 0.008447591215372086, 0.08212561160326004, -0.04377700760960579, 0.056772373616695404, -0.10730142891407013, -0.02194138616323471, 0.021772127598524094, 0.19583992660045624, -0.030327897518873215, 0.03427721560001373, -0.027750197798013687, -0.07308992743492126, -0.012579889968037605, -0.06980933248996735, -0.035780876874923706, -0.00052878528367728, -0.028763646259903908, -0.05448925495147705, 0.04673921316862106, -0.007768750190734863, -0.0725325271487236, 0.03588112071156502, 0.0411686971783638, 0.04261191934347153, -0.01416302565485239, -0.037713758647441864, -0.03920469060540199, 0.00503130629658699, -0.006115540396422148, -0.067750945687294, 0.013234556652605534, -0.023770896717905998]",,"['2e9f9c3ee24ca48ded40acee9d174f24c33375cfda223e095b4886881c981d2f', '396a86fc10ffeb2b575f7f89c6da8014b180c4c672d4c3e2db40bb09c9f56147', '8fdb0768d09d017f5ea5e1e1258b8a8d37e21a5cfc933dd149b06dc033a36ba3', 'a27496708698fc99e7ffef793d6882021baa46c4eb7569ac1c2c8172e7738c39', 'd70cb834de90088b0d224bbf187196337e2cca1a55d71b67ec378891ffe9d423', '5152ce04ed2d75b4384e974adb9e23ecd2dbc3335bbf9ee2f6c6e632acb2f39d', '3c20cd80e1a24d3c21680b72f0270d6daebccb935c6e7c012418d7c740fb24cd', '2fbbb0fcf4c46a3883a51c87e99a217176fec75febacbca385ce3097027dbc44', '7bb4254125aa3ea76a44e4c931e4d8fb95ff85367e83f62c35d67af3bc9b7742', '99841567277be1d1ddf35a434437ca73cbf611d563329fe99d44ddbac98a0ae7', '7d67532cea27df443a17e4268a14efe77686c3f275021457c3fa52d754f61e4d', '49391c35c2ed19baa9305a156eb44cfe470aeebc3106d60e438908baa69010e2', '2382ea3b1f327d9b06af9ab856b4738f37aa8cdb73b406508ab099e89105f26f', '538fbce9f39574bc3a5d5bf704bce5b7c915b18d692bb9ccf2e7740e070ead9a', '0f7df6bff2782038ac77adf845a8865406feb3a4f4ca6e8894636ab0123ee92d', 'ed511a57991db4194e770d2c2c22719bdca316efd733440df16e1a25f76b64ca', '9037cf6254353f67e49ff0606e79ba204d3136a6dc6c02737d290ddcf8d1599e', '4c9468b790db933913f21983b7017b7c4c0047ea7a4467dedc05856e57513e98', '0b3de2953dc858d4fb416f786675bbbf396854e762143ffd1afd5debe44f7a90', '213a40b8e3d63077d0d790d5f665e79bcec64321e2ad59bab24c31fab5ad59e0', 'a29ba33358924bed3d9a6f7189610cb3318a25417403a09ef1da27fd1b7d82e8', '380f1d7cfc5c62ac4ac4ca4ca108b45c0eebddb355af84861fdf99105ddbfbee', '7945cc1833baa6d9bd3508d853b84bb0cb86ae41bc70de6ece82f6aad9c5dc20', '25a9c91cf1f12d64556654af15f69a7577fa86ff920dfb96cb4b6fe98d81a112', '50568ae2fa24c7e36283f4adfb69b3fedd3bed4d11dce7fe225824f0f15a95e0']",1548202472028
837,d116fe61c4317fadbd3cbc884e7dcba2e67949767ceb8a9b6a891134073ec9e0,"[0.04828207194805145, -0.21579039096832275, 0.05482233688235283, 0.08635812252759933, 0.11197042465209961, 0.01323116198182106, 0.007956579327583313, -0.02739029750227928, -0.004045648500323296, 0.06076100468635559, 0.05748284235596657, 0.04542919248342514, -0.019039295613765717, -0.044004812836647034, -0.021569939330220222, -0.01991158351302147, -0.015482280403375626, 0.042793385684490204, 0.04734358936548233, -0.03776045888662338, -0.010386010631918907, -0.04278181120753288, -0.01867496594786644, 0.024629175662994385, 0.005988207645714283, -0.04703589528799057, -0.0089836735278368, -0.022648200392723083, -0.01901383511722088, 0.020964711904525757, -0.022611118853092194, 0.0013360502198338509, 0.015667829662561417, 0.033640459179878235, -0.017774851992726326, 0.005630882456898689, -0.02285076305270195, 0.009188994765281677, 0.02395610325038433, 0.012705666013062, 0.014922749251127243, -0.015782862901687622, -0.019017154350876808, -0.013504146598279476, -0.009319993667304516, 0.028323810547590256, 0.0111311636865139, -0.013086369261145592, -0.004686176776885986, -0.006540071684867144]",,,1547771951688
838,d116fe61c4317fadbd3cbc884e7dcba2e67949767ceb8a9b6a891134073ec9e0,"[0.05355864763259888, -0.1802668571472168, 0.03604336455464363, 0.07811833918094635, 0.22248399257659912, 0.020022179931402206, 0.057167813181877136, -0.08655683696269989, -0.02178926393389702, 0.02047073096036911, 0.04608168452978134, 0.050903573632240295, -0.01815411075949669, -0.05995792895555496, -0.02917054295539856, -0.0012512831017374992, 0.008478578180074692, 0.03951280564069748, 0.039586447179317474, -0.025284714996814728, -0.0033452389761805534, -0.009451297111809254, 0.028545720502734184, -0.021040625870227814, -0.006601244211196899, -0.03787536174058914, -0.019202589988708496, -0.019870709627866745, -0.0026359923649579287, 0.025674156844615936, -0.011310247704386711, -0.006740022450685501, -0.025053590536117554, -0.0032012786250561476, -0.010655208490788937, -0.02494886890053749, -0.006689339876174927, 0.025940071791410446, 0.009609081782400608, -0.0228355061262846, 0.010707411915063858, 0.012971509248018265, 0.011029759421944618, -0.011684047058224678, -0.0014666242059320211, 0.014457644894719124, 0.01371479406952858, 0.01885930821299553, -0.00849974900484085, -0.0031282042618840933]",,,1547771965105
839,f9e27544dadb1a62382d0d91c294f50ae82b9b016cbb12ff6055bd22245acdf6,"[-0.23069609701633453, 0.23751962184906006, 0.23368039727210999, 0.16854725778102875, -4.882831126451492e-05, 0.039903268218040466, -0.09733323752880096, -0.018181387335062027, 0.15442001819610596, -0.037134941667318344, 0.20108690857887268, -0.0002273903228342533, -0.030143089592456818, 0.013107530772686005, -0.04890510067343712, -0.020370516926050186, -0.013638724572956562, -0.040732014924287796, -0.07738141715526581, 0.022438306361436844, -0.0036736400797963142, -0.08586832880973816, -0.08777906000614166, -1.12876296043396e-06, 0.044988200068473816, 0.01297006942331791, 0.01760277897119522, -0.03323167935013771, 0.02028089389204979, -0.05490468069911003, -0.04936477541923523, 0.013742521405220032, -0.06722575426101685, 0.003812282346189022, -0.0782657116651535, 0.06864091753959656, -0.06845080852508545, -0.08103403449058533, 0.09417760372161865, -0.06767262518405914, -0.08249332755804062, -0.004259789362549782, -0.032544855028390884, -0.022664738819003105, 0.020142609253525734, 0.06036447733640671, 0.019962487742304802, 0.04188653081655502, -0.02764057368040085, 0.019098861142992973]",,"['a1160c6988a31ad3851cdfa401ba3a73bfb415ef18611cbe5c648192d8e83f81', 'fa4f6ed1a464c9898b9dc69d494574c508201c333d2ec16806616bd7a60a631f', 'e3c30b1ca9efaf74fb64a74f2416121d3efe169936d8a7a35fa9a5a656ba0158', '350d733609b18601b249aefe707f0ed0c17168b9df2e57e9f32339f5e3606beb', 'c8c633ead7535ba8e8424b1591ff238a9261f9500a9cbd1a4cc5d5a76e7b8221', 'cae95cd6a324aff9daef131b0829728addf0558816f3c43e9d97f27968aab25d', '4e0e969ae7cdf453b31a6ba555f65ff1b84104431878ec726e3a6b176bd5322c', '0221eb41620ed9eaa6ab33092f6e4e365648924d07edd6957b15b7d6a384a069', 'aedb1d651625114565fb41a856828783e4226a454f83bff46d3acf08096fb94a', '5fe4037c4b6f61bdd344bd7fb3df4d8f9f182f76b0ffd6924d37e5b8eedff86e', '87926e9aa2d59b357be75679f7137c334f50b9079e7b6324229ec14b9126c863', '1a970818d44c346e4e8eb9327ae558b82524f2444d7838529ad5da107ab8b60f', '7840ded8ef6da91749c303fbdd10d9920f60d8aa135ef5c057bc72b3a00c53e4', '9903a42d264fd89f4498fb9ead6ee25f1bd77f2e523efe4733995838b9fd1398', '26ce666181e06a5c1894c39e85f134c2479f7b1e5b30ca4f74bda53df1ecc41a', '73d843739e3df060bfd39c3f92e3eefd6023e74592c598849ebd5ee7a5ad554c', 'a092f075a26ce6623dc9f45aa5e6b35dd209a4b32980a7506e31bc0ab800bd67', 'e43c13dbe6ce5c7bdfcbf51d8e004141cb18bc3c2b3a9925532b87e71fab0885', '825b664e7324770b56f70b911ea03b0eac807a7721c04f621c014e9154775253', '986aaa6bcfc47377006dfdddf972e44adb2af0d65b986d3e8d005967e458b47f', '2f685075ddead091f4d285a3f376d5808d765cff0512a4ee023069214a4d1e32', '4ef2e3a42113c6bcb5c9541f039a4e1f31171af9994c9b898b590b19c89c0ddd', '9d069d6bed36cd959fef28215b60ba95e0c6b85ab5f492ea7bf8ec3081e85525', 'dd64404fd6da45a80657f436215d990d9893f50766ce7df33a2bf5c53dbad98b', '9cff085d7884dd9b5eb7f68a90c50b140ba05c78fdd7099f56fec20b38203e9a']",1550107159578
840,bc48a755bc98e9aab7b6a94a471ae997365b4818a9fc8cb6d6edb7327b5f572d,"[-0.048702482134103775, -0.05566821247339249, -0.0698724240064621, 0.14181825518608093, -0.0364864319562912, 0.0827694833278656, -0.06912887096405029, -0.016506323590874672, -0.09763228893280029, -0.19084154069423676, -0.02159963920712471, 0.06068461388349533, -0.24653984606266022, 0.05065950006246567, 0.25486740469932556, -0.1691451370716095, 0.403190553188324, -0.06926555186510086, 0.12577134370803833, 0.3351273536682129, -0.046056754887104034, -0.2936539053916931, 0.10264909267425537, -0.03208038955926895, -0.037780486047267914, 0.020362606272101402, 0.02018819935619831, 0.047169387340545654, -0.013739988207817078, 0.06622564792633057, -0.09522569179534912, -0.013011137023568153, 0.061948418617248535, 0.08201037347316742, 0.10215282440185547, -0.15550647675991058, -0.0019647348672151566, 0.0021230299025774, -0.06484919786453247, -0.01574746146798134, -0.1558399647474289, 0.08219548314809799, 0.06723514944314957, -0.03801489248871803, -0.009583096951246262, 0.03999599814414978, 0.04870890825986862, -0.008898463100194931, -0.04831370711326599, -0.015535431914031506]",,,1549682595455
841,bc48a755bc98e9aab7b6a94a471ae997365b4818a9fc8cb6d6edb7327b5f572d,"[-0.048702482134103775, -0.05566821247339249, -0.0698724240064621, 0.14181825518608093, -0.0364864319562912, 0.0827694833278656, -0.06912887096405029, -0.016506323590874672, -0.09763228893280029, -0.19084154069423676, -0.02159963920712471, 0.06068461388349533, -0.24653984606266022, 0.05065950006246567, 0.25486740469932556, -0.1691451370716095, 0.403190553188324, -0.06926555186510086, 0.12577134370803833, 0.3351273536682129, -0.046056754887104034, -0.2936539053916931, 0.10264909267425537, -0.03208038955926895, -0.037780486047267914, 0.020362606272101402, 0.02018819935619831, 0.047169387340545654, -0.013739988207817078, 0.06622564792633057, -0.09522569179534912, -0.013011137023568153, 0.061948418617248535, 0.08201037347316742, 0.10215282440185547, -0.15550647675991058, -0.0019647348672151566, 0.0021230299025774, -0.06484919786453247, -0.01574746146798134, -0.1558399647474289, 0.08219548314809799, 0.06723514944314957, -0.03801489248871803, -0.009583096951246262, 0.03999599814414978, 0.04870890825986862, -0.008898463100194931, -0.04831370711326599, -0.015535431914031506]",,,1549682595455
842,bc48a755bc98e9aab7b6a94a471ae997365b4818a9fc8cb6d6edb7327b5f572d,"[-0.048702482134103775, -0.05566821247339249, -0.0698724240064621, 0.14181825518608093, -0.0364864319562912, 0.0827694833278656, -0.06912887096405029, -0.016506323590874672, -0.09763228893280029, -0.19084154069423676, -0.02159963920712471, 0.06068461388349533, -0.24653984606266022, 0.05065950006246567, 0.25486740469932556, -0.1691451370716095, 0.403190553188324, -0.06926555186510086, 0.12577134370803833, 0.3351273536682129, -0.046056754887104034, -0.2936539053916931, 0.10264909267425537, -0.03208038955926895, -0.037780486047267914, 0.020362606272101402, 0.02018819935619831, 0.047169387340545654, -0.013739988207817078, 0.06622564792633057, -0.09522569179534912, -0.013011137023568153, 0.061948418617248535, 0.08201037347316742, 0.10215282440185547, -0.15550647675991058, -0.0019647348672151566, 0.0021230299025774, -0.06484919786453247, -0.01574746146798134, -0.1558399647474289, 0.08219548314809799, 0.06723514944314957, -0.03801489248871803, -0.009583096951246262, 0.03999599814414978, 0.04870890825986862, -0.008898463100194931, -0.04831370711326599, -0.015535431914031506]",,,1549682595455
843,14ddf41c8a4c44056115b4467eb27f772ab2552f1c96fd8c5393ba6a348a37cc,"[-0.06309054046869278, -0.2784791886806488, 0.1759343147277832, 0.014032266102731228, -0.06098568066954613, -0.06307338923215866, 0.03418644517660141, -0.03261643275618553, -0.030742738395929337, 0.0093087712302804, -0.04779677838087082, -0.11264698207378387, 0.044648490846157074, -0.001344611868262291, -0.057849738746881485, -0.004498885944485664, 0.0198113564401865, 0.011609714478254318, 0.05050777643918991, 0.04826509207487106, 0.028394339606165886, 0.05158243700861931, 0.07401195168495178, -0.06886104494333267, 0.06733110547065735, 0.0040086181834340096, 0.0316457636654377, 0.016426237300038338, 0.018100973218679428, 0.026080714538693428, 0.08595721423625946, 0.010590720921754837, -0.07518827170133591, -0.015987375751137733, -0.014950523152947426, 0.08131182193756104, 0.014221909455955029, -0.034312065690755844, 0.009276079945266247, -0.026036415249109268, -0.01028634887188673, -0.02577722631394863, 0.05941103398799896, 0.0012767994776368141, -0.009574547410011292, 0.05205174535512924, 0.025853995233774185, 0.01981954090297222, -0.013834232464432716, -0.08205997198820114]",,,1549159963800
844,fcade55a470874547dee9f4ddbc477ab383a609d75744c2e3ace3fd2f9c063f4,"[-0.14988571405410767, -0.025544889271259308, -0.06333287060260773, -0.1479339748620987, 0.06747709959745407, 0.005032832734286785, -0.07794229686260223, 0.08803249895572662, -0.0837455466389656, 0.0725630596280098, -0.03289545327425003, 0.035766229033470154, 0.113510362803936, -0.0008608871139585972, -0.1059417724609375, 0.009483135305345058, 0.1072816252708435, -0.024295862764120102, -0.054288629442453384, -0.0639716312289238, -0.007734245620667934, 0.018702909350395203, 0.019676491618156433, 0.05500558763742447, 0.10479772090911865, -0.023952666670084, 0.02307017520070076, 0.0379827544093132, -0.07063975185155869, 0.011121595278382301, 0.06091667339205742, -0.03646686300635338, -0.040020693093538284, 0.07964202016592026, -0.05383635312318802, -0.035152729600667953, -0.007774089928716421, -0.023236248642206192, -0.05472790449857712, 0.016223957762122154, -0.064387246966362, 0.09314528852701187, -0.021283771842718124, 0.05381877347826958, 0.019006671383976936, -0.11044865101575851, -0.04041839763522148, -0.06500702351331711, -0.019243532791733742, 0.015069074928760529]","['160ffe7092bb5295a01d5f29a6b4877d6df5323b64d259c2bd5e8784dae0ac41', '0f2d1f5af008314ea3ee4b45ede7087cf52cb157f443b23757083b4cc3a17efd', '06c18988fa10d6e9bd5a6cf09a7caa416da0224bc6f2b1e5fc002604a23e5b0a', '50565825c1ac5d5c2f6e1adb523447288d11f57c02fccb2c563559c9001933d0']","['e96e198989285218cacc6bec0121962ac1dd091b467b9583075720f628d977d4', '0f2d1f5af008314ea3ee4b45ede7087cf52cb157f443b23757083b4cc3a17efd', '160ffe7092bb5295a01d5f29a6b4877d6df5323b64d259c2bd5e8784dae0ac41', '50565825c1ac5d5c2f6e1adb523447288d11f57c02fccb2c563559c9001933d0', 'f41415a1509cc04497b12a60b11e8e744adfa84877ec4e4ae8a13dd0d88368bf', 'ba64e88f4da80fa6a9f8166a2dc3a539fab14356ca020a374ca39109fc796881', '3fc16862ed7e213ce819dc565974dc681dcce7697b7fd58efbf0c2d056f17668', '7739661feb9ed333bef49b0618f8ab55a8df44fe4aaead415938402b68e0b70b', 'ed00e50b26b4ba43cbc54aa1feff4c5d839a552ae3390da39ce5958172427cb4', 'fb9c193d7077ddd3af82dd0d216a437e724c1fed03d8a302b1e5c45af18ef9d4', '692c638c042c72e51dae39de3ffd19f58d45237d6a4e647637bc159e50b4167e', 'c3848af1d0f70f070ac2e5fdd3250029aa98621eb1cb32aaaba7b51ad7c42dbd', '68ac155d07091a21b783a28c703a9c51d9e8510f009c0b6453aa56de072a7dca', '57c30503534668fe6064f7fa6f77891106bd357fdc8ce8137468b080dc0d5164', '947d354994571bf84b083211bf47a249d2a553ed9c5bc834378fd8fee883377a', 'aa1f3627f7dd1e096a0f30a6ed66a17dae37ef7682d346125a004894ef456130', 'ee25bd644e87b7856048d22c56f0df384297b36825003333e84984f228680bb7', '06c18988fa10d6e9bd5a6cf09a7caa416da0224bc6f2b1e5fc002604a23e5b0a', '65636b307a0623266223965b63fb0a6c9eec23809a5670efc92eba6f6b3e2f2b', '4ea027003055362e59e8a2b7bf78bcc9cd05d6cb815db599203d81a37ff78426', '3ec58c49dd2c2ddf4137f1d0e4fd01728ed13daa63cea6c0568b896888ec6c73', '642306f7ba20b105131861e630929f4167f5bf3537203c4650dfc18bbf4e171f', '51c083923eee524f1c97e3582c4cf44c797bb546de99679bd501bf249fa20f91', '8ea36b9be70e96438ffa1bbd7666f51da07bae997fc0beb683150eeaf0835b69', '4c0f227d4dc47ac98d014db646f1742f4fd2cfc5c2eeaad18bf89bb1aa92644d']",1549840087811
845,4796eb6329f3fab7700693e5609fefde39b733acd69a03d6be147d3077031d93,"[-0.18271932005882263, -0.014096904546022415, -0.05396968871355057, -0.1654985547065735, 0.1496417373418808, 0.018322553485631943, -0.10936540365219116, 0.18530625104904175, -0.06410027295351028, -0.0193016454577446, -0.07095770537853241, -0.05138858035206795, -0.025573983788490295, -0.07778322696685791, 0.08156406134366989, 0.04307273402810097, -0.039966240525245667, 0.02540636621415615, -0.014603450894355774, 0.008008823730051517, -0.018939044326543808, 0.0031839548610150814, 0.0016801285091787577, -0.02105000801384449, 0.023577069863677025, 0.034530021250247955, 0.008251398801803589, -0.02292945794761181, -0.02973891980946064, -0.008102666586637497, -0.027998706325888634, 0.030732301995158195, 0.00023559294641017914, -0.02361907996237278, 0.010794990696012974, 0.01755504123866558, -0.00974183063954115, -0.02141788974404335, -0.010414507240056992, 0.014292453415691853, 0.004836712498217821, -0.006385589484125376, -0.00905383750796318, -0.010760769248008728, -0.004797757137566805, 0.008882680907845497, 0.00488554360345006, -0.001637069508433342, -0.007798992097377777, -0.0043784999288618565]",,"['b9e78444cca2676f7c8fa3d96e07946f3e0083eecd4356da36666460a50c9abc', '5f0ad431d7c50e4fe59861e4810c07c6bae80db37060863d24e8f8ab60d0af6f', 'aab60a087b9949090d6ffb0ea7b820f44ca2ac6ea87f35cb43b2f2912d231ac0', '87f84da0c27c4052166e521c7adc0e34fddce39e2ad7b9bf13b4ae7e040abbf1', '52294425542678c3859846877531c846af54cf46f51ba86ac75c482ad168be3d', 'bbf6078546e324f92ac92bb7606e4fbbc6a2349b558096f69dcc21a85e8e4da3', 'fd9eed5afeebd65efce2ae92f23b1dd8969b36823a24dc29e8312300fa102fbc', 'cc1dedbc30fb7712b8fee9e821af2855d94ba60f758a289c6154395ab7d5cb09', '619f168608aa334040e41d35eb8668d79ac0b1b4b195725a9815943ef8cccfb9', '545c91c635df25daac13efa4eeb2f781ca0b13c4db5454bde15208b3ecec96ba', '4ed32d7993879dd94130413cfaffe0e9d25a7321536687ae7ffed64ed1c76bd5', '5c098d7841bababe5c2a5a1d65925a6ac7f7b355e9b3bfc4282c77d0953ef740', 'd74af0435e46a17eaec923e9f2d97887deface87c0692c0b479f11348817f47d', 'f3099880836d5832b1bedf0fea5534661f3ccb96423cde2ead5cd257776f3de8', 'deacf531f36a25c6829f0f173e0d076b6ce65042b8107ce0e6fe4f316acaa6af', 'b3d8223c3c6b1489ab2ef2bf1ccd937a29813fb9c7198a05faddb1e72c61b682', '7394214f611769df4cbd92e021903cd6b15793780fa33d3510a72a23b47907c6', '8537363174e0fc1d2861bf1cffe724f6e15f378335053f37a8b3853cffc0f7c1', '703b8aab48927908364e72c26d56c4397f2a9539b7b040a1264c0a9867ee0447', '87d0d00dd48c48156bb1e929b5af3a91367e0b46fbcc3c105900bcf81267d738', '7f2bf92ee6d68e76bff3b4c34d28522c11430993f2a1bc07dbcfb29db4b6915a', '5f06ad68e7eb929271ea1fffcd03120f3bbca84722fd87d08fbab6c9a0b90fd6', '5731eee1ad6e7af0d77cdc090b9211b9ac14f51fd802e40ff5b6f2622d6ce40b', 'a9e009431f659ee5ac6120f45f3e8668da6cac95c4db83a74d241e2b126796e3', '04f1207d6af5db69b192aa28f5734b2503adc19399784ada71e45fafbd7c6626']",1548853336838
846,4796eb6329f3fab7700693e5609fefde39b733acd69a03d6be147d3077031d93,"[-0.18271932005882263, -0.014096904546022415, -0.05396968871355057, -0.1654985547065735, 0.1496417373418808, 0.018322553485631943, -0.10936540365219116, 0.18530625104904175, -0.06410027295351028, -0.0193016454577446, -0.07095770537853241, -0.05138858035206795, -0.025573983788490295, -0.07778322696685791, 0.08156406134366989, 0.04307273402810097, -0.039966240525245667, 0.02540636621415615, -0.014603450894355774, 0.008008823730051517, -0.018939044326543808, 0.0031839548610150814, 0.0016801285091787577, -0.02105000801384449, 0.023577069863677025, 0.034530021250247955, 0.008251398801803589, -0.02292945794761181, -0.02973891980946064, -0.008102666586637497, -0.027998706325888634, 0.030732301995158195, 0.00023559294641017914, -0.02361907996237278, 0.010794990696012974, 0.01755504123866558, -0.00974183063954115, -0.02141788974404335, -0.010414507240056992, 0.014292453415691853, 0.004836712498217821, -0.006385589484125376, -0.00905383750796318, -0.010760769248008728, -0.004797757137566805, 0.008882680907845497, 0.00488554360345006, -0.001637069508433342, -0.007798992097377777, -0.0043784999288618565]",,"['b9e78444cca2676f7c8fa3d96e07946f3e0083eecd4356da36666460a50c9abc', '5f0ad431d7c50e4fe59861e4810c07c6bae80db37060863d24e8f8ab60d0af6f', 'aab60a087b9949090d6ffb0ea7b820f44ca2ac6ea87f35cb43b2f2912d231ac0', '87f84da0c27c4052166e521c7adc0e34fddce39e2ad7b9bf13b4ae7e040abbf1', '52294425542678c3859846877531c846af54cf46f51ba86ac75c482ad168be3d', 'bbf6078546e324f92ac92bb7606e4fbbc6a2349b558096f69dcc21a85e8e4da3', 'fd9eed5afeebd65efce2ae92f23b1dd8969b36823a24dc29e8312300fa102fbc', 'cc1dedbc30fb7712b8fee9e821af2855d94ba60f758a289c6154395ab7d5cb09', '619f168608aa334040e41d35eb8668d79ac0b1b4b195725a9815943ef8cccfb9', '545c91c635df25daac13efa4eeb2f781ca0b13c4db5454bde15208b3ecec96ba', '4ed32d7993879dd94130413cfaffe0e9d25a7321536687ae7ffed64ed1c76bd5', '5c098d7841bababe5c2a5a1d65925a6ac7f7b355e9b3bfc4282c77d0953ef740', 'd74af0435e46a17eaec923e9f2d97887deface87c0692c0b479f11348817f47d', 'f3099880836d5832b1bedf0fea5534661f3ccb96423cde2ead5cd257776f3de8', 'deacf531f36a25c6829f0f173e0d076b6ce65042b8107ce0e6fe4f316acaa6af', 'b3d8223c3c6b1489ab2ef2bf1ccd937a29813fb9c7198a05faddb1e72c61b682', '7394214f611769df4cbd92e021903cd6b15793780fa33d3510a72a23b47907c6', '8537363174e0fc1d2861bf1cffe724f6e15f378335053f37a8b3853cffc0f7c1', '703b8aab48927908364e72c26d56c4397f2a9539b7b040a1264c0a9867ee0447', '87d0d00dd48c48156bb1e929b5af3a91367e0b46fbcc3c105900bcf81267d738', '7f2bf92ee6d68e76bff3b4c34d28522c11430993f2a1bc07dbcfb29db4b6915a', '5f06ad68e7eb929271ea1fffcd03120f3bbca84722fd87d08fbab6c9a0b90fd6', '5731eee1ad6e7af0d77cdc090b9211b9ac14f51fd802e40ff5b6f2622d6ce40b', 'a9e009431f659ee5ac6120f45f3e8668da6cac95c4db83a74d241e2b126796e3', '04f1207d6af5db69b192aa28f5734b2503adc19399784ada71e45fafbd7c6626']",1548853336838
847,5a9f7013ac06c4e86c0f66b6ff2bfecf61a2fffea2d149dcee7369965d1ec2b0,"[-0.18271932005882263, -0.014096904546022415, -0.05396968871355057, -0.1654985547065735, 0.1496417373418808, 0.018322553485631943, -0.10936540365219116, 0.18530625104904175, -0.06410027295351028, -0.0193016454577446, -0.07095770537853241, -0.05138858035206795, -0.025573983788490295, -0.07778322696685791, 0.08156406134366989, 0.04307273402810097, -0.039966240525245667, 0.02540636621415615, -0.014603450894355774, 0.008008823730051517, -0.018939044326543808, 0.0031839548610150814, 0.0016801285091787577, -0.02105000801384449, 0.023577069863677025, 0.034530021250247955, 0.008251398801803589, -0.02292945794761181, -0.02973891980946064, -0.008102666586637497, -0.027998706325888634, 0.030732301995158195, 0.00023559294641017914, -0.02361907996237278, 0.010794990696012974, 0.01755504123866558, -0.00974183063954115, -0.02141788974404335, -0.010414507240056992, 0.014292453415691853, 0.004836712498217821, -0.006385589484125376, -0.00905383750796318, -0.010760769248008728, -0.004797757137566805, 0.008882680907845497, 0.00488554360345006, -0.001637069508433342, -0.007798992097377777, -0.0043784999288618565]","['6a7925afa00cbece16e9b4661890f0b06b07bffc70329ce9a1c890489b416a99', '6a7925afa00cbece16e9b4661890f0b06b07bffc70329ce9a1c890489b416a99', '6a7925afa00cbece16e9b4661890f0b06b07bffc70329ce9a1c890489b416a99', '6a7925afa00cbece16e9b4661890f0b06b07bffc70329ce9a1c890489b416a99', '6a7925afa00cbece16e9b4661890f0b06b07bffc70329ce9a1c890489b416a99', '6a7925afa00cbece16e9b4661890f0b06b07bffc70329ce9a1c890489b416a99']","['b9e78444cca2676f7c8fa3d96e07946f3e0083eecd4356da36666460a50c9abc', 'f4fcf0d43cf7aa25d89d187198993a328304c41cbc23db93483572ef0d6802b4', 'aab60a087b9949090d6ffb0ea7b820f44ca2ac6ea87f35cb43b2f2912d231ac0', '52294425542678c3859846877531c846af54cf46f51ba86ac75c482ad168be3d', 'bbf6078546e324f92ac92bb7606e4fbbc6a2349b558096f69dcc21a85e8e4da3', 'fd9eed5afeebd65efce2ae92f23b1dd8969b36823a24dc29e8312300fa102fbc', '81b8af9b98a804b8116ba89a8a3b789344d09e68f7873b117f661d046ff4afcf', '619f168608aa334040e41d35eb8668d79ac0b1b4b195725a9815943ef8cccfb9', '545c91c635df25daac13efa4eeb2f781ca0b13c4db5454bde15208b3ecec96ba', '4ed32d7993879dd94130413cfaffe0e9d25a7321536687ae7ffed64ed1c76bd5', '5c098d7841bababe5c2a5a1d65925a6ac7f7b355e9b3bfc4282c77d0953ef740', 'f3099880836d5832b1bedf0fea5534661f3ccb96423cde2ead5cd257776f3de8', 'deacf531f36a25c6829f0f173e0d076b6ce65042b8107ce0e6fe4f316acaa6af', 'b3d8223c3c6b1489ab2ef2bf1ccd937a29813fb9c7198a05faddb1e72c61b682', '7394214f611769df4cbd92e021903cd6b15793780fa33d3510a72a23b47907c6', '8537363174e0fc1d2861bf1cffe724f6e15f378335053f37a8b3853cffc0f7c1', '87d0d00dd48c48156bb1e929b5af3a91367e0b46fbcc3c105900bcf81267d738', '7f2bf92ee6d68e76bff3b4c34d28522c11430993f2a1bc07dbcfb29db4b6915a', '5f06ad68e7eb929271ea1fffcd03120f3bbca84722fd87d08fbab6c9a0b90fd6', '5731eee1ad6e7af0d77cdc090b9211b9ac14f51fd802e40ff5b6f2622d6ce40b', 'a9e009431f659ee5ac6120f45f3e8668da6cac95c4db83a74d241e2b126796e3', '04f1207d6af5db69b192aa28f5734b2503adc19399784ada71e45fafbd7c6626', '6a7925afa00cbece16e9b4661890f0b06b07bffc70329ce9a1c890489b416a99', 'ba510eb7b02a1bc36a444a96b3877b905ae597a8c62c29ccef9741e71f6dc683', '2c84dfad0860fc43da94d1ce604b66517dee84efca235f83e44267e344341e62']",1548679529644
848,5a9f7013ac06c4e86c0f66b6ff2bfecf61a2fffea2d149dcee7369965d1ec2b0,"[-0.18271932005882263, -0.014096904546022415, -0.05396968871355057, -0.1654985547065735, 0.1496417373418808, 0.018322553485631943, -0.10936540365219116, 0.18530625104904175, -0.06410027295351028, -0.0193016454577446, -0.07095770537853241, -0.05138858035206795, -0.025573983788490295, -0.07778322696685791, 0.08156406134366989, 0.04307273402810097, -0.039966240525245667, 0.02540636621415615, -0.014603450894355774, 0.008008823730051517, -0.018939044326543808, 0.0031839548610150814, 0.0016801285091787577, -0.02105000801384449, 0.023577069863677025, 0.034530021250247955, 0.008251398801803589, -0.02292945794761181, -0.02973891980946064, -0.008102666586637497, -0.027998706325888634, 0.030732301995158195, 0.00023559294641017914, -0.02361907996237278, 0.010794990696012974, 0.01755504123866558, -0.00974183063954115, -0.02141788974404335, -0.010414507240056992, 0.014292453415691853, 0.004836712498217821, -0.006385589484125376, -0.00905383750796318, -0.010760769248008728, -0.004797757137566805, 0.008882680907845497, 0.00488554360345006, -0.001637069508433342, -0.007798992097377777, -0.0043784999288618565]","['6a7925afa00cbece16e9b4661890f0b06b07bffc70329ce9a1c890489b416a99', '6a7925afa00cbece16e9b4661890f0b06b07bffc70329ce9a1c890489b416a99', '6a7925afa00cbece16e9b4661890f0b06b07bffc70329ce9a1c890489b416a99', '6a7925afa00cbece16e9b4661890f0b06b07bffc70329ce9a1c890489b416a99', '6a7925afa00cbece16e9b4661890f0b06b07bffc70329ce9a1c890489b416a99', '6a7925afa00cbece16e9b4661890f0b06b07bffc70329ce9a1c890489b416a99']","['b9e78444cca2676f7c8fa3d96e07946f3e0083eecd4356da36666460a50c9abc', 'f4fcf0d43cf7aa25d89d187198993a328304c41cbc23db93483572ef0d6802b4', 'aab60a087b9949090d6ffb0ea7b820f44ca2ac6ea87f35cb43b2f2912d231ac0', '52294425542678c3859846877531c846af54cf46f51ba86ac75c482ad168be3d', 'bbf6078546e324f92ac92bb7606e4fbbc6a2349b558096f69dcc21a85e8e4da3', 'fd9eed5afeebd65efce2ae92f23b1dd8969b36823a24dc29e8312300fa102fbc', '81b8af9b98a804b8116ba89a8a3b789344d09e68f7873b117f661d046ff4afcf', '619f168608aa334040e41d35eb8668d79ac0b1b4b195725a9815943ef8cccfb9', '545c91c635df25daac13efa4eeb2f781ca0b13c4db5454bde15208b3ecec96ba', '4ed32d7993879dd94130413cfaffe0e9d25a7321536687ae7ffed64ed1c76bd5', '5c098d7841bababe5c2a5a1d65925a6ac7f7b355e9b3bfc4282c77d0953ef740', 'f3099880836d5832b1bedf0fea5534661f3ccb96423cde2ead5cd257776f3de8', 'deacf531f36a25c6829f0f173e0d076b6ce65042b8107ce0e6fe4f316acaa6af', 'b3d8223c3c6b1489ab2ef2bf1ccd937a29813fb9c7198a05faddb1e72c61b682', '7394214f611769df4cbd92e021903cd6b15793780fa33d3510a72a23b47907c6', '8537363174e0fc1d2861bf1cffe724f6e15f378335053f37a8b3853cffc0f7c1', '87d0d00dd48c48156bb1e929b5af3a91367e0b46fbcc3c105900bcf81267d738', '7f2bf92ee6d68e76bff3b4c34d28522c11430993f2a1bc07dbcfb29db4b6915a', '5f06ad68e7eb929271ea1fffcd03120f3bbca84722fd87d08fbab6c9a0b90fd6', '5731eee1ad6e7af0d77cdc090b9211b9ac14f51fd802e40ff5b6f2622d6ce40b', 'a9e009431f659ee5ac6120f45f3e8668da6cac95c4db83a74d241e2b126796e3', '04f1207d6af5db69b192aa28f5734b2503adc19399784ada71e45fafbd7c6626', '6a7925afa00cbece16e9b4661890f0b06b07bffc70329ce9a1c890489b416a99', 'ba510eb7b02a1bc36a444a96b3877b905ae597a8c62c29ccef9741e71f6dc683', '2c84dfad0860fc43da94d1ce604b66517dee84efca235f83e44267e344341e62']",1548679529644
849,5a9f7013ac06c4e86c0f66b6ff2bfecf61a2fffea2d149dcee7369965d1ec2b0,"[-0.18271932005882263, -0.014096904546022415, -0.05396968871355057, -0.1654985547065735, 0.1496417373418808, 0.018322553485631943, -0.10936540365219116, 0.18530625104904175, -0.06410027295351028, -0.0193016454577446, -0.07095770537853241, -0.05138858035206795, -0.025573983788490295, -0.07778322696685791, 0.08156406134366989, 0.04307273402810097, -0.039966240525245667, 0.02540636621415615, -0.014603450894355774, 0.008008823730051517, -0.018939044326543808, 0.0031839548610150814, 0.0016801285091787577, -0.02105000801384449, 0.023577069863677025, 0.034530021250247955, 0.008251398801803589, -0.02292945794761181, -0.02973891980946064, -0.008102666586637497, -0.027998706325888634, 0.030732301995158195, 0.00023559294641017914, -0.02361907996237278, 0.010794990696012974, 0.01755504123866558, -0.00974183063954115, -0.02141788974404335, -0.010414507240056992, 0.014292453415691853, 0.004836712498217821, -0.006385589484125376, -0.00905383750796318, -0.010760769248008728, -0.004797757137566805, 0.008882680907845497, 0.00488554360345006, -0.001637069508433342, -0.007798992097377777, -0.0043784999288618565]","['6a7925afa00cbece16e9b4661890f0b06b07bffc70329ce9a1c890489b416a99', '6a7925afa00cbece16e9b4661890f0b06b07bffc70329ce9a1c890489b416a99', '6a7925afa00cbece16e9b4661890f0b06b07bffc70329ce9a1c890489b416a99', '6a7925afa00cbece16e9b4661890f0b06b07bffc70329ce9a1c890489b416a99', '6a7925afa00cbece16e9b4661890f0b06b07bffc70329ce9a1c890489b416a99', '6a7925afa00cbece16e9b4661890f0b06b07bffc70329ce9a1c890489b416a99']","['b9e78444cca2676f7c8fa3d96e07946f3e0083eecd4356da36666460a50c9abc', 'f4fcf0d43cf7aa25d89d187198993a328304c41cbc23db93483572ef0d6802b4', 'aab60a087b9949090d6ffb0ea7b820f44ca2ac6ea87f35cb43b2f2912d231ac0', '52294425542678c3859846877531c846af54cf46f51ba86ac75c482ad168be3d', 'bbf6078546e324f92ac92bb7606e4fbbc6a2349b558096f69dcc21a85e8e4da3', 'fd9eed5afeebd65efce2ae92f23b1dd8969b36823a24dc29e8312300fa102fbc', '81b8af9b98a804b8116ba89a8a3b789344d09e68f7873b117f661d046ff4afcf', '619f168608aa334040e41d35eb8668d79ac0b1b4b195725a9815943ef8cccfb9', '545c91c635df25daac13efa4eeb2f781ca0b13c4db5454bde15208b3ecec96ba', '4ed32d7993879dd94130413cfaffe0e9d25a7321536687ae7ffed64ed1c76bd5', '5c098d7841bababe5c2a5a1d65925a6ac7f7b355e9b3bfc4282c77d0953ef740', 'f3099880836d5832b1bedf0fea5534661f3ccb96423cde2ead5cd257776f3de8', 'deacf531f36a25c6829f0f173e0d076b6ce65042b8107ce0e6fe4f316acaa6af', 'b3d8223c3c6b1489ab2ef2bf1ccd937a29813fb9c7198a05faddb1e72c61b682', '7394214f611769df4cbd92e021903cd6b15793780fa33d3510a72a23b47907c6', '8537363174e0fc1d2861bf1cffe724f6e15f378335053f37a8b3853cffc0f7c1', '87d0d00dd48c48156bb1e929b5af3a91367e0b46fbcc3c105900bcf81267d738', '7f2bf92ee6d68e76bff3b4c34d28522c11430993f2a1bc07dbcfb29db4b6915a', '5f06ad68e7eb929271ea1fffcd03120f3bbca84722fd87d08fbab6c9a0b90fd6', '5731eee1ad6e7af0d77cdc090b9211b9ac14f51fd802e40ff5b6f2622d6ce40b', 'a9e009431f659ee5ac6120f45f3e8668da6cac95c4db83a74d241e2b126796e3', '04f1207d6af5db69b192aa28f5734b2503adc19399784ada71e45fafbd7c6626', '6a7925afa00cbece16e9b4661890f0b06b07bffc70329ce9a1c890489b416a99', 'ba510eb7b02a1bc36a444a96b3877b905ae597a8c62c29ccef9741e71f6dc683', '2c84dfad0860fc43da94d1ce604b66517dee84efca235f83e44267e344341e62']",1548679529644
850,5a9f7013ac06c4e86c0f66b6ff2bfecf61a2fffea2d149dcee7369965d1ec2b0,"[-0.18271932005882263, -0.014096904546022415, -0.05396968871355057, -0.1654985547065735, 0.1496417373418808, 0.018322553485631943, -0.10936540365219116, 0.18530625104904175, -0.06410027295351028, -0.0193016454577446, -0.07095770537853241, -0.05138858035206795, -0.025573983788490295, -0.07778322696685791, 0.08156406134366989, 0.04307273402810097, -0.039966240525245667, 0.02540636621415615, -0.014603450894355774, 0.008008823730051517, -0.018939044326543808, 0.0031839548610150814, 0.0016801285091787577, -0.02105000801384449, 0.023577069863677025, 0.034530021250247955, 0.008251398801803589, -0.02292945794761181, -0.02973891980946064, -0.008102666586637497, -0.027998706325888634, 0.030732301995158195, 0.00023559294641017914, -0.02361907996237278, 0.010794990696012974, 0.01755504123866558, -0.00974183063954115, -0.02141788974404335, -0.010414507240056992, 0.014292453415691853, 0.004836712498217821, -0.006385589484125376, -0.00905383750796318, -0.010760769248008728, -0.004797757137566805, 0.008882680907845497, 0.00488554360345006, -0.001637069508433342, -0.007798992097377777, -0.0043784999288618565]","['6a7925afa00cbece16e9b4661890f0b06b07bffc70329ce9a1c890489b416a99', '6a7925afa00cbece16e9b4661890f0b06b07bffc70329ce9a1c890489b416a99', '6a7925afa00cbece16e9b4661890f0b06b07bffc70329ce9a1c890489b416a99', '6a7925afa00cbece16e9b4661890f0b06b07bffc70329ce9a1c890489b416a99', '6a7925afa00cbece16e9b4661890f0b06b07bffc70329ce9a1c890489b416a99', '6a7925afa00cbece16e9b4661890f0b06b07bffc70329ce9a1c890489b416a99']","['b9e78444cca2676f7c8fa3d96e07946f3e0083eecd4356da36666460a50c9abc', 'f4fcf0d43cf7aa25d89d187198993a328304c41cbc23db93483572ef0d6802b4', 'aab60a087b9949090d6ffb0ea7b820f44ca2ac6ea87f35cb43b2f2912d231ac0', '52294425542678c3859846877531c846af54cf46f51ba86ac75c482ad168be3d', 'bbf6078546e324f92ac92bb7606e4fbbc6a2349b558096f69dcc21a85e8e4da3', 'fd9eed5afeebd65efce2ae92f23b1dd8969b36823a24dc29e8312300fa102fbc', '81b8af9b98a804b8116ba89a8a3b789344d09e68f7873b117f661d046ff4afcf', '619f168608aa334040e41d35eb8668d79ac0b1b4b195725a9815943ef8cccfb9', '545c91c635df25daac13efa4eeb2f781ca0b13c4db5454bde15208b3ecec96ba', '4ed32d7993879dd94130413cfaffe0e9d25a7321536687ae7ffed64ed1c76bd5', '5c098d7841bababe5c2a5a1d65925a6ac7f7b355e9b3bfc4282c77d0953ef740', 'f3099880836d5832b1bedf0fea5534661f3ccb96423cde2ead5cd257776f3de8', 'deacf531f36a25c6829f0f173e0d076b6ce65042b8107ce0e6fe4f316acaa6af', 'b3d8223c3c6b1489ab2ef2bf1ccd937a29813fb9c7198a05faddb1e72c61b682', '7394214f611769df4cbd92e021903cd6b15793780fa33d3510a72a23b47907c6', '8537363174e0fc1d2861bf1cffe724f6e15f378335053f37a8b3853cffc0f7c1', '87d0d00dd48c48156bb1e929b5af3a91367e0b46fbcc3c105900bcf81267d738', '7f2bf92ee6d68e76bff3b4c34d28522c11430993f2a1bc07dbcfb29db4b6915a', '5f06ad68e7eb929271ea1fffcd03120f3bbca84722fd87d08fbab6c9a0b90fd6', '5731eee1ad6e7af0d77cdc090b9211b9ac14f51fd802e40ff5b6f2622d6ce40b', 'a9e009431f659ee5ac6120f45f3e8668da6cac95c4db83a74d241e2b126796e3', '04f1207d6af5db69b192aa28f5734b2503adc19399784ada71e45fafbd7c6626', '6a7925afa00cbece16e9b4661890f0b06b07bffc70329ce9a1c890489b416a99', 'ba510eb7b02a1bc36a444a96b3877b905ae597a8c62c29ccef9741e71f6dc683', '2c84dfad0860fc43da94d1ce604b66517dee84efca235f83e44267e344341e62']",1548679529644
851,5a9f7013ac06c4e86c0f66b6ff2bfecf61a2fffea2d149dcee7369965d1ec2b0,"[-0.18271932005882263, -0.014096904546022415, -0.05396968871355057, -0.1654985547065735, 0.1496417373418808, 0.018322553485631943, -0.10936540365219116, 0.18530625104904175, -0.06410027295351028, -0.0193016454577446, -0.07095770537853241, -0.05138858035206795, -0.025573983788490295, -0.07778322696685791, 0.08156406134366989, 0.04307273402810097, -0.039966240525245667, 0.02540636621415615, -0.014603450894355774, 0.008008823730051517, -0.018939044326543808, 0.0031839548610150814, 0.0016801285091787577, -0.02105000801384449, 0.023577069863677025, 0.034530021250247955, 0.008251398801803589, -0.02292945794761181, -0.02973891980946064, -0.008102666586637497, -0.027998706325888634, 0.030732301995158195, 0.00023559294641017914, -0.02361907996237278, 0.010794990696012974, 0.01755504123866558, -0.00974183063954115, -0.02141788974404335, -0.010414507240056992, 0.014292453415691853, 0.004836712498217821, -0.006385589484125376, -0.00905383750796318, -0.010760769248008728, -0.004797757137566805, 0.008882680907845497, 0.00488554360345006, -0.001637069508433342, -0.007798992097377777, -0.0043784999288618565]","['6a7925afa00cbece16e9b4661890f0b06b07bffc70329ce9a1c890489b416a99', '6a7925afa00cbece16e9b4661890f0b06b07bffc70329ce9a1c890489b416a99', '6a7925afa00cbece16e9b4661890f0b06b07bffc70329ce9a1c890489b416a99', '6a7925afa00cbece16e9b4661890f0b06b07bffc70329ce9a1c890489b416a99', '6a7925afa00cbece16e9b4661890f0b06b07bffc70329ce9a1c890489b416a99', '6a7925afa00cbece16e9b4661890f0b06b07bffc70329ce9a1c890489b416a99']","['b9e78444cca2676f7c8fa3d96e07946f3e0083eecd4356da36666460a50c9abc', 'f4fcf0d43cf7aa25d89d187198993a328304c41cbc23db93483572ef0d6802b4', 'aab60a087b9949090d6ffb0ea7b820f44ca2ac6ea87f35cb43b2f2912d231ac0', '52294425542678c3859846877531c846af54cf46f51ba86ac75c482ad168be3d', 'bbf6078546e324f92ac92bb7606e4fbbc6a2349b558096f69dcc21a85e8e4da3', 'fd9eed5afeebd65efce2ae92f23b1dd8969b36823a24dc29e8312300fa102fbc', '81b8af9b98a804b8116ba89a8a3b789344d09e68f7873b117f661d046ff4afcf', '619f168608aa334040e41d35eb8668d79ac0b1b4b195725a9815943ef8cccfb9', '545c91c635df25daac13efa4eeb2f781ca0b13c4db5454bde15208b3ecec96ba', '4ed32d7993879dd94130413cfaffe0e9d25a7321536687ae7ffed64ed1c76bd5', '5c098d7841bababe5c2a5a1d65925a6ac7f7b355e9b3bfc4282c77d0953ef740', 'f3099880836d5832b1bedf0fea5534661f3ccb96423cde2ead5cd257776f3de8', 'deacf531f36a25c6829f0f173e0d076b6ce65042b8107ce0e6fe4f316acaa6af', 'b3d8223c3c6b1489ab2ef2bf1ccd937a29813fb9c7198a05faddb1e72c61b682', '7394214f611769df4cbd92e021903cd6b15793780fa33d3510a72a23b47907c6', '8537363174e0fc1d2861bf1cffe724f6e15f378335053f37a8b3853cffc0f7c1', '87d0d00dd48c48156bb1e929b5af3a91367e0b46fbcc3c105900bcf81267d738', '7f2bf92ee6d68e76bff3b4c34d28522c11430993f2a1bc07dbcfb29db4b6915a', '5f06ad68e7eb929271ea1fffcd03120f3bbca84722fd87d08fbab6c9a0b90fd6', '5731eee1ad6e7af0d77cdc090b9211b9ac14f51fd802e40ff5b6f2622d6ce40b', 'a9e009431f659ee5ac6120f45f3e8668da6cac95c4db83a74d241e2b126796e3', '04f1207d6af5db69b192aa28f5734b2503adc19399784ada71e45fafbd7c6626', '6a7925afa00cbece16e9b4661890f0b06b07bffc70329ce9a1c890489b416a99', 'ba510eb7b02a1bc36a444a96b3877b905ae597a8c62c29ccef9741e71f6dc683', '2c84dfad0860fc43da94d1ce604b66517dee84efca235f83e44267e344341e62']",1548679529644
852,5a9f7013ac06c4e86c0f66b6ff2bfecf61a2fffea2d149dcee7369965d1ec2b0,"[-0.05850615352392197, -0.12919776141643524, 0.013190070167183876, -0.04194553196430206, 0.27455297112464905, 0.005846004001796246, -0.0013343412429094315, 0.16858112812042236, -0.02513979747891426, 0.07477181404829025, -0.020609039813280106, -0.02484992891550064, -0.0031683945562690496, -0.05836179107427597, 0.03462740778923035, 0.011462073773145676, 0.011005719192326069, 0.00972363818436861, 0.020495887845754623, 0.005526581779122353, -0.00743680028244853, -0.008954230695962906, -0.01691560447216034, -0.026512078940868378, -0.002650153823196888, 0.018345704302191734, 0.02389419451355934, 0.017678897827863693, -0.018560996279120445, 0.005213723052293062, 0.0075575546361505985, 0.02274993807077408, -0.008546157740056515, -0.019530806690454483, 0.0032484622206538916, -0.015371987596154213, -0.012356088496744633, 0.009526479989290237, 2.763420343399048e-05, 0.009964890778064728, -0.005373841617256403, 0.014272172003984451, 0.010213091969490051, 0.011511772871017456, 0.029019692912697792, 0.0012503750622272491, -0.003368149045854807, 0.03431020304560661, -0.011536874808371067, -0.0010005771182477474]",,,1548679647738
853,5a9f7013ac06c4e86c0f66b6ff2bfecf61a2fffea2d149dcee7369965d1ec2b0,"[-0.05850615352392197, -0.12919776141643524, 0.013190070167183876, -0.04194553196430206, 0.27455297112464905, 0.005846004001796246, -0.0013343412429094315, 0.16858112812042236, -0.02513979747891426, 0.07477181404829025, -0.020609039813280106, -0.02484992891550064, -0.0031683945562690496, -0.05836179107427597, 0.03462740778923035, 0.011462073773145676, 0.011005719192326069, 0.00972363818436861, 0.020495887845754623, 0.005526581779122353, -0.00743680028244853, -0.008954230695962906, -0.01691560447216034, -0.026512078940868378, -0.002650153823196888, 0.018345704302191734, 0.02389419451355934, 0.017678897827863693, -0.018560996279120445, 0.005213723052293062, 0.0075575546361505985, 0.02274993807077408, -0.008546157740056515, -0.019530806690454483, 0.0032484622206538916, -0.015371987596154213, -0.012356088496744633, 0.009526479989290237, 2.763420343399048e-05, 0.009964890778064728, -0.005373841617256403, 0.014272172003984451, 0.010213091969490051, 0.011511772871017456, 0.029019692912697792, 0.0012503750622272491, -0.003368149045854807, 0.03431020304560661, -0.011536874808371067, -0.0010005771182477474]",,,1548679647738
854,5a9f7013ac06c4e86c0f66b6ff2bfecf61a2fffea2d149dcee7369965d1ec2b0,"[-0.05850615352392197, -0.12919776141643524, 0.013190070167183876, -0.04194553196430206, 0.27455297112464905, 0.005846004001796246, -0.0013343412429094315, 0.16858112812042236, -0.02513979747891426, 0.07477181404829025, -0.020609039813280106, -0.02484992891550064, -0.0031683945562690496, -0.05836179107427597, 0.03462740778923035, 0.011462073773145676, 0.011005719192326069, 0.00972363818436861, 0.020495887845754623, 0.005526581779122353, -0.00743680028244853, -0.008954230695962906, -0.01691560447216034, -0.026512078940868378, -0.002650153823196888, 0.018345704302191734, 0.02389419451355934, 0.017678897827863693, -0.018560996279120445, 0.005213723052293062, 0.0075575546361505985, 0.02274993807077408, -0.008546157740056515, -0.019530806690454483, 0.0032484622206538916, -0.015371987596154213, -0.012356088496744633, 0.009526479989290237, 2.763420343399048e-05, 0.009964890778064728, -0.005373841617256403, 0.014272172003984451, 0.010213091969490051, 0.011511772871017456, 0.029019692912697792, 0.0012503750622272491, -0.003368149045854807, 0.03431020304560661, -0.011536874808371067, -0.0010005771182477474]",,,1548679647738
855,5a9f7013ac06c4e86c0f66b6ff2bfecf61a2fffea2d149dcee7369965d1ec2b0,"[-0.05850615352392197, -0.12919776141643524, 0.013190070167183876, -0.04194553196430206, 0.27455297112464905, 0.005846004001796246, -0.0013343412429094315, 0.16858112812042236, -0.02513979747891426, 0.07477181404829025, -0.020609039813280106, -0.02484992891550064, -0.0031683945562690496, -0.05836179107427597, 0.03462740778923035, 0.011462073773145676, 0.011005719192326069, 0.00972363818436861, 0.020495887845754623, 0.005526581779122353, -0.00743680028244853, -0.008954230695962906, -0.01691560447216034, -0.026512078940868378, -0.002650153823196888, 0.018345704302191734, 0.02389419451355934, 0.017678897827863693, -0.018560996279120445, 0.005213723052293062, 0.0075575546361505985, 0.02274993807077408, -0.008546157740056515, -0.019530806690454483, 0.0032484622206538916, -0.015371987596154213, -0.012356088496744633, 0.009526479989290237, 2.763420343399048e-05, 0.009964890778064728, -0.005373841617256403, 0.014272172003984451, 0.010213091969490051, 0.011511772871017456, 0.029019692912697792, 0.0012503750622272491, -0.003368149045854807, 0.03431020304560661, -0.011536874808371067, -0.0010005771182477474]",,,1548679647738
856,5a9f7013ac06c4e86c0f66b6ff2bfecf61a2fffea2d149dcee7369965d1ec2b0,"[-0.05850615352392197, -0.12919776141643524, 0.013190070167183876, -0.04194553196430206, 0.27455297112464905, 0.005846004001796246, -0.0013343412429094315, 0.16858112812042236, -0.02513979747891426, 0.07477181404829025, -0.020609039813280106, -0.02484992891550064, -0.0031683945562690496, -0.05836179107427597, 0.03462740778923035, 0.011462073773145676, 0.011005719192326069, 0.00972363818436861, 0.020495887845754623, 0.005526581779122353, -0.00743680028244853, -0.008954230695962906, -0.01691560447216034, -0.026512078940868378, -0.002650153823196888, 0.018345704302191734, 0.02389419451355934, 0.017678897827863693, -0.018560996279120445, 0.005213723052293062, 0.0075575546361505985, 0.02274993807077408, -0.008546157740056515, -0.019530806690454483, 0.0032484622206538916, -0.015371987596154213, -0.012356088496744633, 0.009526479989290237, 2.763420343399048e-05, 0.009964890778064728, -0.005373841617256403, 0.014272172003984451, 0.010213091969490051, 0.011511772871017456, 0.029019692912697792, 0.0012503750622272491, -0.003368149045854807, 0.03431020304560661, -0.011536874808371067, -0.0010005771182477474]",,,1548679647738
857,88956e9fe80adaed436d2b4635071fa93c206f34a7cbf425645df74a2a2e8472,"[-0.18271932005882263, -0.014096904546022415, -0.05396968871355057, -0.1654985547065735, 0.1496417373418808, 0.018322553485631943, -0.10936540365219116, 0.18530625104904175, -0.06410027295351028, -0.0193016454577446, -0.07095770537853241, -0.05138858035206795, -0.025573983788490295, -0.07778322696685791, 0.08156406134366989, 0.04307273402810097, -0.039966240525245667, 0.02540636621415615, -0.014603450894355774, 0.008008823730051517, -0.018939044326543808, 0.0031839548610150814, 0.0016801285091787577, -0.02105000801384449, 0.023577069863677025, 0.034530021250247955, 0.008251398801803589, -0.02292945794761181, -0.02973891980946064, -0.008102666586637497, -0.027998706325888634, 0.030732301995158195, 0.00023559294641017914, -0.02361907996237278, 0.010794990696012974, 0.01755504123866558, -0.00974183063954115, -0.02141788974404335, -0.010414507240056992, 0.014292453415691853, 0.004836712498217821, -0.006385589484125376, -0.00905383750796318, -0.010760769248008728, -0.004797757137566805, 0.008882680907845497, 0.00488554360345006, -0.001637069508433342, -0.007798992097377777, -0.0043784999288618565]","['deacf531f36a25c6829f0f173e0d076b6ce65042b8107ce0e6fe4f316acaa6af', 'deacf531f36a25c6829f0f173e0d076b6ce65042b8107ce0e6fe4f316acaa6af', 'deacf531f36a25c6829f0f173e0d076b6ce65042b8107ce0e6fe4f316acaa6af', 'deacf531f36a25c6829f0f173e0d076b6ce65042b8107ce0e6fe4f316acaa6af', 'deacf531f36a25c6829f0f173e0d076b6ce65042b8107ce0e6fe4f316acaa6af', 'deacf531f36a25c6829f0f173e0d076b6ce65042b8107ce0e6fe4f316acaa6af', 'deacf531f36a25c6829f0f173e0d076b6ce65042b8107ce0e6fe4f316acaa6af', 'deacf531f36a25c6829f0f173e0d076b6ce65042b8107ce0e6fe4f316acaa6af', 'deacf531f36a25c6829f0f173e0d076b6ce65042b8107ce0e6fe4f316acaa6af', 'deacf531f36a25c6829f0f173e0d076b6ce65042b8107ce0e6fe4f316acaa6af']","['b9e78444cca2676f7c8fa3d96e07946f3e0083eecd4356da36666460a50c9abc', 'f4fcf0d43cf7aa25d89d187198993a328304c41cbc23db93483572ef0d6802b4', 'aab60a087b9949090d6ffb0ea7b820f44ca2ac6ea87f35cb43b2f2912d231ac0', '87f84da0c27c4052166e521c7adc0e34fddce39e2ad7b9bf13b4ae7e040abbf1', '52294425542678c3859846877531c846af54cf46f51ba86ac75c482ad168be3d', 'bbf6078546e324f92ac92bb7606e4fbbc6a2349b558096f69dcc21a85e8e4da3', 'fd9eed5afeebd65efce2ae92f23b1dd8969b36823a24dc29e8312300fa102fbc', '81b8af9b98a804b8116ba89a8a3b789344d09e68f7873b117f661d046ff4afcf', 'cc1dedbc30fb7712b8fee9e821af2855d94ba60f758a289c6154395ab7d5cb09', '619f168608aa334040e41d35eb8668d79ac0b1b4b195725a9815943ef8cccfb9', '545c91c635df25daac13efa4eeb2f781ca0b13c4db5454bde15208b3ecec96ba', '4ed32d7993879dd94130413cfaffe0e9d25a7321536687ae7ffed64ed1c76bd5', '5c098d7841bababe5c2a5a1d65925a6ac7f7b355e9b3bfc4282c77d0953ef740', 'f3099880836d5832b1bedf0fea5534661f3ccb96423cde2ead5cd257776f3de8', 'd5d1bbe0cccb73e44146cba609087d9648f89db60c67ab6c8609917c59bfd4f7', '3578d3bd18f3c21092e318f7567a24e103a656d3c2e7febf24e73590d38bafc2', 'deacf531f36a25c6829f0f173e0d076b6ce65042b8107ce0e6fe4f316acaa6af', 'b3d8223c3c6b1489ab2ef2bf1ccd937a29813fb9c7198a05faddb1e72c61b682', '7394214f611769df4cbd92e021903cd6b15793780fa33d3510a72a23b47907c6', '8537363174e0fc1d2861bf1cffe724f6e15f378335053f37a8b3853cffc0f7c1', '703b8aab48927908364e72c26d56c4397f2a9539b7b040a1264c0a9867ee0447', '87d0d00dd48c48156bb1e929b5af3a91367e0b46fbcc3c105900bcf81267d738', '7f2bf92ee6d68e76bff3b4c34d28522c11430993f2a1bc07dbcfb29db4b6915a', '5f06ad68e7eb929271ea1fffcd03120f3bbca84722fd87d08fbab6c9a0b90fd6', '5731eee1ad6e7af0d77cdc090b9211b9ac14f51fd802e40ff5b6f2622d6ce40b']",1548280175907
858,88956e9fe80adaed436d2b4635071fa93c206f34a7cbf425645df74a2a2e8472,"[-0.18271932005882263, -0.014096904546022415, -0.05396968871355057, -0.1654985547065735, 0.1496417373418808, 0.018322553485631943, -0.10936540365219116, 0.18530625104904175, -0.06410027295351028, -0.0193016454577446, -0.07095770537853241, -0.05138858035206795, -0.025573983788490295, -0.07778322696685791, 0.08156406134366989, 0.04307273402810097, -0.039966240525245667, 0.02540636621415615, -0.014603450894355774, 0.008008823730051517, -0.018939044326543808, 0.0031839548610150814, 0.0016801285091787577, -0.02105000801384449, 0.023577069863677025, 0.034530021250247955, 0.008251398801803589, -0.02292945794761181, -0.02973891980946064, -0.008102666586637497, -0.027998706325888634, 0.030732301995158195, 0.00023559294641017914, -0.02361907996237278, 0.010794990696012974, 0.01755504123866558, -0.00974183063954115, -0.02141788974404335, -0.010414507240056992, 0.014292453415691853, 0.004836712498217821, -0.006385589484125376, -0.00905383750796318, -0.010760769248008728, -0.004797757137566805, 0.008882680907845497, 0.00488554360345006, -0.001637069508433342, -0.007798992097377777, -0.0043784999288618565]","['deacf531f36a25c6829f0f173e0d076b6ce65042b8107ce0e6fe4f316acaa6af', 'deacf531f36a25c6829f0f173e0d076b6ce65042b8107ce0e6fe4f316acaa6af', 'deacf531f36a25c6829f0f173e0d076b6ce65042b8107ce0e6fe4f316acaa6af', 'deacf531f36a25c6829f0f173e0d076b6ce65042b8107ce0e6fe4f316acaa6af', 'deacf531f36a25c6829f0f173e0d076b6ce65042b8107ce0e6fe4f316acaa6af', 'deacf531f36a25c6829f0f173e0d076b6ce65042b8107ce0e6fe4f316acaa6af', 'deacf531f36a25c6829f0f173e0d076b6ce65042b8107ce0e6fe4f316acaa6af', 'deacf531f36a25c6829f0f173e0d076b6ce65042b8107ce0e6fe4f316acaa6af', 'deacf531f36a25c6829f0f173e0d076b6ce65042b8107ce0e6fe4f316acaa6af', 'deacf531f36a25c6829f0f173e0d076b6ce65042b8107ce0e6fe4f316acaa6af']","['b9e78444cca2676f7c8fa3d96e07946f3e0083eecd4356da36666460a50c9abc', 'f4fcf0d43cf7aa25d89d187198993a328304c41cbc23db93483572ef0d6802b4', 'aab60a087b9949090d6ffb0ea7b820f44ca2ac6ea87f35cb43b2f2912d231ac0', '87f84da0c27c4052166e521c7adc0e34fddce39e2ad7b9bf13b4ae7e040abbf1', '52294425542678c3859846877531c846af54cf46f51ba86ac75c482ad168be3d', 'bbf6078546e324f92ac92bb7606e4fbbc6a2349b558096f69dcc21a85e8e4da3', 'fd9eed5afeebd65efce2ae92f23b1dd8969b36823a24dc29e8312300fa102fbc', '81b8af9b98a804b8116ba89a8a3b789344d09e68f7873b117f661d046ff4afcf', 'cc1dedbc30fb7712b8fee9e821af2855d94ba60f758a289c6154395ab7d5cb09', '619f168608aa334040e41d35eb8668d79ac0b1b4b195725a9815943ef8cccfb9', '545c91c635df25daac13efa4eeb2f781ca0b13c4db5454bde15208b3ecec96ba', '4ed32d7993879dd94130413cfaffe0e9d25a7321536687ae7ffed64ed1c76bd5', '5c098d7841bababe5c2a5a1d65925a6ac7f7b355e9b3bfc4282c77d0953ef740', 'f3099880836d5832b1bedf0fea5534661f3ccb96423cde2ead5cd257776f3de8', 'd5d1bbe0cccb73e44146cba609087d9648f89db60c67ab6c8609917c59bfd4f7', '3578d3bd18f3c21092e318f7567a24e103a656d3c2e7febf24e73590d38bafc2', 'deacf531f36a25c6829f0f173e0d076b6ce65042b8107ce0e6fe4f316acaa6af', 'b3d8223c3c6b1489ab2ef2bf1ccd937a29813fb9c7198a05faddb1e72c61b682', '7394214f611769df4cbd92e021903cd6b15793780fa33d3510a72a23b47907c6', '8537363174e0fc1d2861bf1cffe724f6e15f378335053f37a8b3853cffc0f7c1', '703b8aab48927908364e72c26d56c4397f2a9539b7b040a1264c0a9867ee0447', '87d0d00dd48c48156bb1e929b5af3a91367e0b46fbcc3c105900bcf81267d738', '7f2bf92ee6d68e76bff3b4c34d28522c11430993f2a1bc07dbcfb29db4b6915a', '5f06ad68e7eb929271ea1fffcd03120f3bbca84722fd87d08fbab6c9a0b90fd6', '5731eee1ad6e7af0d77cdc090b9211b9ac14f51fd802e40ff5b6f2622d6ce40b']",1548280175907
859,88956e9fe80adaed436d2b4635071fa93c206f34a7cbf425645df74a2a2e8472,"[-0.18271932005882263, -0.014096904546022415, -0.05396968871355057, -0.1654985547065735, 0.1496417373418808, 0.018322553485631943, -0.10936540365219116, 0.18530625104904175, -0.06410027295351028, -0.0193016454577446, -0.07095770537853241, -0.05138858035206795, -0.025573983788490295, -0.07778322696685791, 0.08156406134366989, 0.04307273402810097, -0.039966240525245667, 0.02540636621415615, -0.014603450894355774, 0.008008823730051517, -0.018939044326543808, 0.0031839548610150814, 0.0016801285091787577, -0.02105000801384449, 0.023577069863677025, 0.034530021250247955, 0.008251398801803589, -0.02292945794761181, -0.02973891980946064, -0.008102666586637497, -0.027998706325888634, 0.030732301995158195, 0.00023559294641017914, -0.02361907996237278, 0.010794990696012974, 0.01755504123866558, -0.00974183063954115, -0.02141788974404335, -0.010414507240056992, 0.014292453415691853, 0.004836712498217821, -0.006385589484125376, -0.00905383750796318, -0.010760769248008728, -0.004797757137566805, 0.008882680907845497, 0.00488554360345006, -0.001637069508433342, -0.007798992097377777, -0.0043784999288618565]","['deacf531f36a25c6829f0f173e0d076b6ce65042b8107ce0e6fe4f316acaa6af', 'deacf531f36a25c6829f0f173e0d076b6ce65042b8107ce0e6fe4f316acaa6af', 'deacf531f36a25c6829f0f173e0d076b6ce65042b8107ce0e6fe4f316acaa6af', 'deacf531f36a25c6829f0f173e0d076b6ce65042b8107ce0e6fe4f316acaa6af', 'deacf531f36a25c6829f0f173e0d076b6ce65042b8107ce0e6fe4f316acaa6af', 'deacf531f36a25c6829f0f173e0d076b6ce65042b8107ce0e6fe4f316acaa6af', 'deacf531f36a25c6829f0f173e0d076b6ce65042b8107ce0e6fe4f316acaa6af', 'deacf531f36a25c6829f0f173e0d076b6ce65042b8107ce0e6fe4f316acaa6af', 'deacf531f36a25c6829f0f173e0d076b6ce65042b8107ce0e6fe4f316acaa6af', 'deacf531f36a25c6829f0f173e0d076b6ce65042b8107ce0e6fe4f316acaa6af']","['b9e78444cca2676f7c8fa3d96e07946f3e0083eecd4356da36666460a50c9abc', 'f4fcf0d43cf7aa25d89d187198993a328304c41cbc23db93483572ef0d6802b4', 'aab60a087b9949090d6ffb0ea7b820f44ca2ac6ea87f35cb43b2f2912d231ac0', '87f84da0c27c4052166e521c7adc0e34fddce39e2ad7b9bf13b4ae7e040abbf1', '52294425542678c3859846877531c846af54cf46f51ba86ac75c482ad168be3d', 'bbf6078546e324f92ac92bb7606e4fbbc6a2349b558096f69dcc21a85e8e4da3', 'fd9eed5afeebd65efce2ae92f23b1dd8969b36823a24dc29e8312300fa102fbc', '81b8af9b98a804b8116ba89a8a3b789344d09e68f7873b117f661d046ff4afcf', 'cc1dedbc30fb7712b8fee9e821af2855d94ba60f758a289c6154395ab7d5cb09', '619f168608aa334040e41d35eb8668d79ac0b1b4b195725a9815943ef8cccfb9', '545c91c635df25daac13efa4eeb2f781ca0b13c4db5454bde15208b3ecec96ba', '4ed32d7993879dd94130413cfaffe0e9d25a7321536687ae7ffed64ed1c76bd5', '5c098d7841bababe5c2a5a1d65925a6ac7f7b355e9b3bfc4282c77d0953ef740', 'f3099880836d5832b1bedf0fea5534661f3ccb96423cde2ead5cd257776f3de8', 'd5d1bbe0cccb73e44146cba609087d9648f89db60c67ab6c8609917c59bfd4f7', '3578d3bd18f3c21092e318f7567a24e103a656d3c2e7febf24e73590d38bafc2', 'deacf531f36a25c6829f0f173e0d076b6ce65042b8107ce0e6fe4f316acaa6af', 'b3d8223c3c6b1489ab2ef2bf1ccd937a29813fb9c7198a05faddb1e72c61b682', '7394214f611769df4cbd92e021903cd6b15793780fa33d3510a72a23b47907c6', '8537363174e0fc1d2861bf1cffe724f6e15f378335053f37a8b3853cffc0f7c1', '703b8aab48927908364e72c26d56c4397f2a9539b7b040a1264c0a9867ee0447', '87d0d00dd48c48156bb1e929b5af3a91367e0b46fbcc3c105900bcf81267d738', '7f2bf92ee6d68e76bff3b4c34d28522c11430993f2a1bc07dbcfb29db4b6915a', '5f06ad68e7eb929271ea1fffcd03120f3bbca84722fd87d08fbab6c9a0b90fd6', '5731eee1ad6e7af0d77cdc090b9211b9ac14f51fd802e40ff5b6f2622d6ce40b']",1548280175907
860,88956e9fe80adaed436d2b4635071fa93c206f34a7cbf425645df74a2a2e8472,"[-0.18271932005882263, -0.014096904546022415, -0.05396968871355057, -0.1654985547065735, 0.1496417373418808, 0.018322553485631943, -0.10936540365219116, 0.18530625104904175, -0.06410027295351028, -0.0193016454577446, -0.07095770537853241, -0.05138858035206795, -0.025573983788490295, -0.07778322696685791, 0.08156406134366989, 0.04307273402810097, -0.039966240525245667, 0.02540636621415615, -0.014603450894355774, 0.008008823730051517, -0.018939044326543808, 0.0031839548610150814, 0.0016801285091787577, -0.02105000801384449, 0.023577069863677025, 0.034530021250247955, 0.008251398801803589, -0.02292945794761181, -0.02973891980946064, -0.008102666586637497, -0.027998706325888634, 0.030732301995158195, 0.00023559294641017914, -0.02361907996237278, 0.010794990696012974, 0.01755504123866558, -0.00974183063954115, -0.02141788974404335, -0.010414507240056992, 0.014292453415691853, 0.004836712498217821, -0.006385589484125376, -0.00905383750796318, -0.010760769248008728, -0.004797757137566805, 0.008882680907845497, 0.00488554360345006, -0.001637069508433342, -0.007798992097377777, -0.0043784999288618565]","['deacf531f36a25c6829f0f173e0d076b6ce65042b8107ce0e6fe4f316acaa6af', 'deacf531f36a25c6829f0f173e0d076b6ce65042b8107ce0e6fe4f316acaa6af', 'deacf531f36a25c6829f0f173e0d076b6ce65042b8107ce0e6fe4f316acaa6af', 'deacf531f36a25c6829f0f173e0d076b6ce65042b8107ce0e6fe4f316acaa6af', 'deacf531f36a25c6829f0f173e0d076b6ce65042b8107ce0e6fe4f316acaa6af', 'deacf531f36a25c6829f0f173e0d076b6ce65042b8107ce0e6fe4f316acaa6af', 'deacf531f36a25c6829f0f173e0d076b6ce65042b8107ce0e6fe4f316acaa6af', 'deacf531f36a25c6829f0f173e0d076b6ce65042b8107ce0e6fe4f316acaa6af', 'deacf531f36a25c6829f0f173e0d076b6ce65042b8107ce0e6fe4f316acaa6af', 'deacf531f36a25c6829f0f173e0d076b6ce65042b8107ce0e6fe4f316acaa6af']","['b9e78444cca2676f7c8fa3d96e07946f3e0083eecd4356da36666460a50c9abc', 'f4fcf0d43cf7aa25d89d187198993a328304c41cbc23db93483572ef0d6802b4', 'aab60a087b9949090d6ffb0ea7b820f44ca2ac6ea87f35cb43b2f2912d231ac0', '87f84da0c27c4052166e521c7adc0e34fddce39e2ad7b9bf13b4ae7e040abbf1', '52294425542678c3859846877531c846af54cf46f51ba86ac75c482ad168be3d', 'bbf6078546e324f92ac92bb7606e4fbbc6a2349b558096f69dcc21a85e8e4da3', 'fd9eed5afeebd65efce2ae92f23b1dd8969b36823a24dc29e8312300fa102fbc', '81b8af9b98a804b8116ba89a8a3b789344d09e68f7873b117f661d046ff4afcf', 'cc1dedbc30fb7712b8fee9e821af2855d94ba60f758a289c6154395ab7d5cb09', '619f168608aa334040e41d35eb8668d79ac0b1b4b195725a9815943ef8cccfb9', '545c91c635df25daac13efa4eeb2f781ca0b13c4db5454bde15208b3ecec96ba', '4ed32d7993879dd94130413cfaffe0e9d25a7321536687ae7ffed64ed1c76bd5', '5c098d7841bababe5c2a5a1d65925a6ac7f7b355e9b3bfc4282c77d0953ef740', 'f3099880836d5832b1bedf0fea5534661f3ccb96423cde2ead5cd257776f3de8', 'd5d1bbe0cccb73e44146cba609087d9648f89db60c67ab6c8609917c59bfd4f7', '3578d3bd18f3c21092e318f7567a24e103a656d3c2e7febf24e73590d38bafc2', 'deacf531f36a25c6829f0f173e0d076b6ce65042b8107ce0e6fe4f316acaa6af', 'b3d8223c3c6b1489ab2ef2bf1ccd937a29813fb9c7198a05faddb1e72c61b682', '7394214f611769df4cbd92e021903cd6b15793780fa33d3510a72a23b47907c6', '8537363174e0fc1d2861bf1cffe724f6e15f378335053f37a8b3853cffc0f7c1', '703b8aab48927908364e72c26d56c4397f2a9539b7b040a1264c0a9867ee0447', '87d0d00dd48c48156bb1e929b5af3a91367e0b46fbcc3c105900bcf81267d738', '7f2bf92ee6d68e76bff3b4c34d28522c11430993f2a1bc07dbcfb29db4b6915a', '5f06ad68e7eb929271ea1fffcd03120f3bbca84722fd87d08fbab6c9a0b90fd6', '5731eee1ad6e7af0d77cdc090b9211b9ac14f51fd802e40ff5b6f2622d6ce40b']",1548280175907
861,88956e9fe80adaed436d2b4635071fa93c206f34a7cbf425645df74a2a2e8472,"[-0.18271932005882263, -0.014096904546022415, -0.05396968871355057, -0.1654985547065735, 0.1496417373418808, 0.018322553485631943, -0.10936540365219116, 0.18530625104904175, -0.06410027295351028, -0.0193016454577446, -0.07095770537853241, -0.05138858035206795, -0.025573983788490295, -0.07778322696685791, 0.08156406134366989, 0.04307273402810097, -0.039966240525245667, 0.02540636621415615, -0.014603450894355774, 0.008008823730051517, -0.018939044326543808, 0.0031839548610150814, 0.0016801285091787577, -0.02105000801384449, 0.023577069863677025, 0.034530021250247955, 0.008251398801803589, -0.02292945794761181, -0.02973891980946064, -0.008102666586637497, -0.027998706325888634, 0.030732301995158195, 0.00023559294641017914, -0.02361907996237278, 0.010794990696012974, 0.01755504123866558, -0.00974183063954115, -0.02141788974404335, -0.010414507240056992, 0.014292453415691853, 0.004836712498217821, -0.006385589484125376, -0.00905383750796318, -0.010760769248008728, -0.004797757137566805, 0.008882680907845497, 0.00488554360345006, -0.001637069508433342, -0.007798992097377777, -0.0043784999288618565]","['deacf531f36a25c6829f0f173e0d076b6ce65042b8107ce0e6fe4f316acaa6af', 'deacf531f36a25c6829f0f173e0d076b6ce65042b8107ce0e6fe4f316acaa6af', 'deacf531f36a25c6829f0f173e0d076b6ce65042b8107ce0e6fe4f316acaa6af', 'deacf531f36a25c6829f0f173e0d076b6ce65042b8107ce0e6fe4f316acaa6af', 'deacf531f36a25c6829f0f173e0d076b6ce65042b8107ce0e6fe4f316acaa6af', 'deacf531f36a25c6829f0f173e0d076b6ce65042b8107ce0e6fe4f316acaa6af', 'deacf531f36a25c6829f0f173e0d076b6ce65042b8107ce0e6fe4f316acaa6af', 'deacf531f36a25c6829f0f173e0d076b6ce65042b8107ce0e6fe4f316acaa6af', 'deacf531f36a25c6829f0f173e0d076b6ce65042b8107ce0e6fe4f316acaa6af', 'deacf531f36a25c6829f0f173e0d076b6ce65042b8107ce0e6fe4f316acaa6af']","['b9e78444cca2676f7c8fa3d96e07946f3e0083eecd4356da36666460a50c9abc', 'f4fcf0d43cf7aa25d89d187198993a328304c41cbc23db93483572ef0d6802b4', 'aab60a087b9949090d6ffb0ea7b820f44ca2ac6ea87f35cb43b2f2912d231ac0', '87f84da0c27c4052166e521c7adc0e34fddce39e2ad7b9bf13b4ae7e040abbf1', '52294425542678c3859846877531c846af54cf46f51ba86ac75c482ad168be3d', 'bbf6078546e324f92ac92bb7606e4fbbc6a2349b558096f69dcc21a85e8e4da3', 'fd9eed5afeebd65efce2ae92f23b1dd8969b36823a24dc29e8312300fa102fbc', '81b8af9b98a804b8116ba89a8a3b789344d09e68f7873b117f661d046ff4afcf', 'cc1dedbc30fb7712b8fee9e821af2855d94ba60f758a289c6154395ab7d5cb09', '619f168608aa334040e41d35eb8668d79ac0b1b4b195725a9815943ef8cccfb9', '545c91c635df25daac13efa4eeb2f781ca0b13c4db5454bde15208b3ecec96ba', '4ed32d7993879dd94130413cfaffe0e9d25a7321536687ae7ffed64ed1c76bd5', '5c098d7841bababe5c2a5a1d65925a6ac7f7b355e9b3bfc4282c77d0953ef740', 'f3099880836d5832b1bedf0fea5534661f3ccb96423cde2ead5cd257776f3de8', 'd5d1bbe0cccb73e44146cba609087d9648f89db60c67ab6c8609917c59bfd4f7', '3578d3bd18f3c21092e318f7567a24e103a656d3c2e7febf24e73590d38bafc2', 'deacf531f36a25c6829f0f173e0d076b6ce65042b8107ce0e6fe4f316acaa6af', 'b3d8223c3c6b1489ab2ef2bf1ccd937a29813fb9c7198a05faddb1e72c61b682', '7394214f611769df4cbd92e021903cd6b15793780fa33d3510a72a23b47907c6', '8537363174e0fc1d2861bf1cffe724f6e15f378335053f37a8b3853cffc0f7c1', '703b8aab48927908364e72c26d56c4397f2a9539b7b040a1264c0a9867ee0447', '87d0d00dd48c48156bb1e929b5af3a91367e0b46fbcc3c105900bcf81267d738', '7f2bf92ee6d68e76bff3b4c34d28522c11430993f2a1bc07dbcfb29db4b6915a', '5f06ad68e7eb929271ea1fffcd03120f3bbca84722fd87d08fbab6c9a0b90fd6', '5731eee1ad6e7af0d77cdc090b9211b9ac14f51fd802e40ff5b6f2622d6ce40b']",1548280175907
862,88956e9fe80adaed436d2b4635071fa93c206f34a7cbf425645df74a2a2e8472,"[-0.18271932005882263, -0.014096904546022415, -0.05396968871355057, -0.1654985547065735, 0.1496417373418808, 0.018322553485631943, -0.10936540365219116, 0.18530625104904175, -0.06410027295351028, -0.0193016454577446, -0.07095770537853241, -0.05138858035206795, -0.025573983788490295, -0.07778322696685791, 0.08156406134366989, 0.04307273402810097, -0.039966240525245667, 0.02540636621415615, -0.014603450894355774, 0.008008823730051517, -0.018939044326543808, 0.0031839548610150814, 0.0016801285091787577, -0.02105000801384449, 0.023577069863677025, 0.034530021250247955, 0.008251398801803589, -0.02292945794761181, -0.02973891980946064, -0.008102666586637497, -0.027998706325888634, 0.030732301995158195, 0.00023559294641017914, -0.02361907996237278, 0.010794990696012974, 0.01755504123866558, -0.00974183063954115, -0.02141788974404335, -0.010414507240056992, 0.014292453415691853, 0.004836712498217821, -0.006385589484125376, -0.00905383750796318, -0.010760769248008728, -0.004797757137566805, 0.008882680907845497, 0.00488554360345006, -0.001637069508433342, -0.007798992097377777, -0.0043784999288618565]","['deacf531f36a25c6829f0f173e0d076b6ce65042b8107ce0e6fe4f316acaa6af', 'deacf531f36a25c6829f0f173e0d076b6ce65042b8107ce0e6fe4f316acaa6af', 'deacf531f36a25c6829f0f173e0d076b6ce65042b8107ce0e6fe4f316acaa6af', 'deacf531f36a25c6829f0f173e0d076b6ce65042b8107ce0e6fe4f316acaa6af', 'deacf531f36a25c6829f0f173e0d076b6ce65042b8107ce0e6fe4f316acaa6af', 'deacf531f36a25c6829f0f173e0d076b6ce65042b8107ce0e6fe4f316acaa6af', 'deacf531f36a25c6829f0f173e0d076b6ce65042b8107ce0e6fe4f316acaa6af', 'deacf531f36a25c6829f0f173e0d076b6ce65042b8107ce0e6fe4f316acaa6af', 'deacf531f36a25c6829f0f173e0d076b6ce65042b8107ce0e6fe4f316acaa6af', 'deacf531f36a25c6829f0f173e0d076b6ce65042b8107ce0e6fe4f316acaa6af']","['b9e78444cca2676f7c8fa3d96e07946f3e0083eecd4356da36666460a50c9abc', 'f4fcf0d43cf7aa25d89d187198993a328304c41cbc23db93483572ef0d6802b4', 'aab60a087b9949090d6ffb0ea7b820f44ca2ac6ea87f35cb43b2f2912d231ac0', '87f84da0c27c4052166e521c7adc0e34fddce39e2ad7b9bf13b4ae7e040abbf1', '52294425542678c3859846877531c846af54cf46f51ba86ac75c482ad168be3d', 'bbf6078546e324f92ac92bb7606e4fbbc6a2349b558096f69dcc21a85e8e4da3', 'fd9eed5afeebd65efce2ae92f23b1dd8969b36823a24dc29e8312300fa102fbc', '81b8af9b98a804b8116ba89a8a3b789344d09e68f7873b117f661d046ff4afcf', 'cc1dedbc30fb7712b8fee9e821af2855d94ba60f758a289c6154395ab7d5cb09', '619f168608aa334040e41d35eb8668d79ac0b1b4b195725a9815943ef8cccfb9', '545c91c635df25daac13efa4eeb2f781ca0b13c4db5454bde15208b3ecec96ba', '4ed32d7993879dd94130413cfaffe0e9d25a7321536687ae7ffed64ed1c76bd5', '5c098d7841bababe5c2a5a1d65925a6ac7f7b355e9b3bfc4282c77d0953ef740', 'f3099880836d5832b1bedf0fea5534661f3ccb96423cde2ead5cd257776f3de8', 'd5d1bbe0cccb73e44146cba609087d9648f89db60c67ab6c8609917c59bfd4f7', '3578d3bd18f3c21092e318f7567a24e103a656d3c2e7febf24e73590d38bafc2', 'deacf531f36a25c6829f0f173e0d076b6ce65042b8107ce0e6fe4f316acaa6af', 'b3d8223c3c6b1489ab2ef2bf1ccd937a29813fb9c7198a05faddb1e72c61b682', '7394214f611769df4cbd92e021903cd6b15793780fa33d3510a72a23b47907c6', '8537363174e0fc1d2861bf1cffe724f6e15f378335053f37a8b3853cffc0f7c1', '703b8aab48927908364e72c26d56c4397f2a9539b7b040a1264c0a9867ee0447', '87d0d00dd48c48156bb1e929b5af3a91367e0b46fbcc3c105900bcf81267d738', '7f2bf92ee6d68e76bff3b4c34d28522c11430993f2a1bc07dbcfb29db4b6915a', '5f06ad68e7eb929271ea1fffcd03120f3bbca84722fd87d08fbab6c9a0b90fd6', '5731eee1ad6e7af0d77cdc090b9211b9ac14f51fd802e40ff5b6f2622d6ce40b']",1548280175907
863,42cba2c119789bcf75c4b4043d7dbf84ce6487833fbc17e1a73423a88d2a08fe,"[-0.25628727674484253, 0.048145096749067307, 0.030035117641091347, -0.1598164588212967, -0.06369954347610474, 0.01815381459891796, 0.3527168035507202, 0.22143593430519104, 0.006487417034804821, -0.0034053479321300983, 0.09234463423490524, 0.05112645775079727, 0.1095946803689003, 0.021686075255274773, -0.11752694100141525, -0.10765022039413452, 0.03821920230984688, 0.0028023701161146164, -0.07314810901880264, 0.010661192238330841, 0.032022878527641296, -0.017658602446317673, 0.0639781579375267, 0.12165510654449463, 0.015279488638043404, 0.03165658935904503, 0.0005843839608132839, -0.02257678285241127, -0.08457822352647781, 0.02928753010928631, 0.026422109454870224, -0.013194238767027855, 0.00873474683612585, -0.03807710111141205, 0.00950009934604168, 0.022994380444288254, -0.050218235701322556, 0.010028708726167679, -0.01416346337646246, 0.043867431581020355, -0.0012381654232740402, -0.00444040447473526, 0.03694472089409828, 0.03670095279812813, 0.06345083564519882, 0.000873468816280365, 0.003188532777130604, -0.017787575721740723, 0.0278570968657732, -0.039347004145383835]",,"['7b023d6c0c025887642f7ad0659016e9c6abde476c3d872eaeeccd00b3819677', '5b55278407b4e1d7799ebe805dc428948ca5218e7bcb8c1284bd779eb6d35933', 'd125edf4996f67adccefbaa16f1bffa7e331a835dba5fbc67557179e725b802b', '99fb549b59ed3eef352c451539c1be23a1d29f56016252f93e87df4359c4aad5', 'f5254accc6fc06fc742e5d25a5bdbc881111dd55b8a29e5380f43cf62052b02c', 'c84c98ab9739944287fd7906b4556e01d6647107dbf16394879cb33fedfcec93', 'b3981f281ac2e10a5f2397c592da16ab12d744ac0b549bbb98eedd57515b4ccf', '555eda1f4e07f516ea7d7419fb21c4c9ce2b82e320955d8377aee7cce8139ad6', '578973e579fc742bab3445e97e94543c137d4290535edeb8713138290cf70461', '1bf1486e796bab0f86c5bba76707ed004f1d25cea81f40e6b0220081fe6a88b1', '9423bea2773e17e34700a2470288f8b2d248d3b6ddb1eab3975ac14818a8ae9c', 'd390b614c1d6e35fdf06864d9e71ca4a9a1e26aabe4ef47bf4ee739ad8c86930', '0e87605e2e465bcaae91365e6ccf2693393c4bc0279b97bdfc5ab6fe69f3ec71', '8301470ebec2a80b134eb20941b0505a8567c8209a82088019a07ca97aef27f1', '5235fbc348c9a0920c2e4fbd89f90530a30951464f5c7bef3aaedf3aa6504394', 'ff18551fa769bea1627049e3b0b8e1b15aa32ec1f7d6e90457d1f70cb9352e3d', '66bcfad3679fdb559dbad7776f78b091c7b35f96f8bf71b78023f66048717f74', '40fcf96dbe99a51c971be10ba706602526900e9e1ced9627241fceacc442025c', '700c42598457dc0b8adb2bf20ce609d55da9cd2d0893af3f8be0988befdda79c', '223a96d0dab83ee994b28416d7b97b349e86d40e966c4b1d5aa63586b8a45564', 'a22dec543d2af5533a0659826b1bd4192d01bf9fefea9128891664951300c134', '95a417090194b6b1a0c884a5f79ba2678358c6a7ddfc9487bb9cb0588d1a42d6', 'aeddc09c5fb2c8c7578a9379a4d976b26e533f160136b19131e4f9ddaf0e416a', '8423bcb53cc0d0b450d66655161fbbd222a07fb23741d1fb2cdf235861a72512', 'aa76ea3a9f0c372a02108bb426b70c4767ddaafa94a2a5f63c3bd0a40c0080e6']",1547602267320
864,42cba2c119789bcf75c4b4043d7dbf84ce6487833fbc17e1a73423a88d2a08fe,"[-0.24238577485084534, 0.06353981047868729, 0.042435359209775925, -0.177968367934227, 0.04872370883822441, -0.01720682717859745, 0.21048212051391602, 0.3358141779899597, -0.008475182577967644, 0.07112482190132141, 0.008489929139614105, -0.022422656416893005, -0.06509760767221451, -0.08419324457645416, 0.03515470027923584, 0.028561845421791077, -0.07697504013776779, 0.012344158254563808, -0.023769561201334, 0.05180606245994568, -0.020651578903198242, -0.0036094142124056816, 0.011476692743599415, 0.04058310389518738, -0.009045068174600601, 0.017569711431860924, 0.030379805713891983, -0.009328056126832962, -0.08125883340835571, 0.019203700125217438, 0.027064071968197823, 0.00037787482142448425, 0.0016122686211019754, -0.03704586625099182, 0.0013495436869561672, 0.009204810485243797, -0.05250551551580429, 0.022341053932905197, -0.022325554862618446, 0.05542629957199097, 0.022194162011146545, -0.02126988023519516, 0.04953422397375107, 0.06361637264490128, 0.04884184151887894, -0.006741244345903397, 0.00517402496188879, 0.006984171457588673, 0.014057877473533154, -0.03195393830537796]",['5554c58de1736650d7f4d7134ba1c45817f3f88d292975fb4af56f0b1b7fa048'],"['367d5325a1d851224a4085eac9ac853ecc56827e23a5da72ead877b33b26ddd6', '0a768ceb114d9958a237020e99147ed488c62e98731205e584145081f2a1a300', '97eb8f7cff4decebcb3ccf558170d58eba58eddbe05c26a90d997c40c35bd5e1', '7e2c5ef017e58ded0f7ca9cc83c375bf3c748f51e668f8b3c280c38e1809b2cf', '63ff2d7535061d51958a5440125945a01df54da623d37a7710bda76489948cb3', '29daea03996d64fedae7d3c6eeb1c9ab52932d05a50e7a7c9957230e6310268e', '638225db1dba728ad483ad1570f131c9fe31ab2728844c3a7078a56e0b8e03f0', '608fb28ff27dfdd2bdc4bce703a36d8dee3145d5d362f2a6fc7786cd2f1adee6', '2e5fa4fb74dd8b91f94710b7a6c9aaa6f97edbae149b5f132cbc9f127ff33340', '5554c58de1736650d7f4d7134ba1c45817f3f88d292975fb4af56f0b1b7fa048']",1547602408180
865,5524308aaaa8c11b688d9c3747becac886f5e42d50a84f08a4da1a60c21b6e73,"[-0.020772213116288185, -0.24221587181091309, 0.0697447806596756, -0.0057931519113481045, -0.10471901297569275, -0.000514334999024868, -0.08864770829677582, 0.06051017343997955, -0.018787307664752007, 0.12009798735380173, -0.10423567146062851, 0.133436918258667, 0.07176724076271057, -0.022350069135427475, -0.036167435348033905, 0.06252936273813248, 0.11391641944646835, -0.07809717208147049, 0.003099972615018487, -0.05104299262166023, 0.0766049474477768, -0.08833435922861099, -0.12290208041667938, -0.02340974286198616, -0.02698189578950405, -0.022357696667313576, 0.024399440735578537, -0.09697937220335007, 0.10170009732246399, -0.07483638823032379, 0.03632666915655136, -0.1019541546702385, -0.01024676114320755, -0.0074692377820611, -0.04879050701856613, -0.03991539776325226, 0.008326111361384392, -0.03213062137365341, -0.011649798601865768, -0.08918300271034241, 0.0037169689312577248, -0.04292492941021919, 0.0100843645632267, 0.021565861999988556, 0.00128862913697958, -0.014822187833487988, -9.618885815143585e-05, -0.002733306959271431, 0.10305273532867432, 0.01509800273925066]","['91d4c83b952f092a9dac16c8612f16b5b46c12abcae7298aeb551466ef30764c', '91d4c83b952f092a9dac16c8612f16b5b46c12abcae7298aeb551466ef30764c', '9e9d38608aee08ccc163d2e3c30d435cec227603c69d87bf37c2100c763ce32c', '9e9d38608aee08ccc163d2e3c30d435cec227603c69d87bf37c2100c763ce32c', '91d4c83b952f092a9dac16c8612f16b5b46c12abcae7298aeb551466ef30764c', '91d4c83b952f092a9dac16c8612f16b5b46c12abcae7298aeb551466ef30764c', '9e9d38608aee08ccc163d2e3c30d435cec227603c69d87bf37c2100c763ce32c', '9e9d38608aee08ccc163d2e3c30d435cec227603c69d87bf37c2100c763ce32c', '91d4c83b952f092a9dac16c8612f16b5b46c12abcae7298aeb551466ef30764c', '91d4c83b952f092a9dac16c8612f16b5b46c12abcae7298aeb551466ef30764c', '9e9d38608aee08ccc163d2e3c30d435cec227603c69d87bf37c2100c763ce32c', '9e9d38608aee08ccc163d2e3c30d435cec227603c69d87bf37c2100c763ce32c']","['91d4c83b952f092a9dac16c8612f16b5b46c12abcae7298aeb551466ef30764c', '6604feb7a2a4392327de70ad85738f0fbd73aab9de8ef5edc1c56f9d327918dc', '7b75f0fb088056a0fe814e868e4253b45905f7debd4ce5b79c183c54c2eeefd0', 'd2036f9bc72c1cd72fc025d7187e7d8fea4d5523165ff6f4589bdc42fbcbf300', '18b1a263be6c01db3bc8769e2b4af52a5e251631ae02c1474b46591f25760abc', '9e9d38608aee08ccc163d2e3c30d435cec227603c69d87bf37c2100c763ce32c']",1547762383572
866,5a467aff0442abcf56f0b7c6a787cfdc2693d989fb5b39ee4a6946a473d6695b,"[-0.13412508368492126, -0.0793994665145874, -0.022899355739355087, -0.07914762943983078, -0.08926878869533539, -0.10029327869415283, -0.09360943734645844, -0.03833797574043274, 0.07513034343719482, 0.12101402878761292, 0.01610621251165867, -0.09265151619911194, -0.09347908943891525, -0.04678943753242493, -0.09238438308238983, 0.015462164767086506, 0.05566718429327011, -0.04001207649707794, 0.005053091794252396, 0.15729981660842896, 0.21985630691051483, 0.1406012624502182, 0.03745521605014801, 0.02638993039727211, -0.03396875411272049, -0.08795829862356186, -0.027103126049041748, -0.028250638395547867, 0.048952244222164154, 0.11079970002174377, -0.0016875620931386948, 0.06267298012971878, 0.04174944758415222, -0.15345299243927002, -0.048234760761260986, 0.008011069148778915, -0.03669476509094238, 0.09973713755607605, 0.0005859071388840675, 0.046072617173194885, 0.048722244799137115, -0.04171142727136612, 0.15842081606388092, -0.00420248880982399, -0.012905601412057877, 0.004676383920013905, 0.02573290839791298, -0.09962739050388336, -0.062331534922122955, -0.04846356809139252]",,"['df5345e019e226636034f124a91ae4a8008d2ac19c7822dc452757d5a4f656f0', '723a21534365dd26dbd9d509a1e593a6af21c90dfec4f38584aa62e463b289cd', '91012047595ddb75a8571cc1aca40df6fd911ca57ec606793082d166dc955b7c', '8e91e73b671fc4cc1819846644f4fa11c16660cc2cfe821b0e1301de305ec623', 'ce93bd86599d8536dd16490c91d9f5e99fd8797e93c0fb1a17280a708c116edc', 'dbaaad3706120811d97dfce6f18f171bd129935eae0446ab85aa8a1ef3c31f26', '1f9f0d4e51cefeff2de650cadf1f7b15a6081576b6405d7c73ec7235e7a21b2a', 'e78ccd2d10ae2b17a225c2ea9c67e5dad38bf57c168b0623d70c48baebe6d311', '62b0b638712cd4acef5f9810684cd9aefbae2503bc9a0379bd334a0fbac5837c', '9648efc1a4637d3e1faf0aad676a869771deea4ecc7fb4b4d810b1faa0d92cd6', '838526399cb453e08dab77c0ebeab1d4f51801555dbf1f199a8a93f625b5e359', 'f27af6e4bbcc532ce9279d5a8bfde8ef6f542eb7ace27079c07efbae68b9f2c5', '2b173d4890f66f75ad459addb724051c1be62556e2af7746153dc32b4cdec374', 'e3a4d86a098a89636470fe8073448c160d16b086e5836a0d33c279788380c2ed', 'a4d90375b5fad52daa7cdb376b5ac190130f4d81f38b6c86097f07c5c63ec9a2', '710dc33ed61ae82db5ac89e11dfae101f168a35bc9f963aa887553c79e74f8b6', '55a3a145aa1c7541736794ece457cb6c52ddc71857fa78c3f841d48485481ff6', '093f87a220846c0c454de3ccb752bfe4ba00f94dfad925f0f1c5b56ca6033891', '44f6d3e6d37688fe48c01ec38212dcf6e76a60a2176ed208f4737250b792c0b7']",1548254770606
867,5a467aff0442abcf56f0b7c6a787cfdc2693d989fb5b39ee4a6946a473d6695b,"[-0.13412508368492126, -0.0793994665145874, -0.022899355739355087, -0.07914762943983078, -0.08926878869533539, -0.10029327869415283, -0.09360943734645844, -0.03833797574043274, 0.07513034343719482, 0.12101402878761292, 0.01610621251165867, -0.09265151619911194, -0.09347908943891525, -0.04678943753242493, -0.09238438308238983, 0.015462164767086506, 0.05566718429327011, -0.04001207649707794, 0.005053091794252396, 0.15729981660842896, 0.21985630691051483, 0.1406012624502182, 0.03745521605014801, 0.02638993039727211, -0.03396875411272049, -0.08795829862356186, -0.027103126049041748, -0.028250638395547867, 0.048952244222164154, 0.11079970002174377, -0.0016875620931386948, 0.06267298012971878, 0.04174944758415222, -0.15345299243927002, -0.048234760761260986, 0.008011069148778915, -0.03669476509094238, 0.09973713755607605, 0.0005859071388840675, 0.046072617173194885, 0.048722244799137115, -0.04171142727136612, 0.15842081606388092, -0.00420248880982399, -0.012905601412057877, 0.004676383920013905, 0.02573290839791298, -0.09962739050388336, -0.062331534922122955, -0.04846356809139252]",,"['df5345e019e226636034f124a91ae4a8008d2ac19c7822dc452757d5a4f656f0', '723a21534365dd26dbd9d509a1e593a6af21c90dfec4f38584aa62e463b289cd', '91012047595ddb75a8571cc1aca40df6fd911ca57ec606793082d166dc955b7c', '8e91e73b671fc4cc1819846644f4fa11c16660cc2cfe821b0e1301de305ec623', 'ce93bd86599d8536dd16490c91d9f5e99fd8797e93c0fb1a17280a708c116edc', 'dbaaad3706120811d97dfce6f18f171bd129935eae0446ab85aa8a1ef3c31f26', '1f9f0d4e51cefeff2de650cadf1f7b15a6081576b6405d7c73ec7235e7a21b2a', 'e78ccd2d10ae2b17a225c2ea9c67e5dad38bf57c168b0623d70c48baebe6d311', '62b0b638712cd4acef5f9810684cd9aefbae2503bc9a0379bd334a0fbac5837c', '9648efc1a4637d3e1faf0aad676a869771deea4ecc7fb4b4d810b1faa0d92cd6', '838526399cb453e08dab77c0ebeab1d4f51801555dbf1f199a8a93f625b5e359', 'f27af6e4bbcc532ce9279d5a8bfde8ef6f542eb7ace27079c07efbae68b9f2c5', '2b173d4890f66f75ad459addb724051c1be62556e2af7746153dc32b4cdec374', 'e3a4d86a098a89636470fe8073448c160d16b086e5836a0d33c279788380c2ed', 'a4d90375b5fad52daa7cdb376b5ac190130f4d81f38b6c86097f07c5c63ec9a2', '710dc33ed61ae82db5ac89e11dfae101f168a35bc9f963aa887553c79e74f8b6', '55a3a145aa1c7541736794ece457cb6c52ddc71857fa78c3f841d48485481ff6', '093f87a220846c0c454de3ccb752bfe4ba00f94dfad925f0f1c5b56ca6033891', '44f6d3e6d37688fe48c01ec38212dcf6e76a60a2176ed208f4737250b792c0b7']",1548254770606
868,5a467aff0442abcf56f0b7c6a787cfdc2693d989fb5b39ee4a6946a473d6695b,"[-0.13412508368492126, -0.0793994665145874, -0.022899355739355087, -0.07914762943983078, -0.08926878869533539, -0.10029327869415283, -0.09360943734645844, -0.03833797574043274, 0.07513034343719482, 0.12101402878761292, 0.01610621251165867, -0.09265151619911194, -0.09347908943891525, -0.04678943753242493, -0.09238438308238983, 0.015462164767086506, 0.05566718429327011, -0.04001207649707794, 0.005053091794252396, 0.15729981660842896, 0.21985630691051483, 0.1406012624502182, 0.03745521605014801, 0.02638993039727211, -0.03396875411272049, -0.08795829862356186, -0.027103126049041748, -0.028250638395547867, 0.048952244222164154, 0.11079970002174377, -0.0016875620931386948, 0.06267298012971878, 0.04174944758415222, -0.15345299243927002, -0.048234760761260986, 0.008011069148778915, -0.03669476509094238, 0.09973713755607605, 0.0005859071388840675, 0.046072617173194885, 0.048722244799137115, -0.04171142727136612, 0.15842081606388092, -0.00420248880982399, -0.012905601412057877, 0.004676383920013905, 0.02573290839791298, -0.09962739050388336, -0.062331534922122955, -0.04846356809139252]",,"['df5345e019e226636034f124a91ae4a8008d2ac19c7822dc452757d5a4f656f0', '723a21534365dd26dbd9d509a1e593a6af21c90dfec4f38584aa62e463b289cd', '91012047595ddb75a8571cc1aca40df6fd911ca57ec606793082d166dc955b7c', '8e91e73b671fc4cc1819846644f4fa11c16660cc2cfe821b0e1301de305ec623', 'ce93bd86599d8536dd16490c91d9f5e99fd8797e93c0fb1a17280a708c116edc', 'dbaaad3706120811d97dfce6f18f171bd129935eae0446ab85aa8a1ef3c31f26', '1f9f0d4e51cefeff2de650cadf1f7b15a6081576b6405d7c73ec7235e7a21b2a', 'e78ccd2d10ae2b17a225c2ea9c67e5dad38bf57c168b0623d70c48baebe6d311', '62b0b638712cd4acef5f9810684cd9aefbae2503bc9a0379bd334a0fbac5837c', '9648efc1a4637d3e1faf0aad676a869771deea4ecc7fb4b4d810b1faa0d92cd6', '838526399cb453e08dab77c0ebeab1d4f51801555dbf1f199a8a93f625b5e359', 'f27af6e4bbcc532ce9279d5a8bfde8ef6f542eb7ace27079c07efbae68b9f2c5', '2b173d4890f66f75ad459addb724051c1be62556e2af7746153dc32b4cdec374', 'e3a4d86a098a89636470fe8073448c160d16b086e5836a0d33c279788380c2ed', 'a4d90375b5fad52daa7cdb376b5ac190130f4d81f38b6c86097f07c5c63ec9a2', '710dc33ed61ae82db5ac89e11dfae101f168a35bc9f963aa887553c79e74f8b6', '55a3a145aa1c7541736794ece457cb6c52ddc71857fa78c3f841d48485481ff6', '093f87a220846c0c454de3ccb752bfe4ba00f94dfad925f0f1c5b56ca6033891', '44f6d3e6d37688fe48c01ec38212dcf6e76a60a2176ed208f4737250b792c0b7']",1548254770606
869,2d832f5e489418b46f4722839fa9b5bf8ccd34738bd5aac71a37330cf2bdf13f,"[-0.16945880651474, -0.10464701056480408, 0.008282305672764778, -0.1764962375164032, -0.046404413878917694, -0.088337242603302, 0.052740056067705154, -0.13690829277038574, 0.06406982988119125, -0.010052353143692017, -0.041377753019332886, 0.027552932500839233, 0.13456232845783234, -0.12507393956184387, 0.12224816530942917, 0.028787150979042053, 0.05063500255346298, -0.008084218017756939, -0.02097262069582939, 0.016094472259283066, -0.10611142218112946, -0.0074577839113771915, 0.046373531222343445, -0.06228845939040184, -0.03204569220542908, 0.007437324617058039, -0.008722232654690742, -0.04208206757903099, 0.0314815416932106, 0.05099231004714966, -0.058556318283081055, 0.019220272079110146, 0.02191253937780857, 0.01883169636130333, -0.0931892842054367, -0.047546952962875366, 0.059717364609241486, 0.008436696603894234, 0.01656407304108143, -0.020892655476927757, 0.013822155073285103, 0.002010524272918701, -0.019620748236775398, -0.03208370506763458, -0.020557139068841934, 0.016555001959204674, -0.030278220772743225, -0.010752735659480095, -0.029860274866223335, -0.006386647000908852]",,"['dd36f90afe5a87fe61f2a2f1414e8ff83e66138257cfff9d93e1ebc69e501559', '12b3ed53528255a6bb6a9962822ca74a9b3b4bdf660a08537111c491b4bf8d38', '7f51e05e40a4ad84c057a67179d3835890aed6d51902cbedc442b807628de570', 'c16491333da8cade8852ea94524bf08e6704c14030e872d85cf4657842ba749e', '7bc257cb366f20aa6f3e4af9053211fbfc04fc6672fc4ae414b0b9964e5f1293', '9ee0c21909ac6cb56674fc3605d1d6d1f96be841557b83c098d37963f15c0cee', 'de25e6af755568e8b99e688b5608f08480324b2ca7a9b3d4ce39239afb70c081', '9d4bb6bd3a14b86bd0f1a57cabb642e421642a84375d823f8f31a6cbffef020c', 'b5bf406bda043990a93b59ae1a62cf8ceb0f909a6abdbe49a46bd7d0d3c4d460', 'd9615500f035c544b5be781bf5314ff35693e8701b9215d37da3cad32a19e203', '96052c80cafd890ffa81983e8b5aa70fb8f6396ce7000c321d59f66a1c26e7be', '7bb69f67e224262c75bb8fd0168b0614d9c307ef2cbb795964b54bd701c6ef9f', '5c863cfe680638f78787c454d6bfd3be2585b41c7e4ad0d4d2397ae7d6da0b97', 'd317138f42fc5e15e0f5545229ad7ab334546f24f5adc877c06a4936c281be76', '13e00413439426e65de2fccfaa5a88f0beef3fa4e6bce3cbc39a9a04ee2d0f63', 'fcbc41430fbc513f8ee7346797433cc8e0931b8da32ca7c3582393c733c0248d', '2ed65eda13c0e00bcb4739d4000841491c71bf29eaed5603cf02aed5ab2e8f7d', '6d81f3c9ef1f25977292b838c666f6c8533ea45f3c4837bdd34d17ab3688e793', '4b3355f210f82dac38944d868d1f38fd523997f67c4aefd40d9a9249c56e65ce', '632341ba97e0753de913a78c36af4c64f70c13e6ab713106ea2cf81e14c3a1d5', 'cf1ff269ce155ea17489561b4eaf0509eb5c2c2c78dca00e1f817585c52e5ebc', 'cdec68b05c65f8859c1ae63a9c171cf857f0bd8651756cd23e3bb9f5c17e46b7', 'a648871d62eccd6dbae625eb61a4bbcd68bc2c5ab133c0bddbadf941eea218f0', '25bd45f7ae1afc1134d003e92c75941cca4d9a04e9f96ec1cff7a953bd22f86f', 'c83764bdcefa1caf31777069ccfd3ddf473421d01da1c2dc2a784719241dd8aa']",1548221233090
870,2d832f5e489418b46f4722839fa9b5bf8ccd34738bd5aac71a37330cf2bdf13f,"[-0.22778315842151642, -0.012246270664036274, 0.06971785426139832, -0.18957221508026123, -0.12937650084495544, -0.12911076843738556, 0.015079228207468987, -0.09314534813165665, 0.1587541103363037, -0.04868799448013306, -0.039592351764440536, 0.04915376752614975, 0.15451687574386597, -0.14221632480621338, 0.1743829846382141, 0.028045382350683212, 0.07842737436294556, 0.02852826565504074, -0.05984994396567345, 0.004071150906383991, -0.1456202119588852, 0.007779245264828205, 0.05897161737084389, -0.10038302838802338, -0.060767464339733124, -0.004439983516931534, -0.06349901854991913, -0.04508288949728012, 0.04218795895576477, 0.0859336256980896, -0.04571140557527542, -0.010661968030035496, 0.03656073659658432, 0.02735268697142601, -0.11890219151973724, -0.04240088164806366, 0.07811804860830307, 0.007265386171638966, 0.018896687775850296, -0.03851538151502609, 0.021612433716654778, 0.012263708747923374, -0.010970478877425194, -0.017385561019182205, -0.026861522346735, 0.05272752046585083, -0.04705105349421501, -0.005593020468950272, -0.03053857572376728, -0.026096174493432045]",,"['cbfd1367bd8b086158fc6e22fbd88b62d3e8afddb3aa6268f424a920313bfbba', '1ad740efa8429bc77b8d2b15ce739cc5ab795d37654d3cbe7a4ae32ae70fdaeb', 'c1d9f96276a0cb903ed8c486f5e0d95d88b2b6a8cd10ab1ff1dfb6ac17553275', '5e1545a764106e666b8fa08850d3e6ab1fd1503093f5d3716e11efe9d8e6109c', '5be09fbe6d085f5851f664863f9a46715b71fc22939580324198b3d76ff54d96', 'b2bddb10c185614a08831b51ca51dfa4795e7d1647a3c4ab0fd00b692c7495c9', '3c70fffd835f08008824da8138850ecbbe226929abc50f906720e95b2c2465ce', 'f3176f78e1c6b143fb2b1b99a667db78fcc7acd766569681adbaa7b76a493428', '1f3ab93eaa1e8f95bdfa257638615370352e7115a2139bc7cc82fac8403f1ca6', '2f271450201dd18fcfb58939bc7e04d42d99e3b7af82674676516c02c857b312', 'dd36f90afe5a87fe61f2a2f1414e8ff83e66138257cfff9d93e1ebc69e501559', '12b3ed53528255a6bb6a9962822ca74a9b3b4bdf660a08537111c491b4bf8d38', '7f51e05e40a4ad84c057a67179d3835890aed6d51902cbedc442b807628de570', 'c16491333da8cade8852ea94524bf08e6704c14030e872d85cf4657842ba749e', '7bc257cb366f20aa6f3e4af9053211fbfc04fc6672fc4ae414b0b9964e5f1293', '9ee0c21909ac6cb56674fc3605d1d6d1f96be841557b83c098d37963f15c0cee', 'de25e6af755568e8b99e688b5608f08480324b2ca7a9b3d4ce39239afb70c081', '9d4bb6bd3a14b86bd0f1a57cabb642e421642a84375d823f8f31a6cbffef020c', 'b5bf406bda043990a93b59ae1a62cf8ceb0f909a6abdbe49a46bd7d0d3c4d460', 'd9615500f035c544b5be781bf5314ff35693e8701b9215d37da3cad32a19e203', '96052c80cafd890ffa81983e8b5aa70fb8f6396ce7000c321d59f66a1c26e7be', '7bb69f67e224262c75bb8fd0168b0614d9c307ef2cbb795964b54bd701c6ef9f', '5c863cfe680638f78787c454d6bfd3be2585b41c7e4ad0d4d2397ae7d6da0b97', 'd317138f42fc5e15e0f5545229ad7ab334546f24f5adc877c06a4936c281be76', '13e00413439426e65de2fccfaa5a88f0beef3fa4e6bce3cbc39a9a04ee2d0f63']",1548221247353
871,830136d92a5ac8aebf6b1950a8243b47f561015df633a2f9a8f86a0bb3aef636,"[-0.15594220161437988, -0.02324594371020794, -0.07235987484455109, -0.12459881603717804, 0.030340515077114105, 0.01495790109038353, -0.09872257709503174, -0.03536096587777138, -0.07506921887397766, -0.006524315103888512, -0.028426744043827057, -0.013584747910499573, -0.05613998696208, -0.0340149812400341, 0.015085737220942974, 0.08036980777978897, 0.07192672789096832, 0.03981190547347069, -0.024463532492518425, -0.03442124277353287, -0.02127608098089695, -0.001234070397913456, -0.04808074235916138, 0.03058774769306183, 0.030729060992598534, -0.0006565582007169724, -0.003758396953344345, -0.006312033161520958, 0.01256317924708128, -0.03785217925906181, 0.007831582799553871, 0.013850253075361252, -0.028251081705093384, -0.004396957345306873, -0.01358124054968357, 0.008897257037460804, -0.016591157764196396, 0.005038853734731674, -0.020288672298192978, 0.024279020726680756, 0.010584020987153053, 0.012111191637814045, 0.006072718184441328, -0.009223510511219501, -0.013378286734223366, 0.013670571148395538, -0.01754613220691681, -0.047961004078388214, 0.032510459423065186, -0.004463307559490204]","['a30dacbc9eb0547edb8a3c7d165656b94da81c62b5086af7d62bb6f8c5d5d80f', 'a30dacbc9eb0547edb8a3c7d165656b94da81c62b5086af7d62bb6f8c5d5d80f']","['495bad621fc3ea1903e65d7d8081d11f4adc97a9136dd7a47792efe035bb128f', 'ea7ed145f646945c2cd462e5af746fc005b18371e988cd94f74109b71af4dc8f', '8333a692aced770c4ea53b174b4daaf12e61670c0992d200113fa6508e7f28e2', '78cc36836ba492c9f1551f6fffd195b3eb71191179982275f4761144bb5c5015', 'd286f34bdc0707c0c6714348481ff5bffc17211e82a25dd81f64ba4e9acac679', '58c64456f8220a5375f2f70608b512f5a9a50cc29db28dea5d36851709414fe1', '51b87876d9f3cc1a38858e339e063246eedde233625dfaf5ff8e7b3081afa299', '8fd75d09bb0088d6bfebddff7300cd8f1869a98f0bace6485fd2091a5038c221', '73e618add1c9c639417ae350af43c2d8df66611a524190cfb1912b864eb05a2c', '888b8cd8a09d4d65fd70de621cabf4642dceb48057a1da91cc0d60132f949812', '3e13c209e0f00210f3d50f4d4bec1cb3f28ffef2e7adaea8b3ea482e5a6dc1f9', 'b11afcbc9a9fefa75154c8f05a8178a5a88c08ead9291799ca917accddb3e3e7', '15bf9459246cb1f024d6fd55a0e644fca625438efec1b4f4cea893713c774db0', '8e1b784c9ed9a802cc57b4b12d02e76090be2ee0370ef98dcc43ac7d7357bc9c', 'a30dacbc9eb0547edb8a3c7d165656b94da81c62b5086af7d62bb6f8c5d5d80f', '9264c28cf7cb42e0d3dc24aac9b4f73f78a1558cc6b7919e4ef95e7ca546e06f', 'b8fdc3a666c5219876b4f16981e713bf903e56f626c25cf6ec4d9843b0f8c0e6']",1549820272231
872,fa778bccab5fffbf43f8303d33a433e6170110cdcd629e7ab871dff188cd497a,"[-0.12626174092292786, -0.12379884719848633, -0.013964606449007988, -0.13340020179748535, 0.12913267314434052, 0.008945656940340996, -0.023089906200766563, 0.19561821222305298, 0.0038788262754678726, 0.03829517960548401, 0.016083719208836555, -0.04435078799724579, 0.19019436836242676, 0.05987401306629181, -0.05851306766271591, -0.059816282242536545, 0.20977336168289185, -0.01096296962350607, -0.06651704013347626, -0.04066775366663933, 0.017626184970140457, 0.0360427163541317, -0.0014660349115729332, 0.09724515676498413, 0.03903232887387276, 0.016741441562771797, -0.010079273954033852, 0.029800575226545334, 0.00019363220781087875, 0.0017387624830007553, 0.010835611261427402, 0.003491669427603483, 0.019967203959822655, 0.0065219951793551445, 0.007536632940173149, 0.006107883527874947, -0.019166598096489906, -0.0033403895795345306, 0.012730746529996395, 0.012753138318657875, -0.013914137147367, 0.022303642705082893, -0.0012542945332825184, -0.010241548530757427, 0.024238459765911102, -0.0020522288978099823, -0.009261923842132092, -0.008145110681653023, 0.010457299649715424, -0.006652571260929108]",,,1548126113917
873,fa778bccab5fffbf43f8303d33a433e6170110cdcd629e7ab871dff188cd497a,"[-0.12626174092292786, -0.12379884719848633, -0.013964606449007988, -0.13340020179748535, 0.12913267314434052, 0.008945656940340996, -0.023089906200766563, 0.19561821222305298, 0.0038788262754678726, 0.03829517960548401, 0.016083719208836555, -0.04435078799724579, 0.19019436836242676, 0.05987401306629181, -0.05851306766271591, -0.059816282242536545, 0.20977336168289185, -0.01096296962350607, -0.06651704013347626, -0.04066775366663933, 0.017626184970140457, 0.0360427163541317, -0.0014660349115729332, 0.09724515676498413, 0.03903232887387276, 0.016741441562771797, -0.010079273954033852, 0.029800575226545334, 0.00019363220781087875, 0.0017387624830007553, 0.010835611261427402, 0.003491669427603483, 0.019967203959822655, 0.0065219951793551445, 0.007536632940173149, 0.006107883527874947, -0.019166598096489906, -0.0033403895795345306, 0.012730746529996395, 0.012753138318657875, -0.013914137147367, 0.022303642705082893, -0.0012542945332825184, -0.010241548530757427, 0.024238459765911102, -0.0020522288978099823, -0.009261923842132092, -0.008145110681653023, 0.010457299649715424, -0.006652571260929108]",,,1548126113917
874,fa778bccab5fffbf43f8303d33a433e6170110cdcd629e7ab871dff188cd497a,"[-0.006679650396108627, -0.29509323835372925, 0.09992492944002151, 0.020224954932928085, 0.006363364867866039, -0.03366732597351074, -0.006655692122876644, 0.03979504108428955, 0.027697546407580376, 0.0980486273765564, 0.004853858612477779, -0.10315649211406708, -0.027606621384620667, -0.017171736806631088, 0.021826963871717453, 0.04600001871585846, 0.08620301634073257, -0.0027318273205310106, 0.05134992673993111, -0.03111419826745987, -0.03462016582489014, 0.02138766273856163, -0.05650199577212334, 0.027262136340141296, -0.03129260241985321, -0.00969089288264513, -0.012058248743414879, 0.0385458767414093, 0.10149781405925751, -0.02548198029398918, 0.04200875759124756, -0.016857944428920746, -0.03620988130569458, 0.01621915213763714, 0.03945659101009369, 0.012187250889837742, -0.013591811060905457, -0.003085286356508732, -0.0013081838842481375, 0.0040531158447265625, 0.017227400094270706, -0.024464301764965057, 0.039780113846063614, -0.020072396844625473, 0.006475924979895353, 0.04643188789486885, 0.0018038152484223247, -0.008488180115818977, -0.02057436853647232, -0.010176396928727627]",,,1548126471997
875,fa778bccab5fffbf43f8303d33a433e6170110cdcd629e7ab871dff188cd497a,"[-0.006679650396108627, -0.29509323835372925, 0.09992492944002151, 0.020224954932928085, 0.006363364867866039, -0.03366732597351074, -0.006655692122876644, 0.03979504108428955, 0.027697546407580376, 0.0980486273765564, 0.004853858612477779, -0.10315649211406708, -0.027606621384620667, -0.017171736806631088, 0.021826963871717453, 0.04600001871585846, 0.08620301634073257, -0.0027318273205310106, 0.05134992673993111, -0.03111419826745987, -0.03462016582489014, 0.02138766273856163, -0.05650199577212334, 0.027262136340141296, -0.03129260241985321, -0.00969089288264513, -0.012058248743414879, 0.0385458767414093, 0.10149781405925751, -0.02548198029398918, 0.04200875759124756, -0.016857944428920746, -0.03620988130569458, 0.01621915213763714, 0.03945659101009369, 0.012187250889837742, -0.013591811060905457, -0.003085286356508732, -0.0013081838842481375, 0.0040531158447265625, 0.017227400094270706, -0.024464301764965057, 0.039780113846063614, -0.020072396844625473, 0.006475924979895353, 0.04643188789486885, 0.0018038152484223247, -0.008488180115818977, -0.02057436853647232, -0.010176396928727627]",,,1548126471997
876,903930883e127e6e0d1cffb905883721fa9d1f325773e4a936ca4085b7a8c50b,"[0.027160272002220154, -0.2507864236831665, 0.06893134117126465, 0.05263981223106384, 0.012100500985980034, -0.002822871319949627, -0.017444180324673653, 0.023819848895072937, 0.019506724551320076, 0.08179322630167007, 0.10549035668373108, -0.12262388318777084, -0.04104747250676155, 0.00833103433251381, -0.018847716972231865, -0.06028231978416443, -0.03815420717000961, -0.008300859481096268, 0.0631834864616394, -0.061052106320858, 0.05879143252968788, -0.15390151739120483, -0.03598758205771446, 0.06324367225170135, -0.035739924758672714, -0.04867151379585266, -0.032182544469833374, -0.006813413463532925, -0.018598590046167374, -0.007200175896286964, -0.0773308128118515, -0.011917298659682274, -0.0009968345984816551, 0.11516158282756805, -0.06372293829917908, 0.06629981845617294, 0.008569465950131416, -0.012300390750169754, 0.041250161826610565, 0.09077320992946625, -0.014700940810143948, 0.04632474482059479, -0.004669141490012407, 0.006544176489114761, -0.04637807607650757, -0.01464419811964035, 0.011432845145463943, -0.0207681804895401, 0.05204853415489197, 0.011884933337569237]",,,1548025966075
877,903930883e127e6e0d1cffb905883721fa9d1f325773e4a936ca4085b7a8c50b,"[-0.10249882936477661, 0.02211836911737919, 0.3118746280670166, 0.2630349397659302, 0.04069114848971367, 0.05837276205420494, -0.04499426856637001, 0.03081241063773632, 0.14439207315444946, -0.04655768349766731, 0.11640045046806335, -0.032648857682943344, -0.028003953397274017, -0.04346329718828201, 0.03250010311603546, -0.009467769414186478, -0.015395375899970531, 0.015589835122227669, -0.01868588477373123, -0.0032084290869534016, -0.011785078793764114, -0.026617981493473053, -0.009679019451141357, 2.2251391783356667e-05, 0.06734617054462433, 0.005242072511464357, 0.03633550554513931, -0.020640896633267403, 0.02638133615255356, 0.022541124373674393, 0.05227207392454147, -0.006483395583927631, -0.0038064206019043922, 0.020620357245206833, -0.022126084193587303, 0.0419783890247345, -0.03574515879154205, -0.007252671290189028, 0.016662390902638435, -0.0046640364453196526, -0.0028397529385983944, 0.0026107323355972767, -0.01785830222070217, -0.01112273894250393, 0.01596255972981453, 0.03443240374326706, 0.015232132747769356, 0.01481824554502964, 0.01591460593044758, -0.0050589232705533504]",,,1548026011238
878,903930883e127e6e0d1cffb905883721fa9d1f325773e4a936ca4085b7a8c50b,"[0.12317651510238647, -0.21889345347881317, 0.018711086362600327, 0.13979406654834747, 0.27180910110473633, 0.031078513711690903, 0.09665975719690323, -0.12229840457439423, -0.024325942620635033, 0.1199188083410263, 0.03133676201105118, 0.043861452490091324, -0.04137249290943146, 0.06314359605312347, 0.029677288606762886, -0.00014662044122815132, 0.02880031429231167, 0.036766938865184784, 0.04588804766535759, -0.04793904721736908, -0.03401409089565277, 0.03794266656041145, 0.08180813491344452, -0.065971240401268, -0.04915350675582886, -0.003504999214783311, 0.05229032784700394, -0.09655766189098358, -0.029922205954790115, 0.04502548277378082, 0.05821250006556511, -0.0015969090163707733, -0.06559151411056519, 0.023598581552505493, 0.008074373006820679, 0.03236435353755951, -0.015813007950782776, 0.07913629710674286, 0.0872751772403717, -0.04834103584289551, -0.007427026517689228, 0.07588174939155579, 0.039988696575164795, -0.018326392397284508, -0.010185266844928265, -0.0009502137545496225, 0.026641231030225754, 0.016857080161571503, -0.03280593454837799, 0.01360257901251316]",,,1548026069548
879,903930883e127e6e0d1cffb905883721fa9d1f325773e4a936ca4085b7a8c50b,"[-0.0012866761535406113, -0.3159677982330322, 0.13115939497947693, 0.11712539196014404, -0.06416355818510056, 0.031695686280727386, 0.004207978956401348, 0.1283884197473526, 0.045197103172540665, -0.13193579018115997, 0.025320472195744514, -0.1075517013669014, 0.0925418883562088, -0.04457459971308708, 0.06824719905853271, -0.028294667601585388, 0.009928412735462189, 0.06651908159255981, 0.017370641231536865, 0.028734149411320686, -0.04911162704229355, 0.036257654428482056, 0.04880239814519882, 0.029259467497467995, -0.0305121261626482, -0.009638756513595581, -0.07834281772375107, 0.042400918900966644, 0.09377335757017136, -0.04343128204345703, 0.04773128405213356, -0.047799915075302124, -0.020273029804229736, -0.018059097230434418, 0.06698429584503174, 0.07454663515090942, 0.025890812277793884, -0.018011806532740593, -0.02266763150691986, -0.04211386665701866, 0.04047970846295357, 0.005205070599913597, 0.08985385298728943, 0.02125314623117447, 0.05817410722374916, 0.0895560085773468, 0.03916393220424652, 0.03334283456206322, 0.04506612569093704, 0.03776321932673454]",,"['623edd3f4cbdb1813b0284d4f8130abc21ba2f48fabd7d4112127d4ccff6ef28', 'a31a817eb62c3010b286f07c07865b5d194261cd627e4bbcec0b919935fd2b4b', 'fc535ee8e04d2f6f670f620a67cf6eb9bae13f9fcdb8f4b919e31c1da8fac825', 'a23c68a9fb2f202fe24ae1e440072f0dcd1311230ffc9e7c8ae6aaa7f635eefc', '706ab6ee6aca48e6d20f0938a8cfa7b6a007063567d5ceb5e831d1ef72715bce', '5d09dd56ba583218ca086ab05af1839382508a47f2c34cda0e194a1ea76880d9', '3290b21d1a59ac8aad7d85f513a2ebf3d8a0aba583ffc7d8395270a1f857bdcd', '3a922e4317fc511a43a0f5ddff265dc5a4edf04bf7f8b41b2d864722f868409c']",1548026285668
880,28bf21f6e5e30e64779c732b41a13ac8aa956a66b15438ec384f0acdb5ffbc82,"[-0.18775878846645355, -0.0763283297419548, 0.07941743731498718, -0.13131633400917053, -0.12452701479196548, -0.10197007656097412, 0.15525728464126587, -0.0330846831202507, 0.11181415617465973, 0.015967313200235367, 0.03514135256409645, 0.01258999202400446, 0.09316672384738922, -0.059760164469480515, 0.07391539216041565, -0.011522592045366764, -0.02567315474152565, 0.020304173231124878, -0.01508940290659666, 0.030569998547434807, -0.07847797870635986, -0.018875595182180405, -0.013639628887176514, -0.0275275856256485, -0.03070172481238842, -0.009916452690958977, -0.012388035655021667, -0.014067680574953556, -0.05688288435339928, 0.05195760726928711, -0.041941240429878235, -0.026115698739886284, 0.05242219939827919, 0.033525221049785614, -0.056810490787029266, 0.049343470484018326, 0.026849819347262383, 0.01314754132181406, 0.0029155449010431767, -0.00820068083703518, -0.010032771155238152, 0.02260863408446312, -0.006580795161426067, 0.014162593521177769, -0.04485916346311569, 0.01169968955218792, -0.024531764909625053, -0.005049305502325296, -0.005866331979632378, -0.037635572254657745]",,"['6827d9bb0140b81865fbb71160fe85275b2c27d6cde0307c71c1b233649b7fb7', '3baf45e7c0c8186d496e56bf71abf7dc46b0b9235a4bef0613a3e40b9e8421e6', '91d3d25ee2beb6318bc465355cebf95517298cdde36b84bb978d83935e9c994b', '34183cf588ec41e5263076a68217cffcf94047fd47002c77643e3a0e830acfbf', 'fee4f2ab3ff2ec7848d4101b7ab8061e2c058e630e3c2fcd36690cbf94277548', '907b0880e6c5ce5d213cf0daa1a0de829efac02c31cb49e2e8f528255a2b13f1', 'ad66bf95994873623d72f6cc4d881443cd631b6f45e66c82c42d908dc03e133b', 'bc97f50e0e4e50b7354b0cc5cfa136a7121b0a64ae9fa61115a432468cca1bc8', '624c64292b399dae6f4829733dad7fc6081e316f041a282bf6f601e5c203cb2c', '0d946c2f0ca43bb667cdeb2876771f05d408ccac9c16c17de35386199280ade7', '1a024e20c9a79a4626533ceba3863c6821827dad5ae03529e824417af1a413e3', '28885d1ce92b39c606040ecb93d6465171ff9abe14e7484ff93ee9e3e8f158f8', '23b5c8e65ac387dd6a7d4c49f8fb99b070dfe801d6033902fac012737945cda5', '459145e1d71bb7b1eda26a919e61d11919d50635556785a3ee93a77b0f93382c', '024374dd8459cde52be24e48e7b3854dad55749161e071b3fc7414ea93e81e4c', 'a3b578f846ebc32ea66f3706f4c5eb33f1820698df22b73e436006309a9e3df5', 'f33ca3a143d4f3bc8a9963320a47d15510994875f218f6d4f7bef4ce862a5f97', '961d42efe0bd966e87633188e025b3b7d2b0192b4ea15ba104ff118334d1f715', 'f4b3ad7b0c9756c7e984fcf467a394106d46867225a8e0664516160723dfd02f', 'e8ddc17a06f13ba76621811805d8cf875701d9c76ee25a8e479388991770ebed', '8c482b2c39a33b2fe8eb74f949b91ff7a9ba2010f5058b779fcbb5bbe53ff572', '9d9cb9ca7aa5178de785a176b8a32a6b46a208c90512bf3d785a83848a481ceb', 'c694fa6091375da4f3032a087b3cc87e040aec5ff08e6fd0e2dee0e4a60bb5c2', '801db0253a1f7df6de9e16a68defac44aac905c0e425e572bc85a60be23fe312', 'a03208a494cf15a1d8a12f3a9732476ea2f43c62e6a137b64f0305b7468f084a']",1548087322453
881,62d0234e613e06332315d711ac46de847aee55cf5e17ee36939d70008531efd5,"[-0.009635993279516697, 0.08493031561374664, -0.2774859070777893, 0.15788719058036804, -0.04015013203024864, -0.13799691200256348, -0.010480559431016445, -0.047211598604917526, -0.05289611220359802, 0.060363080352544785, -0.007110727950930595, 0.05133834481239319, -0.03412283957004547, 0.23782923817634583, 0.15501020848751068, 0.055085938423871994, 0.0361543744802475, 0.003022302407771349, -0.02388915605843067, -0.05502207577228546, -0.04339610040187836, 0.02757170982658863, 0.16940127313137054, -0.046077340841293335, -0.0406687930226326, 0.019208122044801712, 0.04514148086309433, 0.0890330821275711, 0.010534406639635563, -0.024835042655467987, 0.12411823868751526, -0.011139899492263794, 0.010294469073414803, -0.06685830652713776, -0.018825415521860123, 0.04190259054303169, 0.021194063127040863, -0.01836688071489334, 0.009750435128808022, 0.09740157425403595, -0.10083387792110443, -0.08243665099143982, 0.09911631047725677, -0.11455799639225006, 0.0068440004251897335, -0.04132983833551407, -0.05097689479589462, -0.047824323177337646, 0.06672723591327667, -0.007989063858985901]",,"['dc7a6f45d983d08f8b71afe893a38212fbbdbcde30d467b8298ba4c979ed3e32', 'cae5bff1d38f4ab444502a1b115a958c815de3c2fcce32a8c88ccc690a010f68', 'e6b210d5b779b4e6677f610ba3c5c68676d71af9de23d4790fa034d4d98a3a11', '30e6d4a0b880310bbf2d158ff0abc84723bbe3627a6b216c638b64e23a23188d', '4a765781480ed12db8b46699f782e576dbc4b760744500051ad451002ac4a93f', '683cffa382c1f777ecc40917aa846c14fb2f5ef43d8b85457bc3d5be3a5f28d3', 'ea64b218fb45c07968ebc85129b2dfe4b22f83176c98808f49534e58ef82f8eb', 'e5b79804fb3b441080b8a35175e421b9c9b874812fdc3c7710d05029abcbcbbd', 'eb0ac5143b34083d3a119ff77db7a6700e737346191e11d3dc7bdec4ee2e4e5a', '1379461daf84128449e010af5f2a0d37837bac53c854866b774c3588be8d55fe', '956c335d2f59c1853f499420ae4e85250a6c7190a1df1b11a26049a493541857', '112d5491becc0fda8f8145bc27a996962e13565786de9326a573dac9c234bdd1', '9823bf670659a33b1e9465861615add44215daabeb1ec1308137a0d16f29ba12', 'da5b97ac4c1b3ea7069078650a0c607c9f92b7299232678947938def00ce10d2', '0a273b43e1f114433a15402857fed1e95cb498bcbfc28787099c6939cf4a98cb', '3ec4130cd38ddedcba2b3da008781e63fb523b081a31d64d27d78d8d2503c47a', '16d6ff520093d20781225b9e639eee164b901585b10d2e681eca3a4d3b670eda', '8819568e2b8dee84556314306a40302d7f20e628726ddea3a807cadc3082ff4e', 'a03d2166f96a85027691fb40c9d918572f10d2ca59b5b127d6022e9e3e35f3bd', 'e1b17564a799e10173f2cef3e272f4f314176232948874d35e96e66f71cdd6a3', 'b3191291744489d29193418ed61f4062a6299d05e20588c53d6a93721304ff26', 'e2d5edf22a828a5c59a58f029ec66e0c440381a7b3722bdba03136d45fd39089', '7d0fbab7017b74d9a6244afce7afe9ffa726117576a97d077f89ecd72b11a8d7', '8d6153cb243849a117a3f582c89f07655d91e28000822ac0c6926bdd0cdb6bc0', 'e8b80c8ad7fe009cb4292ae927d2f37a53ff1ef6ec092e41ebc1e2e3c4ad2fd7']",1549045898747
882,62d0234e613e06332315d711ac46de847aee55cf5e17ee36939d70008531efd5,"[-0.033466748893260956, 0.06939797103404999, -0.28429341316223145, 0.1768970936536789, -0.07335524260997772, -0.16429854929447174, -0.019699834287166595, -0.02235899120569229, -0.07693640887737274, 0.08092068880796432, -0.0015517491847276688, 0.06702989339828491, -0.05085589364171028, 0.22413626313209534, 0.1651172935962677, 0.06769104301929474, 0.016391493380069733, -0.003987145610153675, -0.014643985778093338, -0.046426136046648026, -0.02342291921377182, 0.01617286540567875, 0.20202383399009705, -0.05279499292373657, -0.01927248202264309, 0.03032820299267769, 0.020952755585312843, 0.11230775713920593, 0.052077535539865494, 0.007175826001912355, 0.1186031699180603, -0.07730421423912048, -0.02895934134721756, -0.07657062262296677, 0.004897903650999069, 0.09117341041564941, 0.032685644924640656, -0.021437473595142365, 0.023244179785251617, 0.19449546933174133, -0.05105341225862503, -0.08710509538650513, 0.03177909553050995, -0.11079590022563934, -0.019665956497192383, -0.03769528120756149, 0.002717703813686967, -0.05367587134242058, 0.04209037125110626, 0.0051313843578100204]",['e1b17564a799e10173f2cef3e272f4f314176232948874d35e96e66f71cdd6a3'],"['956c335d2f59c1853f499420ae4e85250a6c7190a1df1b11a26049a493541857', '5bdfa2f8bb374d61d9641c258940d4a19be4babed3ebfeb97754beb35bbd3d9f', '3983d0cd10e567317005f8f47d3592beb8aceeca2dcb28080b8bebc3099fb395', 'b3191291744489d29193418ed61f4062a6299d05e20588c53d6a93721304ff26', '0b289733f9fa49c3c2e73d2678abe46811db1a53a50ed51351a45352a944329b', 'e5b79804fb3b441080b8a35175e421b9c9b874812fdc3c7710d05029abcbcbbd', 'eb0ac5143b34083d3a119ff77db7a6700e737346191e11d3dc7bdec4ee2e4e5a', '49b08e297a637a6e63e0ef7d39542b2427bb5c5afdb3cf1f8029bd38104a8181', '069419f3e237facc599d1be5bf71b3ecf057ed5f56a96100f3a50e8fdfcae4e5', 'e2d5edf22a828a5c59a58f029ec66e0c440381a7b3722bdba03136d45fd39089', '2c3c15da41c57b1c3173d5f1a4e013a2e747c5a1717777d80d14f0d82ebcb6cc', '1379461daf84128449e010af5f2a0d37837bac53c854866b774c3588be8d55fe', 'e1b17564a799e10173f2cef3e272f4f314176232948874d35e96e66f71cdd6a3', '39fe4609689ac5ed160f8f7a324ca46125dab7b28941700d0bbc1f2fe13f2db5', '7d0fbab7017b74d9a6244afce7afe9ffa726117576a97d077f89ecd72b11a8d7', '66cafce9855c4f670d052cac7a4c3305b6f7dac7432eef5446ae6d58f12bb3c7', 'ea64b218fb45c07968ebc85129b2dfe4b22f83176c98808f49534e58ef82f8eb', '112d5491becc0fda8f8145bc27a996962e13565786de9326a573dac9c234bdd1', 'ab1aa29b70c6c0743f6cd82d752398e977781988610f6e8a4c94c1b876883bd4', '8945adf516257757912ff7da002d9153a7cd4206a61c13d84fd3c7da4dfe73ab', '236a10f274c2cf47137bbe3f046282594833f00c93cf12e294497f977d98521c', '9823bf670659a33b1e9465861615add44215daabeb1ec1308137a0d16f29ba12', '7aaa216542dc358ab55ee6fa1b2e578a8dbdfa0ba1adae0f4f79d30f3fe097ab', 'da5b97ac4c1b3ea7069078650a0c607c9f92b7299232678947938def00ce10d2', '0a273b43e1f114433a15402857fed1e95cb498bcbfc28787099c6939cf4a98cb']",1549045949071
883,e5c913f630d8e0685238dffbe8d755d26ce38fc2b59c67e2a0253b8316a19658,"[-0.13960978388786316, -0.1266334056854248, -0.01952582225203514, -0.11659117043018341, -0.031263694167137146, -0.014051521196961403, -0.058871883898973465, -0.05040955916047096, -0.06587547063827515, 0.057448551058769226, 0.030637068673968315, -0.046054936945438385, -0.027020199224352837, 0.009803040884435177, -0.011543115600943565, 0.022375693544745445, 0.007724045775830746, -0.04788979887962341, -0.07347117364406586, 0.02076561748981476, -0.0035671552177518606, -0.05975940078496933, -0.04248523339629173, 0.028885141015052795, -0.07692541182041168, -0.04786837846040726, -0.0034303292632102966, -0.04864383488893509, -0.03517831489443779, -0.008381502702832222, -0.015192361548542976, -0.006197361741214991, -0.0438421368598938, -0.02080363780260086, 0.014930520206689835, 0.008730335161089897, -0.021765150129795074, -0.023945050314068794, 0.007808780297636986, 0.005499702412635088, 0.01570317894220352, 0.005929955281317234, 0.019474005326628685, -0.008655787445604801, 0.07281997799873352, -0.0166693776845932, -0.04424072057008743, -0.019737813621759415, -0.019008290022611618, 0.006502242758870125]","['18576106b2e8153663c36099f3206dbfe04686fe6d05e6d5688cb7bc249ecc62', 'ac0604d23eb878d3a50eff1a2033f0ccefa84437e7a499f408c5fb3857be4940', 'ac0604d23eb878d3a50eff1a2033f0ccefa84437e7a499f408c5fb3857be4940']","['cbfc3ea8ff9e8ea2bed6186f6a22927714778df2006ff4b1ea1d092642330fc0', '1a971633bc18a799226732a20e4454d75cf16a4a6acecf1daf0b961db231631c', 'b76e73e71a745d2cb077c4728ba0c49a62d0f32894514e491c1a5e5b89a043ac', 'ac0604d23eb878d3a50eff1a2033f0ccefa84437e7a499f408c5fb3857be4940', '18576106b2e8153663c36099f3206dbfe04686fe6d05e6d5688cb7bc249ecc62', '02d7ff48aee32b25e061ae516d7707feb2d9606db331deabaa6b163ad918fd38']",1548806246374
884,dffa00d27399787462efdc6c994e229ce28fdeb5da66a6233357311faaf865fa,"[-0.045215118676424026, -0.32874584197998047, 0.0803980678319931, 0.03782627359032631, -0.02898498997092247, 0.024316685274243355, -0.00876634195446968, 0.024943504482507706, -0.048917364329099655, -0.08854791522026062, 0.047453444451093674, -0.06087008863687515, 0.018177155405282974, 0.01186155341565609, -0.030377700924873352, -0.06494574248790741, -0.0442463681101799, 0.06777522712945938, -0.033442821353673935, -0.04919259622693062, -0.036510735750198364, -0.01908969134092331, 0.08044132590293884, -0.011607375927269459, -0.0015837550163269043, -0.09408629685640335, 0.020237315446138382, -0.008511954918503761, 0.025964025408029556, -0.05438882112503052, -0.04280892387032509, 0.048202309757471085, 0.003272079396992922, 0.0947858914732933, 0.027461517602205276, 0.003631412051618099, 0.004466856364160776, -0.0336611345410347, -0.02134431153535843, -0.01384706050157547, 0.043663010001182556, -0.02803908847272396, 0.012676633894443512, -0.0016639921814203262, -0.10436265915632248, -0.030213430523872375, 0.050555068999528885, 0.011761076748371124, -0.0008422145619988441, 0.025039803236722946]",['c86a81daec6556ec59acaadfef979a594ad4cc75719adc674220611408ac971f'],"['8ee7d025ceac008c8560044524d68c750bb92cd100e33f90b95d6f8c0e30e38d', 'c86a81daec6556ec59acaadfef979a594ad4cc75719adc674220611408ac971f', '588fbb2b0b91a7cc0626fdbeb57af33e6ab4da3c602b8156f467421a2986130b', '31fbecec63389be8330fd7639821c85bdec47bcecd4f20daa10b03914a9c3d32']",1550030971599
885,dffa00d27399787462efdc6c994e229ce28fdeb5da66a6233357311faaf865fa,"[-0.045215118676424026, -0.32874584197998047, 0.0803980678319931, 0.03782627359032631, -0.02898498997092247, 0.024316685274243355, -0.00876634195446968, 0.024943504482507706, -0.048917364329099655, -0.08854791522026062, 0.047453444451093674, -0.06087008863687515, 0.018177155405282974, 0.01186155341565609, -0.030377700924873352, -0.06494574248790741, -0.0442463681101799, 0.06777522712945938, -0.033442821353673935, -0.04919259622693062, -0.036510735750198364, -0.01908969134092331, 0.08044132590293884, -0.011607375927269459, -0.0015837550163269043, -0.09408629685640335, 0.020237315446138382, -0.008511954918503761, 0.025964025408029556, -0.05438882112503052, -0.04280892387032509, 0.048202309757471085, 0.003272079396992922, 0.0947858914732933, 0.027461517602205276, 0.003631412051618099, 0.004466856364160776, -0.0336611345410347, -0.02134431153535843, -0.01384706050157547, 0.043663010001182556, -0.02803908847272396, 0.012676633894443512, -0.0016639921814203262, -0.10436265915632248, -0.030213430523872375, 0.050555068999528885, 0.011761076748371124, -0.0008422145619988441, 0.025039803236722946]",['c86a81daec6556ec59acaadfef979a594ad4cc75719adc674220611408ac971f'],"['8ee7d025ceac008c8560044524d68c750bb92cd100e33f90b95d6f8c0e30e38d', 'c86a81daec6556ec59acaadfef979a594ad4cc75719adc674220611408ac971f', '588fbb2b0b91a7cc0626fdbeb57af33e6ab4da3c602b8156f467421a2986130b', '31fbecec63389be8330fd7639821c85bdec47bcecd4f20daa10b03914a9c3d32']",1550030971599
886,dffa00d27399787462efdc6c994e229ce28fdeb5da66a6233357311faaf865fa,"[-0.045215118676424026, -0.32874584197998047, 0.0803980678319931, 0.03782627359032631, -0.02898498997092247, 0.024316685274243355, -0.00876634195446968, 0.024943504482507706, -0.048917364329099655, -0.08854791522026062, 0.047453444451093674, -0.06087008863687515, 0.018177155405282974, 0.01186155341565609, -0.030377700924873352, -0.06494574248790741, -0.0442463681101799, 0.06777522712945938, -0.033442821353673935, -0.04919259622693062, -0.036510735750198364, -0.01908969134092331, 0.08044132590293884, -0.011607375927269459, -0.0015837550163269043, -0.09408629685640335, 0.020237315446138382, -0.008511954918503761, 0.025964025408029556, -0.05438882112503052, -0.04280892387032509, 0.048202309757471085, 0.003272079396992922, 0.0947858914732933, 0.027461517602205276, 0.003631412051618099, 0.004466856364160776, -0.0336611345410347, -0.02134431153535843, -0.01384706050157547, 0.043663010001182556, -0.02803908847272396, 0.012676633894443512, -0.0016639921814203262, -0.10436265915632248, -0.030213430523872375, 0.050555068999528885, 0.011761076748371124, -0.0008422145619988441, 0.025039803236722946]",['c86a81daec6556ec59acaadfef979a594ad4cc75719adc674220611408ac971f'],"['8ee7d025ceac008c8560044524d68c750bb92cd100e33f90b95d6f8c0e30e38d', 'c86a81daec6556ec59acaadfef979a594ad4cc75719adc674220611408ac971f', '588fbb2b0b91a7cc0626fdbeb57af33e6ab4da3c602b8156f467421a2986130b', '31fbecec63389be8330fd7639821c85bdec47bcecd4f20daa10b03914a9c3d32']",1550030971599
887,dffa00d27399787462efdc6c994e229ce28fdeb5da66a6233357311faaf865fa,"[-0.20274320244789124, 0.1570931077003479, 0.2550676167011261, 0.178415909409523, 5.582557059824467e-05, 0.04647412896156311, -0.07784014940261841, -0.0018641147762537003, 0.1233958899974823, -0.027993932366371155, 0.10876226425170898, -0.04372071847319603, -0.03412944823503494, -0.04272777587175369, 0.0001574857160449028, 0.02132902666926384, -0.017188100144267082, 0.01471323985606432, -0.02897283062338829, 0.015186267904937267, -0.010007314383983612, -0.04074222221970558, -0.012659195810556412, -0.0021745748817920685, 0.06583836674690247, 0.030046842992305756, 0.01890256442129612, -0.014700375497341156, -0.02378055267035961, 0.034263722598552704, 0.05887352302670479, 0.01143790315836668, -0.004163408651947975, -0.03306087106466293, -0.028774280101060867, 0.013108029030263424, -0.03650641813874245, 0.010965642519295216, 0.014499271288514137, 0.013106999918818474, -0.003627695608884096, 0.01524004153907299, -0.02988716959953308, 0.011855426244437695, 0.03657817840576172, 0.041214898228645325, 0.0034002603497356176, 0.04286859929561615, 0.017769673839211464, -0.0033451607450842857]",,"['3c4926b7c61b4d232dc010cd6ccbd280e63ebbf543ac728e6aecb214afa24dcc', 'caf9a5bfd81ef43f6cf3cbdc6017fdc79d43bcdea9fdb2e2d4fda98c616c64e8', '69930fd85af02f88eae1eacdd9be9d320bdf6bdfac82757acec86d28991f7b5b', '6209b36e09a285b9b001d084b2ab70c31d1e682d1c8663c60cd89a43bd51c053', '08657660c499dd08cc37b1a98d88d83b485c494990dd9733b6f11953b50ba641', 'a0fde23b5c71eaff9d638cac97698f1bd4c40482d772ebc58ad78530113fe23c', '80f28498aeaf16e0248edfe402d2789a76ae41f312c9669c95d077467349c064', '07c6f2314b0ee6a55f0d3f213f82c3abf5ae2e2411163dc104b8661ad8b9df8a', '39ecae99d764cebebb9adb160879e0fe63c0b1cec1f46d554472f863a3a00a57', '97ccf1dc4fb2aa896194226fcebc04477ddf1319ca18d00d20d5dedd584dd6a4', '8d01c9eb5cc502ddab21168aba356c2eacd05204c06fdb159da2f420eca8f51e', '762961f1555aea3cad873ebb4e640b368e67a56b16603aa4b016bf05a9526418', 'eb9149c6adced1a72ab7777deebf055eea12baea38996a2da487fd9717fb8251', '29eaa2da5efb1b49cf299dd37ac62f22424b692b3e8fb328bb3616ef9a347c95', '3848d55247f04619e1587b023a19a87eed7f370d4b612165127159a5b50fdea9', '6b1cf21a34df3b9bb14b6bd3850ad4dd7fe6411a09d816451c4cc7ec3d1e0393', 'b92b9dc9c92938e3c1d606663ef9716d65dac63e975ee0584abc63f890daf166', 'a0c40207c362a77064986bf7d2e3ba00a8951869e2ffdd46bcc7c86431b6746f', 'ca12dbc1f40f601fd0b8b44c559ccc2ad46e9a6a187f217db3c91c08c5bf2f42', '24669b4e5c54d2d122c02ffac38913bab428d441f3b998823e2ba8558bbf3dad', 'b705743b46fc3632e7b2bf39df32c32e275cbd174bbed8a82d9e1dd163fcb0f0', '0f0d67fd68591b6c838f2f4589141ff8f7e58edf6188eac2744938baf189434a', 'd35f562f0bb5dd7e3be9ad077080adc493c1fc56d848d3f2543fccbe8c98eb0d', 'b187eab3f0088db8a6415b3a4796ce038ea86e92bace6497e90197dde799758e', '8174ee2d6cf003c27cc79b01a97dbfe162718a456eb5dd0bce18d6e3686a2983']",1550031178962
888,dffa00d27399787462efdc6c994e229ce28fdeb5da66a6233357311faaf865fa,"[-0.20274320244789124, 0.1570931077003479, 0.2550676167011261, 0.178415909409523, 5.582557059824467e-05, 0.04647412896156311, -0.07784014940261841, -0.0018641147762537003, 0.1233958899974823, -0.027993932366371155, 0.10876226425170898, -0.04372071847319603, -0.03412944823503494, -0.04272777587175369, 0.0001574857160449028, 0.02132902666926384, -0.017188100144267082, 0.01471323985606432, -0.02897283062338829, 0.015186267904937267, -0.010007314383983612, -0.04074222221970558, -0.012659195810556412, -0.0021745748817920685, 0.06583836674690247, 0.030046842992305756, 0.01890256442129612, -0.014700375497341156, -0.02378055267035961, 0.034263722598552704, 0.05887352302670479, 0.01143790315836668, -0.004163408651947975, -0.03306087106466293, -0.028774280101060867, 0.013108029030263424, -0.03650641813874245, 0.010965642519295216, 0.014499271288514137, 0.013106999918818474, -0.003627695608884096, 0.01524004153907299, -0.02988716959953308, 0.011855426244437695, 0.03657817840576172, 0.041214898228645325, 0.0034002603497356176, 0.04286859929561615, 0.017769673839211464, -0.0033451607450842857]",,"['3c4926b7c61b4d232dc010cd6ccbd280e63ebbf543ac728e6aecb214afa24dcc', 'caf9a5bfd81ef43f6cf3cbdc6017fdc79d43bcdea9fdb2e2d4fda98c616c64e8', '69930fd85af02f88eae1eacdd9be9d320bdf6bdfac82757acec86d28991f7b5b', '6209b36e09a285b9b001d084b2ab70c31d1e682d1c8663c60cd89a43bd51c053', '08657660c499dd08cc37b1a98d88d83b485c494990dd9733b6f11953b50ba641', 'a0fde23b5c71eaff9d638cac97698f1bd4c40482d772ebc58ad78530113fe23c', '80f28498aeaf16e0248edfe402d2789a76ae41f312c9669c95d077467349c064', '07c6f2314b0ee6a55f0d3f213f82c3abf5ae2e2411163dc104b8661ad8b9df8a', '39ecae99d764cebebb9adb160879e0fe63c0b1cec1f46d554472f863a3a00a57', '97ccf1dc4fb2aa896194226fcebc04477ddf1319ca18d00d20d5dedd584dd6a4', '8d01c9eb5cc502ddab21168aba356c2eacd05204c06fdb159da2f420eca8f51e', '762961f1555aea3cad873ebb4e640b368e67a56b16603aa4b016bf05a9526418', 'eb9149c6adced1a72ab7777deebf055eea12baea38996a2da487fd9717fb8251', '29eaa2da5efb1b49cf299dd37ac62f22424b692b3e8fb328bb3616ef9a347c95', '3848d55247f04619e1587b023a19a87eed7f370d4b612165127159a5b50fdea9', '6b1cf21a34df3b9bb14b6bd3850ad4dd7fe6411a09d816451c4cc7ec3d1e0393', 'b92b9dc9c92938e3c1d606663ef9716d65dac63e975ee0584abc63f890daf166', 'a0c40207c362a77064986bf7d2e3ba00a8951869e2ffdd46bcc7c86431b6746f', 'ca12dbc1f40f601fd0b8b44c559ccc2ad46e9a6a187f217db3c91c08c5bf2f42', '24669b4e5c54d2d122c02ffac38913bab428d441f3b998823e2ba8558bbf3dad', 'b705743b46fc3632e7b2bf39df32c32e275cbd174bbed8a82d9e1dd163fcb0f0', '0f0d67fd68591b6c838f2f4589141ff8f7e58edf6188eac2744938baf189434a', 'd35f562f0bb5dd7e3be9ad077080adc493c1fc56d848d3f2543fccbe8c98eb0d', 'b187eab3f0088db8a6415b3a4796ce038ea86e92bace6497e90197dde799758e', '8174ee2d6cf003c27cc79b01a97dbfe162718a456eb5dd0bce18d6e3686a2983']",1550031178962
889,dffa00d27399787462efdc6c994e229ce28fdeb5da66a6233357311faaf865fa,"[-0.20274320244789124, 0.1570931077003479, 0.2550676167011261, 0.178415909409523, 5.582557059824467e-05, 0.04647412896156311, -0.07784014940261841, -0.0018641147762537003, 0.1233958899974823, -0.027993932366371155, 0.10876226425170898, -0.04372071847319603, -0.03412944823503494, -0.04272777587175369, 0.0001574857160449028, 0.02132902666926384, -0.017188100144267082, 0.01471323985606432, -0.02897283062338829, 0.015186267904937267, -0.010007314383983612, -0.04074222221970558, -0.012659195810556412, -0.0021745748817920685, 0.06583836674690247, 0.030046842992305756, 0.01890256442129612, -0.014700375497341156, -0.02378055267035961, 0.034263722598552704, 0.05887352302670479, 0.01143790315836668, -0.004163408651947975, -0.03306087106466293, -0.028774280101060867, 0.013108029030263424, -0.03650641813874245, 0.010965642519295216, 0.014499271288514137, 0.013106999918818474, -0.003627695608884096, 0.01524004153907299, -0.02988716959953308, 0.011855426244437695, 0.03657817840576172, 0.041214898228645325, 0.0034002603497356176, 0.04286859929561615, 0.017769673839211464, -0.0033451607450842857]",,"['3c4926b7c61b4d232dc010cd6ccbd280e63ebbf543ac728e6aecb214afa24dcc', 'caf9a5bfd81ef43f6cf3cbdc6017fdc79d43bcdea9fdb2e2d4fda98c616c64e8', '69930fd85af02f88eae1eacdd9be9d320bdf6bdfac82757acec86d28991f7b5b', '6209b36e09a285b9b001d084b2ab70c31d1e682d1c8663c60cd89a43bd51c053', '08657660c499dd08cc37b1a98d88d83b485c494990dd9733b6f11953b50ba641', 'a0fde23b5c71eaff9d638cac97698f1bd4c40482d772ebc58ad78530113fe23c', '80f28498aeaf16e0248edfe402d2789a76ae41f312c9669c95d077467349c064', '07c6f2314b0ee6a55f0d3f213f82c3abf5ae2e2411163dc104b8661ad8b9df8a', '39ecae99d764cebebb9adb160879e0fe63c0b1cec1f46d554472f863a3a00a57', '97ccf1dc4fb2aa896194226fcebc04477ddf1319ca18d00d20d5dedd584dd6a4', '8d01c9eb5cc502ddab21168aba356c2eacd05204c06fdb159da2f420eca8f51e', '762961f1555aea3cad873ebb4e640b368e67a56b16603aa4b016bf05a9526418', 'eb9149c6adced1a72ab7777deebf055eea12baea38996a2da487fd9717fb8251', '29eaa2da5efb1b49cf299dd37ac62f22424b692b3e8fb328bb3616ef9a347c95', '3848d55247f04619e1587b023a19a87eed7f370d4b612165127159a5b50fdea9', '6b1cf21a34df3b9bb14b6bd3850ad4dd7fe6411a09d816451c4cc7ec3d1e0393', 'b92b9dc9c92938e3c1d606663ef9716d65dac63e975ee0584abc63f890daf166', 'a0c40207c362a77064986bf7d2e3ba00a8951869e2ffdd46bcc7c86431b6746f', 'ca12dbc1f40f601fd0b8b44c559ccc2ad46e9a6a187f217db3c91c08c5bf2f42', '24669b4e5c54d2d122c02ffac38913bab428d441f3b998823e2ba8558bbf3dad', 'b705743b46fc3632e7b2bf39df32c32e275cbd174bbed8a82d9e1dd163fcb0f0', '0f0d67fd68591b6c838f2f4589141ff8f7e58edf6188eac2744938baf189434a', 'd35f562f0bb5dd7e3be9ad077080adc493c1fc56d848d3f2543fccbe8c98eb0d', 'b187eab3f0088db8a6415b3a4796ce038ea86e92bace6497e90197dde799758e', '8174ee2d6cf003c27cc79b01a97dbfe162718a456eb5dd0bce18d6e3686a2983']",1550031178962
890,a1c82b404ce3279e799531b44bdeb7d5f1e8ad5b6a478badfe4e926dfeca90a0,"[-0.042915523052215576, -0.07792025804519653, -0.022617563605308533, 0.05225949361920357, 0.1936710774898529, 0.052060820162296295, 0.005832732655107975, -0.07754737138748169, 0.07724462449550629, 0.0819142758846283, 0.20249518752098083, -0.04410066828131676, -0.04790797457098961, 0.16422930359840393, -0.008532118052244186, -0.04115283489227295, -0.026000583544373512, -0.02766895294189453, 0.010378001257777214, 0.02879885956645012, -0.07164256274700165, 0.08872665464878082, -0.009716110303997993, -0.049276456236839294, -0.02198394015431404, 0.17595097422599792, 0.02652294933795929, -0.03713018074631691, -0.04167867451906204, -0.04542435705661774, 0.013911941088736057, -0.054254282265901566, -0.05449829250574112, 0.01411522924900055, -0.021062977612018585, 0.003919532988220453, 0.028932936489582062, 0.022866539657115936, -0.012203104794025421, -0.004689311143010855, 0.021600592881441116, 0.10310389846563339, -0.004409134387969971, -0.030477244406938553, -0.0312601737678051, -0.005590104963630438, 0.01278362050652504, -0.04533100128173828, -0.018008779734373093, -0.00473547400906682]",,,1547850373694
891,a1c82b404ce3279e799531b44bdeb7d5f1e8ad5b6a478badfe4e926dfeca90a0,"[-0.042915523052215576, -0.07792025804519653, -0.022617563605308533, 0.05225949361920357, 0.1936710774898529, 0.052060820162296295, 0.005832732655107975, -0.07754737138748169, 0.07724462449550629, 0.0819142758846283, 0.20249518752098083, -0.04410066828131676, -0.04790797457098961, 0.16422930359840393, -0.008532118052244186, -0.04115283489227295, -0.026000583544373512, -0.02766895294189453, 0.010378001257777214, 0.02879885956645012, -0.07164256274700165, 0.08872665464878082, -0.009716110303997993, -0.049276456236839294, -0.02198394015431404, 0.17595097422599792, 0.02652294933795929, -0.03713018074631691, -0.04167867451906204, -0.04542435705661774, 0.013911941088736057, -0.054254282265901566, -0.05449829250574112, 0.01411522924900055, -0.021062977612018585, 0.003919532988220453, 0.028932936489582062, 0.022866539657115936, -0.012203104794025421, -0.004689311143010855, 0.021600592881441116, 0.10310389846563339, -0.004409134387969971, -0.030477244406938553, -0.0312601737678051, -0.005590104963630438, 0.01278362050652504, -0.04533100128173828, -0.018008779734373093, -0.00473547400906682]",,,1547850373694
892,58d661ed6a24f0782c94cc9495f34f967e97b5713aba8970eaa27146589c0714,"[-0.011310726404190063, -0.09265215694904327, -0.09276305139064789, 0.15605632960796356, 0.12015120685100555, -0.13785991072654724, 0.024324212223291397, -0.008647477254271507, -0.02068367227911949, 0.03482114523649216, 0.0591299794614315, -0.02467203140258789, -0.010072629898786545, 0.07874727249145508, 0.03337026387453079, 0.07996276021003723, -0.005258288234472275, -0.013769756071269512, -0.08633585274219513, -0.009176683612167835, -0.007285230793058872, -0.09185592830181122, 0.0013031493872404099, -0.03236384317278862, -0.07312709093093872, -0.03086821734905243, 0.018419193103909492, 0.03624751418828964, -0.02836833894252777, -0.02944815717637539, 0.10139385610818863, -0.06569032371044159, 0.08789179474115372, -0.06510981917381287, 0.021020082756876945, 0.026373937726020813, 0.00678648054599762, -0.05866488069295883, 0.028219236060976982, 0.10016903281211853, -0.04165385663509369, -0.015846265479922295, -0.06388547271490097, -0.03413614630699158, -0.056770749390125275, 0.037804409861564636, 0.0426950640976429, -0.01654902659356594, -0.06202251464128494, 0.039630647748708725]","['0c2bf831fd3003138de7128de0f4e1b9b6b794342005716f40076c5bb34461ca', '0c2bf831fd3003138de7128de0f4e1b9b6b794342005716f40076c5bb34461ca']","['652668ff4e1b2ddac6c003eeb875a3ff271a9b6f51fb8fa5c0efd4da1c65d497', '0c2bf831fd3003138de7128de0f4e1b9b6b794342005716f40076c5bb34461ca', '4881dfad0d9add9324bbe1b4372149ac8e46a2b6c4dbaaca528d2ccdaba05e89', 'b2b045550c587abb04a0e7d4299b5e9d7d97cc879e94e2013e0454e6324b2ea9', '2e1255aa7891cc51ed9af1da588995f425c4e8045a13c98bf4a51f1670a2c885', '23b5c8e65ac387dd6a7d4c49f8fb99b070dfe801d6033902fac012737945cda5', 'a1eefc8a8ae97ca6993e64cfce9bf15f62ca43d332750ea153018dfeb38d1588', '3f99cc26876e65995b373513a1c6ffc763a8cc135f6338635a1a4ae9f8e52526', '335a4cb20e1676da534be975d4074feaba545a6c8578e608a910c50745976cf6', 'c64c84b1b34dd376162b7ea2172f460e1db72633b377180818f1f1334e2a52b8', 'c694fa6091375da4f3032a087b3cc87e040aec5ff08e6fd0e2dee0e4a60bb5c2', '7039976ced6fece951be49559c159931c0c80dc412bbfba32440524140891d90', '9e7efda480ba6afffdd23f28857dcf0adec256d792f23b885277bd684a09296f', 'a0c9a55bceb8236b10b53d6967df420876cd2f5b22eb180d430c18f9e244c5b5', '9690409e9be7d69d5c9a2f43c6a8bdc6af32b94bc3e6e67fdddf241acb5ae099', 'bc4ada41749b5bd22bb2728aa1c25f8a087522240c201c78dd6f4a1c91981354', 'ea5a5da88b7ece60df6e4fd74087928bd9236ca12d3b6abdcf6a336ff90b9c6d', '92b7dde225508470a2174a67a4bf8c8c3055413cb5f424568348e33fc9b5ecc6', '1b915f1265a8ad9cc5b7bac1a1e63afcbf30d98523a5535f2c374528e39be9d2', '0d8f7f3c993823db7e3d7bb50b8f552029532d89de20922a19f829983ca47df5', 'f033bba1c0ee3064b35e2807f8b49b08469484e95b73fc98509b6464a457f4c6', 'd6923f649ab92a4b032fb20e67cddc9f83d07458adf129737bd1622c0053e1f1', '90e898f85a299e702358b1e6fbdcc0d9593ac743f0dd4412668b919c6bcd9415', '9a72fb9377fa32cdaf11f5829a1c5ec31d9607bd37aa8238ca6a3d50ccc381b6', 'f2287f4c8a6acb8af001b8c5b05b831031b20a05e1bd65c51681ca03b0ded05a']",1549902650807
893,58d661ed6a24f0782c94cc9495f34f967e97b5713aba8970eaa27146589c0714,"[-0.011310726404190063, -0.09265215694904327, -0.09276305139064789, 0.15605632960796356, 0.12015120685100555, -0.13785991072654724, 0.024324212223291397, -0.008647477254271507, -0.02068367227911949, 0.03482114523649216, 0.0591299794614315, -0.02467203140258789, -0.010072629898786545, 0.07874727249145508, 0.03337026387453079, 0.07996276021003723, -0.005258288234472275, -0.013769756071269512, -0.08633585274219513, -0.009176683612167835, -0.007285230793058872, -0.09185592830181122, 0.0013031493872404099, -0.03236384317278862, -0.07312709093093872, -0.03086821734905243, 0.018419193103909492, 0.03624751418828964, -0.02836833894252777, -0.02944815717637539, 0.10139385610818863, -0.06569032371044159, 0.08789179474115372, -0.06510981917381287, 0.021020082756876945, 0.026373937726020813, 0.00678648054599762, -0.05866488069295883, 0.028219236060976982, 0.10016903281211853, -0.04165385663509369, -0.015846265479922295, -0.06388547271490097, -0.03413614630699158, -0.056770749390125275, 0.037804409861564636, 0.0426950640976429, -0.01654902659356594, -0.06202251464128494, 0.039630647748708725]","['0c2bf831fd3003138de7128de0f4e1b9b6b794342005716f40076c5bb34461ca', '0c2bf831fd3003138de7128de0f4e1b9b6b794342005716f40076c5bb34461ca']","['652668ff4e1b2ddac6c003eeb875a3ff271a9b6f51fb8fa5c0efd4da1c65d497', '0c2bf831fd3003138de7128de0f4e1b9b6b794342005716f40076c5bb34461ca', '4881dfad0d9add9324bbe1b4372149ac8e46a2b6c4dbaaca528d2ccdaba05e89', 'b2b045550c587abb04a0e7d4299b5e9d7d97cc879e94e2013e0454e6324b2ea9', '2e1255aa7891cc51ed9af1da588995f425c4e8045a13c98bf4a51f1670a2c885', '23b5c8e65ac387dd6a7d4c49f8fb99b070dfe801d6033902fac012737945cda5', 'a1eefc8a8ae97ca6993e64cfce9bf15f62ca43d332750ea153018dfeb38d1588', '3f99cc26876e65995b373513a1c6ffc763a8cc135f6338635a1a4ae9f8e52526', '335a4cb20e1676da534be975d4074feaba545a6c8578e608a910c50745976cf6', 'c64c84b1b34dd376162b7ea2172f460e1db72633b377180818f1f1334e2a52b8', 'c694fa6091375da4f3032a087b3cc87e040aec5ff08e6fd0e2dee0e4a60bb5c2', '7039976ced6fece951be49559c159931c0c80dc412bbfba32440524140891d90', '9e7efda480ba6afffdd23f28857dcf0adec256d792f23b885277bd684a09296f', 'a0c9a55bceb8236b10b53d6967df420876cd2f5b22eb180d430c18f9e244c5b5', '9690409e9be7d69d5c9a2f43c6a8bdc6af32b94bc3e6e67fdddf241acb5ae099', 'bc4ada41749b5bd22bb2728aa1c25f8a087522240c201c78dd6f4a1c91981354', 'ea5a5da88b7ece60df6e4fd74087928bd9236ca12d3b6abdcf6a336ff90b9c6d', '92b7dde225508470a2174a67a4bf8c8c3055413cb5f424568348e33fc9b5ecc6', '1b915f1265a8ad9cc5b7bac1a1e63afcbf30d98523a5535f2c374528e39be9d2', '0d8f7f3c993823db7e3d7bb50b8f552029532d89de20922a19f829983ca47df5', 'f033bba1c0ee3064b35e2807f8b49b08469484e95b73fc98509b6464a457f4c6', 'd6923f649ab92a4b032fb20e67cddc9f83d07458adf129737bd1622c0053e1f1', '90e898f85a299e702358b1e6fbdcc0d9593ac743f0dd4412668b919c6bcd9415', '9a72fb9377fa32cdaf11f5829a1c5ec31d9607bd37aa8238ca6a3d50ccc381b6', 'f2287f4c8a6acb8af001b8c5b05b831031b20a05e1bd65c51681ca03b0ded05a']",1549902650807
894,58d661ed6a24f0782c94cc9495f34f967e97b5713aba8970eaa27146589c0714,"[-0.011310726404190063, -0.09265215694904327, -0.09276305139064789, 0.15605632960796356, 0.12015120685100555, -0.13785991072654724, 0.024324212223291397, -0.008647477254271507, -0.02068367227911949, 0.03482114523649216, 0.0591299794614315, -0.02467203140258789, -0.010072629898786545, 0.07874727249145508, 0.03337026387453079, 0.07996276021003723, -0.005258288234472275, -0.013769756071269512, -0.08633585274219513, -0.009176683612167835, -0.007285230793058872, -0.09185592830181122, 0.0013031493872404099, -0.03236384317278862, -0.07312709093093872, -0.03086821734905243, 0.018419193103909492, 0.03624751418828964, -0.02836833894252777, -0.02944815717637539, 0.10139385610818863, -0.06569032371044159, 0.08789179474115372, -0.06510981917381287, 0.021020082756876945, 0.026373937726020813, 0.00678648054599762, -0.05866488069295883, 0.028219236060976982, 0.10016903281211853, -0.04165385663509369, -0.015846265479922295, -0.06388547271490097, -0.03413614630699158, -0.056770749390125275, 0.037804409861564636, 0.0426950640976429, -0.01654902659356594, -0.06202251464128494, 0.039630647748708725]","['0c2bf831fd3003138de7128de0f4e1b9b6b794342005716f40076c5bb34461ca', '0c2bf831fd3003138de7128de0f4e1b9b6b794342005716f40076c5bb34461ca']","['652668ff4e1b2ddac6c003eeb875a3ff271a9b6f51fb8fa5c0efd4da1c65d497', '0c2bf831fd3003138de7128de0f4e1b9b6b794342005716f40076c5bb34461ca', '4881dfad0d9add9324bbe1b4372149ac8e46a2b6c4dbaaca528d2ccdaba05e89', 'b2b045550c587abb04a0e7d4299b5e9d7d97cc879e94e2013e0454e6324b2ea9', '2e1255aa7891cc51ed9af1da588995f425c4e8045a13c98bf4a51f1670a2c885', '23b5c8e65ac387dd6a7d4c49f8fb99b070dfe801d6033902fac012737945cda5', 'a1eefc8a8ae97ca6993e64cfce9bf15f62ca43d332750ea153018dfeb38d1588', '3f99cc26876e65995b373513a1c6ffc763a8cc135f6338635a1a4ae9f8e52526', '335a4cb20e1676da534be975d4074feaba545a6c8578e608a910c50745976cf6', 'c64c84b1b34dd376162b7ea2172f460e1db72633b377180818f1f1334e2a52b8', 'c694fa6091375da4f3032a087b3cc87e040aec5ff08e6fd0e2dee0e4a60bb5c2', '7039976ced6fece951be49559c159931c0c80dc412bbfba32440524140891d90', '9e7efda480ba6afffdd23f28857dcf0adec256d792f23b885277bd684a09296f', 'a0c9a55bceb8236b10b53d6967df420876cd2f5b22eb180d430c18f9e244c5b5', '9690409e9be7d69d5c9a2f43c6a8bdc6af32b94bc3e6e67fdddf241acb5ae099', 'bc4ada41749b5bd22bb2728aa1c25f8a087522240c201c78dd6f4a1c91981354', 'ea5a5da88b7ece60df6e4fd74087928bd9236ca12d3b6abdcf6a336ff90b9c6d', '92b7dde225508470a2174a67a4bf8c8c3055413cb5f424568348e33fc9b5ecc6', '1b915f1265a8ad9cc5b7bac1a1e63afcbf30d98523a5535f2c374528e39be9d2', '0d8f7f3c993823db7e3d7bb50b8f552029532d89de20922a19f829983ca47df5', 'f033bba1c0ee3064b35e2807f8b49b08469484e95b73fc98509b6464a457f4c6', 'd6923f649ab92a4b032fb20e67cddc9f83d07458adf129737bd1622c0053e1f1', '90e898f85a299e702358b1e6fbdcc0d9593ac743f0dd4412668b919c6bcd9415', '9a72fb9377fa32cdaf11f5829a1c5ec31d9607bd37aa8238ca6a3d50ccc381b6', 'f2287f4c8a6acb8af001b8c5b05b831031b20a05e1bd65c51681ca03b0ded05a']",1549902650807
895,58d661ed6a24f0782c94cc9495f34f967e97b5713aba8970eaa27146589c0714,"[-0.011310726404190063, -0.09265215694904327, -0.09276305139064789, 0.15605632960796356, 0.12015120685100555, -0.13785991072654724, 0.024324212223291397, -0.008647477254271507, -0.02068367227911949, 0.03482114523649216, 0.0591299794614315, -0.02467203140258789, -0.010072629898786545, 0.07874727249145508, 0.03337026387453079, 0.07996276021003723, -0.005258288234472275, -0.013769756071269512, -0.08633585274219513, -0.009176683612167835, -0.007285230793058872, -0.09185592830181122, 0.0013031493872404099, -0.03236384317278862, -0.07312709093093872, -0.03086821734905243, 0.018419193103909492, 0.03624751418828964, -0.02836833894252777, -0.02944815717637539, 0.10139385610818863, -0.06569032371044159, 0.08789179474115372, -0.06510981917381287, 0.021020082756876945, 0.026373937726020813, 0.00678648054599762, -0.05866488069295883, 0.028219236060976982, 0.10016903281211853, -0.04165385663509369, -0.015846265479922295, -0.06388547271490097, -0.03413614630699158, -0.056770749390125275, 0.037804409861564636, 0.0426950640976429, -0.01654902659356594, -0.06202251464128494, 0.039630647748708725]","['0c2bf831fd3003138de7128de0f4e1b9b6b794342005716f40076c5bb34461ca', '0c2bf831fd3003138de7128de0f4e1b9b6b794342005716f40076c5bb34461ca']","['652668ff4e1b2ddac6c003eeb875a3ff271a9b6f51fb8fa5c0efd4da1c65d497', '0c2bf831fd3003138de7128de0f4e1b9b6b794342005716f40076c5bb34461ca', '4881dfad0d9add9324bbe1b4372149ac8e46a2b6c4dbaaca528d2ccdaba05e89', 'b2b045550c587abb04a0e7d4299b5e9d7d97cc879e94e2013e0454e6324b2ea9', '2e1255aa7891cc51ed9af1da588995f425c4e8045a13c98bf4a51f1670a2c885', '23b5c8e65ac387dd6a7d4c49f8fb99b070dfe801d6033902fac012737945cda5', 'a1eefc8a8ae97ca6993e64cfce9bf15f62ca43d332750ea153018dfeb38d1588', '3f99cc26876e65995b373513a1c6ffc763a8cc135f6338635a1a4ae9f8e52526', '335a4cb20e1676da534be975d4074feaba545a6c8578e608a910c50745976cf6', 'c64c84b1b34dd376162b7ea2172f460e1db72633b377180818f1f1334e2a52b8', 'c694fa6091375da4f3032a087b3cc87e040aec5ff08e6fd0e2dee0e4a60bb5c2', '7039976ced6fece951be49559c159931c0c80dc412bbfba32440524140891d90', '9e7efda480ba6afffdd23f28857dcf0adec256d792f23b885277bd684a09296f', 'a0c9a55bceb8236b10b53d6967df420876cd2f5b22eb180d430c18f9e244c5b5', '9690409e9be7d69d5c9a2f43c6a8bdc6af32b94bc3e6e67fdddf241acb5ae099', 'bc4ada41749b5bd22bb2728aa1c25f8a087522240c201c78dd6f4a1c91981354', 'ea5a5da88b7ece60df6e4fd74087928bd9236ca12d3b6abdcf6a336ff90b9c6d', '92b7dde225508470a2174a67a4bf8c8c3055413cb5f424568348e33fc9b5ecc6', '1b915f1265a8ad9cc5b7bac1a1e63afcbf30d98523a5535f2c374528e39be9d2', '0d8f7f3c993823db7e3d7bb50b8f552029532d89de20922a19f829983ca47df5', 'f033bba1c0ee3064b35e2807f8b49b08469484e95b73fc98509b6464a457f4c6', 'd6923f649ab92a4b032fb20e67cddc9f83d07458adf129737bd1622c0053e1f1', '90e898f85a299e702358b1e6fbdcc0d9593ac743f0dd4412668b919c6bcd9415', '9a72fb9377fa32cdaf11f5829a1c5ec31d9607bd37aa8238ca6a3d50ccc381b6', 'f2287f4c8a6acb8af001b8c5b05b831031b20a05e1bd65c51681ca03b0ded05a']",1549902650807
896,58d661ed6a24f0782c94cc9495f34f967e97b5713aba8970eaa27146589c0714,"[-0.011310726404190063, -0.09265215694904327, -0.09276305139064789, 0.15605632960796356, 0.12015120685100555, -0.13785991072654724, 0.024324212223291397, -0.008647477254271507, -0.02068367227911949, 0.03482114523649216, 0.0591299794614315, -0.02467203140258789, -0.010072629898786545, 0.07874727249145508, 0.03337026387453079, 0.07996276021003723, -0.005258288234472275, -0.013769756071269512, -0.08633585274219513, -0.009176683612167835, -0.007285230793058872, -0.09185592830181122, 0.0013031493872404099, -0.03236384317278862, -0.07312709093093872, -0.03086821734905243, 0.018419193103909492, 0.03624751418828964, -0.02836833894252777, -0.02944815717637539, 0.10139385610818863, -0.06569032371044159, 0.08789179474115372, -0.06510981917381287, 0.021020082756876945, 0.026373937726020813, 0.00678648054599762, -0.05866488069295883, 0.028219236060976982, 0.10016903281211853, -0.04165385663509369, -0.015846265479922295, -0.06388547271490097, -0.03413614630699158, -0.056770749390125275, 0.037804409861564636, 0.0426950640976429, -0.01654902659356594, -0.06202251464128494, 0.039630647748708725]","['0c2bf831fd3003138de7128de0f4e1b9b6b794342005716f40076c5bb34461ca', '0c2bf831fd3003138de7128de0f4e1b9b6b794342005716f40076c5bb34461ca']","['652668ff4e1b2ddac6c003eeb875a3ff271a9b6f51fb8fa5c0efd4da1c65d497', '0c2bf831fd3003138de7128de0f4e1b9b6b794342005716f40076c5bb34461ca', '4881dfad0d9add9324bbe1b4372149ac8e46a2b6c4dbaaca528d2ccdaba05e89', 'b2b045550c587abb04a0e7d4299b5e9d7d97cc879e94e2013e0454e6324b2ea9', '2e1255aa7891cc51ed9af1da588995f425c4e8045a13c98bf4a51f1670a2c885', '23b5c8e65ac387dd6a7d4c49f8fb99b070dfe801d6033902fac012737945cda5', 'a1eefc8a8ae97ca6993e64cfce9bf15f62ca43d332750ea153018dfeb38d1588', '3f99cc26876e65995b373513a1c6ffc763a8cc135f6338635a1a4ae9f8e52526', '335a4cb20e1676da534be975d4074feaba545a6c8578e608a910c50745976cf6', 'c64c84b1b34dd376162b7ea2172f460e1db72633b377180818f1f1334e2a52b8', 'c694fa6091375da4f3032a087b3cc87e040aec5ff08e6fd0e2dee0e4a60bb5c2', '7039976ced6fece951be49559c159931c0c80dc412bbfba32440524140891d90', '9e7efda480ba6afffdd23f28857dcf0adec256d792f23b885277bd684a09296f', 'a0c9a55bceb8236b10b53d6967df420876cd2f5b22eb180d430c18f9e244c5b5', '9690409e9be7d69d5c9a2f43c6a8bdc6af32b94bc3e6e67fdddf241acb5ae099', 'bc4ada41749b5bd22bb2728aa1c25f8a087522240c201c78dd6f4a1c91981354', 'ea5a5da88b7ece60df6e4fd74087928bd9236ca12d3b6abdcf6a336ff90b9c6d', '92b7dde225508470a2174a67a4bf8c8c3055413cb5f424568348e33fc9b5ecc6', '1b915f1265a8ad9cc5b7bac1a1e63afcbf30d98523a5535f2c374528e39be9d2', '0d8f7f3c993823db7e3d7bb50b8f552029532d89de20922a19f829983ca47df5', 'f033bba1c0ee3064b35e2807f8b49b08469484e95b73fc98509b6464a457f4c6', 'd6923f649ab92a4b032fb20e67cddc9f83d07458adf129737bd1622c0053e1f1', '90e898f85a299e702358b1e6fbdcc0d9593ac743f0dd4412668b919c6bcd9415', '9a72fb9377fa32cdaf11f5829a1c5ec31d9607bd37aa8238ca6a3d50ccc381b6', 'f2287f4c8a6acb8af001b8c5b05b831031b20a05e1bd65c51681ca03b0ded05a']",1549902650807
897,58d661ed6a24f0782c94cc9495f34f967e97b5713aba8970eaa27146589c0714,"[-0.011310726404190063, -0.09265215694904327, -0.09276305139064789, 0.15605632960796356, 0.12015120685100555, -0.13785991072654724, 0.024324212223291397, -0.008647477254271507, -0.02068367227911949, 0.03482114523649216, 0.0591299794614315, -0.02467203140258789, -0.010072629898786545, 0.07874727249145508, 0.03337026387453079, 0.07996276021003723, -0.005258288234472275, -0.013769756071269512, -0.08633585274219513, -0.009176683612167835, -0.007285230793058872, -0.09185592830181122, 0.0013031493872404099, -0.03236384317278862, -0.07312709093093872, -0.03086821734905243, 0.018419193103909492, 0.03624751418828964, -0.02836833894252777, -0.02944815717637539, 0.10139385610818863, -0.06569032371044159, 0.08789179474115372, -0.06510981917381287, 0.021020082756876945, 0.026373937726020813, 0.00678648054599762, -0.05866488069295883, 0.028219236060976982, 0.10016903281211853, -0.04165385663509369, -0.015846265479922295, -0.06388547271490097, -0.03413614630699158, -0.056770749390125275, 0.037804409861564636, 0.0426950640976429, -0.01654902659356594, -0.06202251464128494, 0.039630647748708725]","['0c2bf831fd3003138de7128de0f4e1b9b6b794342005716f40076c5bb34461ca', '0c2bf831fd3003138de7128de0f4e1b9b6b794342005716f40076c5bb34461ca']","['652668ff4e1b2ddac6c003eeb875a3ff271a9b6f51fb8fa5c0efd4da1c65d497', '0c2bf831fd3003138de7128de0f4e1b9b6b794342005716f40076c5bb34461ca', '4881dfad0d9add9324bbe1b4372149ac8e46a2b6c4dbaaca528d2ccdaba05e89', 'b2b045550c587abb04a0e7d4299b5e9d7d97cc879e94e2013e0454e6324b2ea9', '2e1255aa7891cc51ed9af1da588995f425c4e8045a13c98bf4a51f1670a2c885', '23b5c8e65ac387dd6a7d4c49f8fb99b070dfe801d6033902fac012737945cda5', 'a1eefc8a8ae97ca6993e64cfce9bf15f62ca43d332750ea153018dfeb38d1588', '3f99cc26876e65995b373513a1c6ffc763a8cc135f6338635a1a4ae9f8e52526', '335a4cb20e1676da534be975d4074feaba545a6c8578e608a910c50745976cf6', 'c64c84b1b34dd376162b7ea2172f460e1db72633b377180818f1f1334e2a52b8', 'c694fa6091375da4f3032a087b3cc87e040aec5ff08e6fd0e2dee0e4a60bb5c2', '7039976ced6fece951be49559c159931c0c80dc412bbfba32440524140891d90', '9e7efda480ba6afffdd23f28857dcf0adec256d792f23b885277bd684a09296f', 'a0c9a55bceb8236b10b53d6967df420876cd2f5b22eb180d430c18f9e244c5b5', '9690409e9be7d69d5c9a2f43c6a8bdc6af32b94bc3e6e67fdddf241acb5ae099', 'bc4ada41749b5bd22bb2728aa1c25f8a087522240c201c78dd6f4a1c91981354', 'ea5a5da88b7ece60df6e4fd74087928bd9236ca12d3b6abdcf6a336ff90b9c6d', '92b7dde225508470a2174a67a4bf8c8c3055413cb5f424568348e33fc9b5ecc6', '1b915f1265a8ad9cc5b7bac1a1e63afcbf30d98523a5535f2c374528e39be9d2', '0d8f7f3c993823db7e3d7bb50b8f552029532d89de20922a19f829983ca47df5', 'f033bba1c0ee3064b35e2807f8b49b08469484e95b73fc98509b6464a457f4c6', 'd6923f649ab92a4b032fb20e67cddc9f83d07458adf129737bd1622c0053e1f1', '90e898f85a299e702358b1e6fbdcc0d9593ac743f0dd4412668b919c6bcd9415', '9a72fb9377fa32cdaf11f5829a1c5ec31d9607bd37aa8238ca6a3d50ccc381b6', 'f2287f4c8a6acb8af001b8c5b05b831031b20a05e1bd65c51681ca03b0ded05a']",1549902650807
898,58d661ed6a24f0782c94cc9495f34f967e97b5713aba8970eaa27146589c0714,"[-0.011310726404190063, -0.09265215694904327, -0.09276305139064789, 0.15605632960796356, 0.12015120685100555, -0.13785991072654724, 0.024324212223291397, -0.008647477254271507, -0.02068367227911949, 0.03482114523649216, 0.0591299794614315, -0.02467203140258789, -0.010072629898786545, 0.07874727249145508, 0.03337026387453079, 0.07996276021003723, -0.005258288234472275, -0.013769756071269512, -0.08633585274219513, -0.009176683612167835, -0.007285230793058872, -0.09185592830181122, 0.0013031493872404099, -0.03236384317278862, -0.07312709093093872, -0.03086821734905243, 0.018419193103909492, 0.03624751418828964, -0.02836833894252777, -0.02944815717637539, 0.10139385610818863, -0.06569032371044159, 0.08789179474115372, -0.06510981917381287, 0.021020082756876945, 0.026373937726020813, 0.00678648054599762, -0.05866488069295883, 0.028219236060976982, 0.10016903281211853, -0.04165385663509369, -0.015846265479922295, -0.06388547271490097, -0.03413614630699158, -0.056770749390125275, 0.037804409861564636, 0.0426950640976429, -0.01654902659356594, -0.06202251464128494, 0.039630647748708725]","['0c2bf831fd3003138de7128de0f4e1b9b6b794342005716f40076c5bb34461ca', '0c2bf831fd3003138de7128de0f4e1b9b6b794342005716f40076c5bb34461ca']","['652668ff4e1b2ddac6c003eeb875a3ff271a9b6f51fb8fa5c0efd4da1c65d497', '0c2bf831fd3003138de7128de0f4e1b9b6b794342005716f40076c5bb34461ca', '4881dfad0d9add9324bbe1b4372149ac8e46a2b6c4dbaaca528d2ccdaba05e89', 'b2b045550c587abb04a0e7d4299b5e9d7d97cc879e94e2013e0454e6324b2ea9', '2e1255aa7891cc51ed9af1da588995f425c4e8045a13c98bf4a51f1670a2c885', '23b5c8e65ac387dd6a7d4c49f8fb99b070dfe801d6033902fac012737945cda5', 'a1eefc8a8ae97ca6993e64cfce9bf15f62ca43d332750ea153018dfeb38d1588', '3f99cc26876e65995b373513a1c6ffc763a8cc135f6338635a1a4ae9f8e52526', '335a4cb20e1676da534be975d4074feaba545a6c8578e608a910c50745976cf6', 'c64c84b1b34dd376162b7ea2172f460e1db72633b377180818f1f1334e2a52b8', 'c694fa6091375da4f3032a087b3cc87e040aec5ff08e6fd0e2dee0e4a60bb5c2', '7039976ced6fece951be49559c159931c0c80dc412bbfba32440524140891d90', '9e7efda480ba6afffdd23f28857dcf0adec256d792f23b885277bd684a09296f', 'a0c9a55bceb8236b10b53d6967df420876cd2f5b22eb180d430c18f9e244c5b5', '9690409e9be7d69d5c9a2f43c6a8bdc6af32b94bc3e6e67fdddf241acb5ae099', 'bc4ada41749b5bd22bb2728aa1c25f8a087522240c201c78dd6f4a1c91981354', 'ea5a5da88b7ece60df6e4fd74087928bd9236ca12d3b6abdcf6a336ff90b9c6d', '92b7dde225508470a2174a67a4bf8c8c3055413cb5f424568348e33fc9b5ecc6', '1b915f1265a8ad9cc5b7bac1a1e63afcbf30d98523a5535f2c374528e39be9d2', '0d8f7f3c993823db7e3d7bb50b8f552029532d89de20922a19f829983ca47df5', 'f033bba1c0ee3064b35e2807f8b49b08469484e95b73fc98509b6464a457f4c6', 'd6923f649ab92a4b032fb20e67cddc9f83d07458adf129737bd1622c0053e1f1', '90e898f85a299e702358b1e6fbdcc0d9593ac743f0dd4412668b919c6bcd9415', '9a72fb9377fa32cdaf11f5829a1c5ec31d9607bd37aa8238ca6a3d50ccc381b6', 'f2287f4c8a6acb8af001b8c5b05b831031b20a05e1bd65c51681ca03b0ded05a']",1549902650807
899,58d661ed6a24f0782c94cc9495f34f967e97b5713aba8970eaa27146589c0714,"[-0.011310726404190063, -0.09265215694904327, -0.09276305139064789, 0.15605632960796356, 0.12015120685100555, -0.13785991072654724, 0.024324212223291397, -0.008647477254271507, -0.02068367227911949, 0.03482114523649216, 0.0591299794614315, -0.02467203140258789, -0.010072629898786545, 0.07874727249145508, 0.03337026387453079, 0.07996276021003723, -0.005258288234472275, -0.013769756071269512, -0.08633585274219513, -0.009176683612167835, -0.007285230793058872, -0.09185592830181122, 0.0013031493872404099, -0.03236384317278862, -0.07312709093093872, -0.03086821734905243, 0.018419193103909492, 0.03624751418828964, -0.02836833894252777, -0.02944815717637539, 0.10139385610818863, -0.06569032371044159, 0.08789179474115372, -0.06510981917381287, 0.021020082756876945, 0.026373937726020813, 0.00678648054599762, -0.05866488069295883, 0.028219236060976982, 0.10016903281211853, -0.04165385663509369, -0.015846265479922295, -0.06388547271490097, -0.03413614630699158, -0.056770749390125275, 0.037804409861564636, 0.0426950640976429, -0.01654902659356594, -0.06202251464128494, 0.039630647748708725]","['0c2bf831fd3003138de7128de0f4e1b9b6b794342005716f40076c5bb34461ca', '0c2bf831fd3003138de7128de0f4e1b9b6b794342005716f40076c5bb34461ca']","['652668ff4e1b2ddac6c003eeb875a3ff271a9b6f51fb8fa5c0efd4da1c65d497', '0c2bf831fd3003138de7128de0f4e1b9b6b794342005716f40076c5bb34461ca', '4881dfad0d9add9324bbe1b4372149ac8e46a2b6c4dbaaca528d2ccdaba05e89', 'b2b045550c587abb04a0e7d4299b5e9d7d97cc879e94e2013e0454e6324b2ea9', '2e1255aa7891cc51ed9af1da588995f425c4e8045a13c98bf4a51f1670a2c885', '23b5c8e65ac387dd6a7d4c49f8fb99b070dfe801d6033902fac012737945cda5', 'a1eefc8a8ae97ca6993e64cfce9bf15f62ca43d332750ea153018dfeb38d1588', '3f99cc26876e65995b373513a1c6ffc763a8cc135f6338635a1a4ae9f8e52526', '335a4cb20e1676da534be975d4074feaba545a6c8578e608a910c50745976cf6', 'c64c84b1b34dd376162b7ea2172f460e1db72633b377180818f1f1334e2a52b8', 'c694fa6091375da4f3032a087b3cc87e040aec5ff08e6fd0e2dee0e4a60bb5c2', '7039976ced6fece951be49559c159931c0c80dc412bbfba32440524140891d90', '9e7efda480ba6afffdd23f28857dcf0adec256d792f23b885277bd684a09296f', 'a0c9a55bceb8236b10b53d6967df420876cd2f5b22eb180d430c18f9e244c5b5', '9690409e9be7d69d5c9a2f43c6a8bdc6af32b94bc3e6e67fdddf241acb5ae099', 'bc4ada41749b5bd22bb2728aa1c25f8a087522240c201c78dd6f4a1c91981354', 'ea5a5da88b7ece60df6e4fd74087928bd9236ca12d3b6abdcf6a336ff90b9c6d', '92b7dde225508470a2174a67a4bf8c8c3055413cb5f424568348e33fc9b5ecc6', '1b915f1265a8ad9cc5b7bac1a1e63afcbf30d98523a5535f2c374528e39be9d2', '0d8f7f3c993823db7e3d7bb50b8f552029532d89de20922a19f829983ca47df5', 'f033bba1c0ee3064b35e2807f8b49b08469484e95b73fc98509b6464a457f4c6', 'd6923f649ab92a4b032fb20e67cddc9f83d07458adf129737bd1622c0053e1f1', '90e898f85a299e702358b1e6fbdcc0d9593ac743f0dd4412668b919c6bcd9415', '9a72fb9377fa32cdaf11f5829a1c5ec31d9607bd37aa8238ca6a3d50ccc381b6', 'f2287f4c8a6acb8af001b8c5b05b831031b20a05e1bd65c51681ca03b0ded05a']",1549902650807
900,58d661ed6a24f0782c94cc9495f34f967e97b5713aba8970eaa27146589c0714,"[-0.011310726404190063, -0.09265215694904327, -0.09276305139064789, 0.15605632960796356, 0.12015120685100555, -0.13785991072654724, 0.024324212223291397, -0.008647477254271507, -0.02068367227911949, 0.03482114523649216, 0.0591299794614315, -0.02467203140258789, -0.010072629898786545, 0.07874727249145508, 0.03337026387453079, 0.07996276021003723, -0.005258288234472275, -0.013769756071269512, -0.08633585274219513, -0.009176683612167835, -0.007285230793058872, -0.09185592830181122, 0.0013031493872404099, -0.03236384317278862, -0.07312709093093872, -0.03086821734905243, 0.018419193103909492, 0.03624751418828964, -0.02836833894252777, -0.02944815717637539, 0.10139385610818863, -0.06569032371044159, 0.08789179474115372, -0.06510981917381287, 0.021020082756876945, 0.026373937726020813, 0.00678648054599762, -0.05866488069295883, 0.028219236060976982, 0.10016903281211853, -0.04165385663509369, -0.015846265479922295, -0.06388547271490097, -0.03413614630699158, -0.056770749390125275, 0.037804409861564636, 0.0426950640976429, -0.01654902659356594, -0.06202251464128494, 0.039630647748708725]","['0c2bf831fd3003138de7128de0f4e1b9b6b794342005716f40076c5bb34461ca', '0c2bf831fd3003138de7128de0f4e1b9b6b794342005716f40076c5bb34461ca']","['652668ff4e1b2ddac6c003eeb875a3ff271a9b6f51fb8fa5c0efd4da1c65d497', '0c2bf831fd3003138de7128de0f4e1b9b6b794342005716f40076c5bb34461ca', '4881dfad0d9add9324bbe1b4372149ac8e46a2b6c4dbaaca528d2ccdaba05e89', 'b2b045550c587abb04a0e7d4299b5e9d7d97cc879e94e2013e0454e6324b2ea9', '2e1255aa7891cc51ed9af1da588995f425c4e8045a13c98bf4a51f1670a2c885', '23b5c8e65ac387dd6a7d4c49f8fb99b070dfe801d6033902fac012737945cda5', 'a1eefc8a8ae97ca6993e64cfce9bf15f62ca43d332750ea153018dfeb38d1588', '3f99cc26876e65995b373513a1c6ffc763a8cc135f6338635a1a4ae9f8e52526', '335a4cb20e1676da534be975d4074feaba545a6c8578e608a910c50745976cf6', 'c64c84b1b34dd376162b7ea2172f460e1db72633b377180818f1f1334e2a52b8', 'c694fa6091375da4f3032a087b3cc87e040aec5ff08e6fd0e2dee0e4a60bb5c2', '7039976ced6fece951be49559c159931c0c80dc412bbfba32440524140891d90', '9e7efda480ba6afffdd23f28857dcf0adec256d792f23b885277bd684a09296f', 'a0c9a55bceb8236b10b53d6967df420876cd2f5b22eb180d430c18f9e244c5b5', '9690409e9be7d69d5c9a2f43c6a8bdc6af32b94bc3e6e67fdddf241acb5ae099', 'bc4ada41749b5bd22bb2728aa1c25f8a087522240c201c78dd6f4a1c91981354', 'ea5a5da88b7ece60df6e4fd74087928bd9236ca12d3b6abdcf6a336ff90b9c6d', '92b7dde225508470a2174a67a4bf8c8c3055413cb5f424568348e33fc9b5ecc6', '1b915f1265a8ad9cc5b7bac1a1e63afcbf30d98523a5535f2c374528e39be9d2', '0d8f7f3c993823db7e3d7bb50b8f552029532d89de20922a19f829983ca47df5', 'f033bba1c0ee3064b35e2807f8b49b08469484e95b73fc98509b6464a457f4c6', 'd6923f649ab92a4b032fb20e67cddc9f83d07458adf129737bd1622c0053e1f1', '90e898f85a299e702358b1e6fbdcc0d9593ac743f0dd4412668b919c6bcd9415', '9a72fb9377fa32cdaf11f5829a1c5ec31d9607bd37aa8238ca6a3d50ccc381b6', 'f2287f4c8a6acb8af001b8c5b05b831031b20a05e1bd65c51681ca03b0ded05a']",1549902650807
901,58d661ed6a24f0782c94cc9495f34f967e97b5713aba8970eaa27146589c0714,"[-0.011310726404190063, -0.09265215694904327, -0.09276305139064789, 0.15605632960796356, 0.12015120685100555, -0.13785991072654724, 0.024324212223291397, -0.008647477254271507, -0.02068367227911949, 0.03482114523649216, 0.0591299794614315, -0.02467203140258789, -0.010072629898786545, 0.07874727249145508, 0.03337026387453079, 0.07996276021003723, -0.005258288234472275, -0.013769756071269512, -0.08633585274219513, -0.009176683612167835, -0.007285230793058872, -0.09185592830181122, 0.0013031493872404099, -0.03236384317278862, -0.07312709093093872, -0.03086821734905243, 0.018419193103909492, 0.03624751418828964, -0.02836833894252777, -0.02944815717637539, 0.10139385610818863, -0.06569032371044159, 0.08789179474115372, -0.06510981917381287, 0.021020082756876945, 0.026373937726020813, 0.00678648054599762, -0.05866488069295883, 0.028219236060976982, 0.10016903281211853, -0.04165385663509369, -0.015846265479922295, -0.06388547271490097, -0.03413614630699158, -0.056770749390125275, 0.037804409861564636, 0.0426950640976429, -0.01654902659356594, -0.06202251464128494, 0.039630647748708725]","['0c2bf831fd3003138de7128de0f4e1b9b6b794342005716f40076c5bb34461ca', '0c2bf831fd3003138de7128de0f4e1b9b6b794342005716f40076c5bb34461ca']","['652668ff4e1b2ddac6c003eeb875a3ff271a9b6f51fb8fa5c0efd4da1c65d497', '0c2bf831fd3003138de7128de0f4e1b9b6b794342005716f40076c5bb34461ca', '4881dfad0d9add9324bbe1b4372149ac8e46a2b6c4dbaaca528d2ccdaba05e89', 'b2b045550c587abb04a0e7d4299b5e9d7d97cc879e94e2013e0454e6324b2ea9', '2e1255aa7891cc51ed9af1da588995f425c4e8045a13c98bf4a51f1670a2c885', '23b5c8e65ac387dd6a7d4c49f8fb99b070dfe801d6033902fac012737945cda5', 'a1eefc8a8ae97ca6993e64cfce9bf15f62ca43d332750ea153018dfeb38d1588', '3f99cc26876e65995b373513a1c6ffc763a8cc135f6338635a1a4ae9f8e52526', '335a4cb20e1676da534be975d4074feaba545a6c8578e608a910c50745976cf6', 'c64c84b1b34dd376162b7ea2172f460e1db72633b377180818f1f1334e2a52b8', 'c694fa6091375da4f3032a087b3cc87e040aec5ff08e6fd0e2dee0e4a60bb5c2', '7039976ced6fece951be49559c159931c0c80dc412bbfba32440524140891d90', '9e7efda480ba6afffdd23f28857dcf0adec256d792f23b885277bd684a09296f', 'a0c9a55bceb8236b10b53d6967df420876cd2f5b22eb180d430c18f9e244c5b5', '9690409e9be7d69d5c9a2f43c6a8bdc6af32b94bc3e6e67fdddf241acb5ae099', 'bc4ada41749b5bd22bb2728aa1c25f8a087522240c201c78dd6f4a1c91981354', 'ea5a5da88b7ece60df6e4fd74087928bd9236ca12d3b6abdcf6a336ff90b9c6d', '92b7dde225508470a2174a67a4bf8c8c3055413cb5f424568348e33fc9b5ecc6', '1b915f1265a8ad9cc5b7bac1a1e63afcbf30d98523a5535f2c374528e39be9d2', '0d8f7f3c993823db7e3d7bb50b8f552029532d89de20922a19f829983ca47df5', 'f033bba1c0ee3064b35e2807f8b49b08469484e95b73fc98509b6464a457f4c6', 'd6923f649ab92a4b032fb20e67cddc9f83d07458adf129737bd1622c0053e1f1', '90e898f85a299e702358b1e6fbdcc0d9593ac743f0dd4412668b919c6bcd9415', '9a72fb9377fa32cdaf11f5829a1c5ec31d9607bd37aa8238ca6a3d50ccc381b6', 'f2287f4c8a6acb8af001b8c5b05b831031b20a05e1bd65c51681ca03b0ded05a']",1549902650807
902,58d661ed6a24f0782c94cc9495f34f967e97b5713aba8970eaa27146589c0714,"[-0.011310726404190063, -0.09265215694904327, -0.09276305139064789, 0.15605632960796356, 0.12015120685100555, -0.13785991072654724, 0.024324212223291397, -0.008647477254271507, -0.02068367227911949, 0.03482114523649216, 0.0591299794614315, -0.02467203140258789, -0.010072629898786545, 0.07874727249145508, 0.03337026387453079, 0.07996276021003723, -0.005258288234472275, -0.013769756071269512, -0.08633585274219513, -0.009176683612167835, -0.007285230793058872, -0.09185592830181122, 0.0013031493872404099, -0.03236384317278862, -0.07312709093093872, -0.03086821734905243, 0.018419193103909492, 0.03624751418828964, -0.02836833894252777, -0.02944815717637539, 0.10139385610818863, -0.06569032371044159, 0.08789179474115372, -0.06510981917381287, 0.021020082756876945, 0.026373937726020813, 0.00678648054599762, -0.05866488069295883, 0.028219236060976982, 0.10016903281211853, -0.04165385663509369, -0.015846265479922295, -0.06388547271490097, -0.03413614630699158, -0.056770749390125275, 0.037804409861564636, 0.0426950640976429, -0.01654902659356594, -0.06202251464128494, 0.039630647748708725]","['0c2bf831fd3003138de7128de0f4e1b9b6b794342005716f40076c5bb34461ca', '0c2bf831fd3003138de7128de0f4e1b9b6b794342005716f40076c5bb34461ca']","['652668ff4e1b2ddac6c003eeb875a3ff271a9b6f51fb8fa5c0efd4da1c65d497', '0c2bf831fd3003138de7128de0f4e1b9b6b794342005716f40076c5bb34461ca', '4881dfad0d9add9324bbe1b4372149ac8e46a2b6c4dbaaca528d2ccdaba05e89', 'b2b045550c587abb04a0e7d4299b5e9d7d97cc879e94e2013e0454e6324b2ea9', '2e1255aa7891cc51ed9af1da588995f425c4e8045a13c98bf4a51f1670a2c885', '23b5c8e65ac387dd6a7d4c49f8fb99b070dfe801d6033902fac012737945cda5', 'a1eefc8a8ae97ca6993e64cfce9bf15f62ca43d332750ea153018dfeb38d1588', '3f99cc26876e65995b373513a1c6ffc763a8cc135f6338635a1a4ae9f8e52526', '335a4cb20e1676da534be975d4074feaba545a6c8578e608a910c50745976cf6', 'c64c84b1b34dd376162b7ea2172f460e1db72633b377180818f1f1334e2a52b8', 'c694fa6091375da4f3032a087b3cc87e040aec5ff08e6fd0e2dee0e4a60bb5c2', '7039976ced6fece951be49559c159931c0c80dc412bbfba32440524140891d90', '9e7efda480ba6afffdd23f28857dcf0adec256d792f23b885277bd684a09296f', 'a0c9a55bceb8236b10b53d6967df420876cd2f5b22eb180d430c18f9e244c5b5', '9690409e9be7d69d5c9a2f43c6a8bdc6af32b94bc3e6e67fdddf241acb5ae099', 'bc4ada41749b5bd22bb2728aa1c25f8a087522240c201c78dd6f4a1c91981354', 'ea5a5da88b7ece60df6e4fd74087928bd9236ca12d3b6abdcf6a336ff90b9c6d', '92b7dde225508470a2174a67a4bf8c8c3055413cb5f424568348e33fc9b5ecc6', '1b915f1265a8ad9cc5b7bac1a1e63afcbf30d98523a5535f2c374528e39be9d2', '0d8f7f3c993823db7e3d7bb50b8f552029532d89de20922a19f829983ca47df5', 'f033bba1c0ee3064b35e2807f8b49b08469484e95b73fc98509b6464a457f4c6', 'd6923f649ab92a4b032fb20e67cddc9f83d07458adf129737bd1622c0053e1f1', '90e898f85a299e702358b1e6fbdcc0d9593ac743f0dd4412668b919c6bcd9415', '9a72fb9377fa32cdaf11f5829a1c5ec31d9607bd37aa8238ca6a3d50ccc381b6', 'f2287f4c8a6acb8af001b8c5b05b831031b20a05e1bd65c51681ca03b0ded05a']",1549902650807
903,58d661ed6a24f0782c94cc9495f34f967e97b5713aba8970eaa27146589c0714,"[0.019385404884815216, -0.34481287002563477, 0.12247079610824585, 0.06565031409263611, -0.0538659505546093, -0.039638034999370575, -0.01594471000134945, 0.005586382932960987, -0.0005363486707210541, 0.03229798376560211, -0.008661186322569847, -0.021270237863063812, 0.000877732876688242, 0.031595513224601746, -0.02518117055296898, -0.03348912298679352, 0.006509322673082352, -0.05141037330031395, 0.06635814905166626, 0.11427732557058334, -0.04814210906624794, 0.029091212898492813, 0.01963321678340435, -0.010525844059884548, 0.0959576666355133, 0.003916786052286625, 0.004780409391969442, 0.06126103550195694, 0.06890185177326202, 0.007985081523656845, 0.03977401554584503, 0.03293906897306442, -0.012994902208447456, 0.04728816822171211, 0.005520803853869438, -0.024702483788132668, 0.027467751875519753, -0.037920814007520676, 0.014724543318152428, -0.05472781881690025, -0.04118897020816803, -0.10818152129650116, 0.10910837352275848, -0.09256511181592941, -0.06431980431079865, 0.004222790244966745, -0.005940690636634827, -0.07069285959005356, 0.0012257951311767101, -0.08522502332925797]",,,1549902677039
904,58d661ed6a24f0782c94cc9495f34f967e97b5713aba8970eaa27146589c0714,"[0.019385404884815216, -0.34481287002563477, 0.12247079610824585, 0.06565031409263611, -0.0538659505546093, -0.039638034999370575, -0.01594471000134945, 0.005586382932960987, -0.0005363486707210541, 0.03229798376560211, -0.008661186322569847, -0.021270237863063812, 0.000877732876688242, 0.031595513224601746, -0.02518117055296898, -0.03348912298679352, 0.006509322673082352, -0.05141037330031395, 0.06635814905166626, 0.11427732557058334, -0.04814210906624794, 0.029091212898492813, 0.01963321678340435, -0.010525844059884548, 0.0959576666355133, 0.003916786052286625, 0.004780409391969442, 0.06126103550195694, 0.06890185177326202, 0.007985081523656845, 0.03977401554584503, 0.03293906897306442, -0.012994902208447456, 0.04728816822171211, 0.005520803853869438, -0.024702483788132668, 0.027467751875519753, -0.037920814007520676, 0.014724543318152428, -0.05472781881690025, -0.04118897020816803, -0.10818152129650116, 0.10910837352275848, -0.09256511181592941, -0.06431980431079865, 0.004222790244966745, -0.005940690636634827, -0.07069285959005356, 0.0012257951311767101, -0.08522502332925797]",,,1549902677039
905,58d661ed6a24f0782c94cc9495f34f967e97b5713aba8970eaa27146589c0714,"[0.019385404884815216, -0.34481287002563477, 0.12247079610824585, 0.06565031409263611, -0.0538659505546093, -0.039638034999370575, -0.01594471000134945, 0.005586382932960987, -0.0005363486707210541, 0.03229798376560211, -0.008661186322569847, -0.021270237863063812, 0.000877732876688242, 0.031595513224601746, -0.02518117055296898, -0.03348912298679352, 0.006509322673082352, -0.05141037330031395, 0.06635814905166626, 0.11427732557058334, -0.04814210906624794, 0.029091212898492813, 0.01963321678340435, -0.010525844059884548, 0.0959576666355133, 0.003916786052286625, 0.004780409391969442, 0.06126103550195694, 0.06890185177326202, 0.007985081523656845, 0.03977401554584503, 0.03293906897306442, -0.012994902208447456, 0.04728816822171211, 0.005520803853869438, -0.024702483788132668, 0.027467751875519753, -0.037920814007520676, 0.014724543318152428, -0.05472781881690025, -0.04118897020816803, -0.10818152129650116, 0.10910837352275848, -0.09256511181592941, -0.06431980431079865, 0.004222790244966745, -0.005940690636634827, -0.07069285959005356, 0.0012257951311767101, -0.08522502332925797]",,,1549902677039
906,58d661ed6a24f0782c94cc9495f34f967e97b5713aba8970eaa27146589c0714,"[0.019385404884815216, -0.34481287002563477, 0.12247079610824585, 0.06565031409263611, -0.0538659505546093, -0.039638034999370575, -0.01594471000134945, 0.005586382932960987, -0.0005363486707210541, 0.03229798376560211, -0.008661186322569847, -0.021270237863063812, 0.000877732876688242, 0.031595513224601746, -0.02518117055296898, -0.03348912298679352, 0.006509322673082352, -0.05141037330031395, 0.06635814905166626, 0.11427732557058334, -0.04814210906624794, 0.029091212898492813, 0.01963321678340435, -0.010525844059884548, 0.0959576666355133, 0.003916786052286625, 0.004780409391969442, 0.06126103550195694, 0.06890185177326202, 0.007985081523656845, 0.03977401554584503, 0.03293906897306442, -0.012994902208447456, 0.04728816822171211, 0.005520803853869438, -0.024702483788132668, 0.027467751875519753, -0.037920814007520676, 0.014724543318152428, -0.05472781881690025, -0.04118897020816803, -0.10818152129650116, 0.10910837352275848, -0.09256511181592941, -0.06431980431079865, 0.004222790244966745, -0.005940690636634827, -0.07069285959005356, 0.0012257951311767101, -0.08522502332925797]",,,1549902677039
907,58d661ed6a24f0782c94cc9495f34f967e97b5713aba8970eaa27146589c0714,"[0.019385404884815216, -0.34481287002563477, 0.12247079610824585, 0.06565031409263611, -0.0538659505546093, -0.039638034999370575, -0.01594471000134945, 0.005586382932960987, -0.0005363486707210541, 0.03229798376560211, -0.008661186322569847, -0.021270237863063812, 0.000877732876688242, 0.031595513224601746, -0.02518117055296898, -0.03348912298679352, 0.006509322673082352, -0.05141037330031395, 0.06635814905166626, 0.11427732557058334, -0.04814210906624794, 0.029091212898492813, 0.01963321678340435, -0.010525844059884548, 0.0959576666355133, 0.003916786052286625, 0.004780409391969442, 0.06126103550195694, 0.06890185177326202, 0.007985081523656845, 0.03977401554584503, 0.03293906897306442, -0.012994902208447456, 0.04728816822171211, 0.005520803853869438, -0.024702483788132668, 0.027467751875519753, -0.037920814007520676, 0.014724543318152428, -0.05472781881690025, -0.04118897020816803, -0.10818152129650116, 0.10910837352275848, -0.09256511181592941, -0.06431980431079865, 0.004222790244966745, -0.005940690636634827, -0.07069285959005356, 0.0012257951311767101, -0.08522502332925797]",,,1549902677039
908,58d661ed6a24f0782c94cc9495f34f967e97b5713aba8970eaa27146589c0714,"[0.019385404884815216, -0.34481287002563477, 0.12247079610824585, 0.06565031409263611, -0.0538659505546093, -0.039638034999370575, -0.01594471000134945, 0.005586382932960987, -0.0005363486707210541, 0.03229798376560211, -0.008661186322569847, -0.021270237863063812, 0.000877732876688242, 0.031595513224601746, -0.02518117055296898, -0.03348912298679352, 0.006509322673082352, -0.05141037330031395, 0.06635814905166626, 0.11427732557058334, -0.04814210906624794, 0.029091212898492813, 0.01963321678340435, -0.010525844059884548, 0.0959576666355133, 0.003916786052286625, 0.004780409391969442, 0.06126103550195694, 0.06890185177326202, 0.007985081523656845, 0.03977401554584503, 0.03293906897306442, -0.012994902208447456, 0.04728816822171211, 0.005520803853869438, -0.024702483788132668, 0.027467751875519753, -0.037920814007520676, 0.014724543318152428, -0.05472781881690025, -0.04118897020816803, -0.10818152129650116, 0.10910837352275848, -0.09256511181592941, -0.06431980431079865, 0.004222790244966745, -0.005940690636634827, -0.07069285959005356, 0.0012257951311767101, -0.08522502332925797]",,,1549902677039
909,58d661ed6a24f0782c94cc9495f34f967e97b5713aba8970eaa27146589c0714,"[0.019385404884815216, -0.34481287002563477, 0.12247079610824585, 0.06565031409263611, -0.0538659505546093, -0.039638034999370575, -0.01594471000134945, 0.005586382932960987, -0.0005363486707210541, 0.03229798376560211, -0.008661186322569847, -0.021270237863063812, 0.000877732876688242, 0.031595513224601746, -0.02518117055296898, -0.03348912298679352, 0.006509322673082352, -0.05141037330031395, 0.06635814905166626, 0.11427732557058334, -0.04814210906624794, 0.029091212898492813, 0.01963321678340435, -0.010525844059884548, 0.0959576666355133, 0.003916786052286625, 0.004780409391969442, 0.06126103550195694, 0.06890185177326202, 0.007985081523656845, 0.03977401554584503, 0.03293906897306442, -0.012994902208447456, 0.04728816822171211, 0.005520803853869438, -0.024702483788132668, 0.027467751875519753, -0.037920814007520676, 0.014724543318152428, -0.05472781881690025, -0.04118897020816803, -0.10818152129650116, 0.10910837352275848, -0.09256511181592941, -0.06431980431079865, 0.004222790244966745, -0.005940690636634827, -0.07069285959005356, 0.0012257951311767101, -0.08522502332925797]",,,1549902677039
910,58d661ed6a24f0782c94cc9495f34f967e97b5713aba8970eaa27146589c0714,"[0.019385404884815216, -0.34481287002563477, 0.12247079610824585, 0.06565031409263611, -0.0538659505546093, -0.039638034999370575, -0.01594471000134945, 0.005586382932960987, -0.0005363486707210541, 0.03229798376560211, -0.008661186322569847, -0.021270237863063812, 0.000877732876688242, 0.031595513224601746, -0.02518117055296898, -0.03348912298679352, 0.006509322673082352, -0.05141037330031395, 0.06635814905166626, 0.11427732557058334, -0.04814210906624794, 0.029091212898492813, 0.01963321678340435, -0.010525844059884548, 0.0959576666355133, 0.003916786052286625, 0.004780409391969442, 0.06126103550195694, 0.06890185177326202, 0.007985081523656845, 0.03977401554584503, 0.03293906897306442, -0.012994902208447456, 0.04728816822171211, 0.005520803853869438, -0.024702483788132668, 0.027467751875519753, -0.037920814007520676, 0.014724543318152428, -0.05472781881690025, -0.04118897020816803, -0.10818152129650116, 0.10910837352275848, -0.09256511181592941, -0.06431980431079865, 0.004222790244966745, -0.005940690636634827, -0.07069285959005356, 0.0012257951311767101, -0.08522502332925797]",,,1549902677039
911,58d661ed6a24f0782c94cc9495f34f967e97b5713aba8970eaa27146589c0714,"[0.019385404884815216, -0.34481287002563477, 0.12247079610824585, 0.06565031409263611, -0.0538659505546093, -0.039638034999370575, -0.01594471000134945, 0.005586382932960987, -0.0005363486707210541, 0.03229798376560211, -0.008661186322569847, -0.021270237863063812, 0.000877732876688242, 0.031595513224601746, -0.02518117055296898, -0.03348912298679352, 0.006509322673082352, -0.05141037330031395, 0.06635814905166626, 0.11427732557058334, -0.04814210906624794, 0.029091212898492813, 0.01963321678340435, -0.010525844059884548, 0.0959576666355133, 0.003916786052286625, 0.004780409391969442, 0.06126103550195694, 0.06890185177326202, 0.007985081523656845, 0.03977401554584503, 0.03293906897306442, -0.012994902208447456, 0.04728816822171211, 0.005520803853869438, -0.024702483788132668, 0.027467751875519753, -0.037920814007520676, 0.014724543318152428, -0.05472781881690025, -0.04118897020816803, -0.10818152129650116, 0.10910837352275848, -0.09256511181592941, -0.06431980431079865, 0.004222790244966745, -0.005940690636634827, -0.07069285959005356, 0.0012257951311767101, -0.08522502332925797]",,,1549902677039
912,58d661ed6a24f0782c94cc9495f34f967e97b5713aba8970eaa27146589c0714,"[0.019385404884815216, -0.34481287002563477, 0.12247079610824585, 0.06565031409263611, -0.0538659505546093, -0.039638034999370575, -0.01594471000134945, 0.005586382932960987, -0.0005363486707210541, 0.03229798376560211, -0.008661186322569847, -0.021270237863063812, 0.000877732876688242, 0.031595513224601746, -0.02518117055296898, -0.03348912298679352, 0.006509322673082352, -0.05141037330031395, 0.06635814905166626, 0.11427732557058334, -0.04814210906624794, 0.029091212898492813, 0.01963321678340435, -0.010525844059884548, 0.0959576666355133, 0.003916786052286625, 0.004780409391969442, 0.06126103550195694, 0.06890185177326202, 0.007985081523656845, 0.03977401554584503, 0.03293906897306442, -0.012994902208447456, 0.04728816822171211, 0.005520803853869438, -0.024702483788132668, 0.027467751875519753, -0.037920814007520676, 0.014724543318152428, -0.05472781881690025, -0.04118897020816803, -0.10818152129650116, 0.10910837352275848, -0.09256511181592941, -0.06431980431079865, 0.004222790244966745, -0.005940690636634827, -0.07069285959005356, 0.0012257951311767101, -0.08522502332925797]",,,1549902677039
913,58d661ed6a24f0782c94cc9495f34f967e97b5713aba8970eaa27146589c0714,"[0.019385404884815216, -0.34481287002563477, 0.12247079610824585, 0.06565031409263611, -0.0538659505546093, -0.039638034999370575, -0.01594471000134945, 0.005586382932960987, -0.0005363486707210541, 0.03229798376560211, -0.008661186322569847, -0.021270237863063812, 0.000877732876688242, 0.031595513224601746, -0.02518117055296898, -0.03348912298679352, 0.006509322673082352, -0.05141037330031395, 0.06635814905166626, 0.11427732557058334, -0.04814210906624794, 0.029091212898492813, 0.01963321678340435, -0.010525844059884548, 0.0959576666355133, 0.003916786052286625, 0.004780409391969442, 0.06126103550195694, 0.06890185177326202, 0.007985081523656845, 0.03977401554584503, 0.03293906897306442, -0.012994902208447456, 0.04728816822171211, 0.005520803853869438, -0.024702483788132668, 0.027467751875519753, -0.037920814007520676, 0.014724543318152428, -0.05472781881690025, -0.04118897020816803, -0.10818152129650116, 0.10910837352275848, -0.09256511181592941, -0.06431980431079865, 0.004222790244966745, -0.005940690636634827, -0.07069285959005356, 0.0012257951311767101, -0.08522502332925797]",,,1549902677039
914,58d661ed6a24f0782c94cc9495f34f967e97b5713aba8970eaa27146589c0714,"[-0.051353540271520615, -0.24777817726135254, 0.16429875791072845, 0.040233414620161057, -0.105549156665802, -0.06710617244243622, 0.1391593962907791, 0.020712513476610184, 0.08272451162338257, 0.1369810849428177, 0.04636780172586441, -0.06278625875711441, -0.05648995563387871, -0.06307543814182281, -0.0321488231420517, -0.05054678022861481, -0.008924040012061596, 0.015290776267647743, 0.062169287353754044, -0.022496594116091728, -0.1061270534992218, -0.02961995080113411, 0.12434718757867813, 0.06278955936431885, 0.00498286634683609, 0.018484394997358322, -0.05545969307422638, -0.035086046904325485, -0.009291463531553745, -0.009484637528657913, -0.02870691381394863, 0.05002696439623833, -0.06357596069574356, 0.04652049392461777, 0.015290518291294575, 0.09190911799669266, 0.04087749868631363, -0.05964620038866997, 0.03349180892109871, 0.03442012146115303, 0.0031948075629770756, -0.04321066662669182, 0.04178197681903839, 0.07721886783838272, 0.019732745364308357, 0.030860241502523422, 0.03966517001390457, -0.021308235824108124, -0.03947622328996658, 0.06742236763238907]",['92904e0eaf3712c6446f7b5f0b1125b9932177c94d96f12619ae67524ae17174'],"['6ca3c8f69c7e6ad24de303294daf21df7655ef4cdd9db45b7410366658fe2f7b', 'b0b5eeb701fe09cc823cd4cc6b4f1b438d1d8f0522fee347616474ac6bd83d32', 'ec17d4a2f47b7aec2f4b2422d5fd9503ac5708b934d39227a7b775e4b89c0d5d', '96c8ee0fe354c96dfca61f60b85d2aca612efc43bbef600c0c2d20f3c525c8ba', 'bd4e383dc6dc0ae55fff725a7b009a71bd6b5653ac11283cd5e3d0798be00cd7', 'c0c1764bb5cd1d691c6f9869c4551382e27407b66232d1a14ea8940404ed8960', 'c8a1df2802750200d6c482379e47b5f0edce3a618addc01135f6a1560ea943e9', 'a98fa8e2ddb88b9942faab267709b4978236921180d00020ca5a253662ff29b0', 'b0ea953f6ca22965c7c05713a4f4a3a25046527c58a81dfc8a9ed47765970d0c', '7e88fb3f6eec9cfd458493403cb712b242ea07263d42eb207aa15e18216d0cda', '83abb859c5c0dd15ea8975e6063464ad837778738860bfc19b0c3dc10c47a829', 'e6fe4aa42df5c0057f094fdf1d822cb04a9955e2849279348e4e54f284ab85bd', 'fda7a678311a75a9ec2baa421073f57b91d56258de17112eaf64fb432ed16a40', 'f37cc88a4e915282dbe0b817e6fdb7dd2235284cb9712f4855996445a3f5a4a2', 'e958f43b92e8d8ef6a7dffb0d85f47fe6843e54a36fdd3b30677318c97069aec', '796a8d3d0f7a851c9ad505bafebc7c21e5ca5dc947fd0192c93bb1f34b73bc32', '179241877e3c4beb9ce6fbb5994094eb4cc5b8eaf2a8e77874eceb11a38fea8f', 'f7beb975b7185ebe1a6345854896102911ba93fa7ec05e7ff1e9af1bf62a2c56', 'e1c9a1ebe19294f2c0dd226c819a5e3532563e226435ab54afd4c9bc91905f88', '92904e0eaf3712c6446f7b5f0b1125b9932177c94d96f12619ae67524ae17174', 'cd11add86734a645cc46dae8b6bf3886e60ff77e32a01d62b9b9b5c1d53d4f55', 'bc90d2326dc48594c5c6903bda2a44580d65849cbcb27df26de18d986528b4a8', '1a20454bb43c207a15776c3b1510ed8664cd1376beff19ec4f4c487974367d76', '1caea98e442ee03e29ec0310bc0b136ba718200d26c8184497f7a0c0e5019f2a', '2b2cf6c848046e9863434ffc460a73860c0b82625d2975aefa6d6b213fbee443']",1549902705975
915,58d661ed6a24f0782c94cc9495f34f967e97b5713aba8970eaa27146589c0714,"[-0.051353540271520615, -0.24777817726135254, 0.16429875791072845, 0.040233414620161057, -0.105549156665802, -0.06710617244243622, 0.1391593962907791, 0.020712513476610184, 0.08272451162338257, 0.1369810849428177, 0.04636780172586441, -0.06278625875711441, -0.05648995563387871, -0.06307543814182281, -0.0321488231420517, -0.05054678022861481, -0.008924040012061596, 0.015290776267647743, 0.062169287353754044, -0.022496594116091728, -0.1061270534992218, -0.02961995080113411, 0.12434718757867813, 0.06278955936431885, 0.00498286634683609, 0.018484394997358322, -0.05545969307422638, -0.035086046904325485, -0.009291463531553745, -0.009484637528657913, -0.02870691381394863, 0.05002696439623833, -0.06357596069574356, 0.04652049392461777, 0.015290518291294575, 0.09190911799669266, 0.04087749868631363, -0.05964620038866997, 0.03349180892109871, 0.03442012146115303, 0.0031948075629770756, -0.04321066662669182, 0.04178197681903839, 0.07721886783838272, 0.019732745364308357, 0.030860241502523422, 0.03966517001390457, -0.021308235824108124, -0.03947622328996658, 0.06742236763238907]",['92904e0eaf3712c6446f7b5f0b1125b9932177c94d96f12619ae67524ae17174'],"['6ca3c8f69c7e6ad24de303294daf21df7655ef4cdd9db45b7410366658fe2f7b', 'b0b5eeb701fe09cc823cd4cc6b4f1b438d1d8f0522fee347616474ac6bd83d32', 'ec17d4a2f47b7aec2f4b2422d5fd9503ac5708b934d39227a7b775e4b89c0d5d', '96c8ee0fe354c96dfca61f60b85d2aca612efc43bbef600c0c2d20f3c525c8ba', 'bd4e383dc6dc0ae55fff725a7b009a71bd6b5653ac11283cd5e3d0798be00cd7', 'c0c1764bb5cd1d691c6f9869c4551382e27407b66232d1a14ea8940404ed8960', 'c8a1df2802750200d6c482379e47b5f0edce3a618addc01135f6a1560ea943e9', 'a98fa8e2ddb88b9942faab267709b4978236921180d00020ca5a253662ff29b0', 'b0ea953f6ca22965c7c05713a4f4a3a25046527c58a81dfc8a9ed47765970d0c', '7e88fb3f6eec9cfd458493403cb712b242ea07263d42eb207aa15e18216d0cda', '83abb859c5c0dd15ea8975e6063464ad837778738860bfc19b0c3dc10c47a829', 'e6fe4aa42df5c0057f094fdf1d822cb04a9955e2849279348e4e54f284ab85bd', 'fda7a678311a75a9ec2baa421073f57b91d56258de17112eaf64fb432ed16a40', 'f37cc88a4e915282dbe0b817e6fdb7dd2235284cb9712f4855996445a3f5a4a2', 'e958f43b92e8d8ef6a7dffb0d85f47fe6843e54a36fdd3b30677318c97069aec', '796a8d3d0f7a851c9ad505bafebc7c21e5ca5dc947fd0192c93bb1f34b73bc32', '179241877e3c4beb9ce6fbb5994094eb4cc5b8eaf2a8e77874eceb11a38fea8f', 'f7beb975b7185ebe1a6345854896102911ba93fa7ec05e7ff1e9af1bf62a2c56', 'e1c9a1ebe19294f2c0dd226c819a5e3532563e226435ab54afd4c9bc91905f88', '92904e0eaf3712c6446f7b5f0b1125b9932177c94d96f12619ae67524ae17174', 'cd11add86734a645cc46dae8b6bf3886e60ff77e32a01d62b9b9b5c1d53d4f55', 'bc90d2326dc48594c5c6903bda2a44580d65849cbcb27df26de18d986528b4a8', '1a20454bb43c207a15776c3b1510ed8664cd1376beff19ec4f4c487974367d76', '1caea98e442ee03e29ec0310bc0b136ba718200d26c8184497f7a0c0e5019f2a', '2b2cf6c848046e9863434ffc460a73860c0b82625d2975aefa6d6b213fbee443']",1549902705975
916,58d661ed6a24f0782c94cc9495f34f967e97b5713aba8970eaa27146589c0714,"[-0.051353540271520615, -0.24777817726135254, 0.16429875791072845, 0.040233414620161057, -0.105549156665802, -0.06710617244243622, 0.1391593962907791, 0.020712513476610184, 0.08272451162338257, 0.1369810849428177, 0.04636780172586441, -0.06278625875711441, -0.05648995563387871, -0.06307543814182281, -0.0321488231420517, -0.05054678022861481, -0.008924040012061596, 0.015290776267647743, 0.062169287353754044, -0.022496594116091728, -0.1061270534992218, -0.02961995080113411, 0.12434718757867813, 0.06278955936431885, 0.00498286634683609, 0.018484394997358322, -0.05545969307422638, -0.035086046904325485, -0.009291463531553745, -0.009484637528657913, -0.02870691381394863, 0.05002696439623833, -0.06357596069574356, 0.04652049392461777, 0.015290518291294575, 0.09190911799669266, 0.04087749868631363, -0.05964620038866997, 0.03349180892109871, 0.03442012146115303, 0.0031948075629770756, -0.04321066662669182, 0.04178197681903839, 0.07721886783838272, 0.019732745364308357, 0.030860241502523422, 0.03966517001390457, -0.021308235824108124, -0.03947622328996658, 0.06742236763238907]",['92904e0eaf3712c6446f7b5f0b1125b9932177c94d96f12619ae67524ae17174'],"['6ca3c8f69c7e6ad24de303294daf21df7655ef4cdd9db45b7410366658fe2f7b', 'b0b5eeb701fe09cc823cd4cc6b4f1b438d1d8f0522fee347616474ac6bd83d32', 'ec17d4a2f47b7aec2f4b2422d5fd9503ac5708b934d39227a7b775e4b89c0d5d', '96c8ee0fe354c96dfca61f60b85d2aca612efc43bbef600c0c2d20f3c525c8ba', 'bd4e383dc6dc0ae55fff725a7b009a71bd6b5653ac11283cd5e3d0798be00cd7', 'c0c1764bb5cd1d691c6f9869c4551382e27407b66232d1a14ea8940404ed8960', 'c8a1df2802750200d6c482379e47b5f0edce3a618addc01135f6a1560ea943e9', 'a98fa8e2ddb88b9942faab267709b4978236921180d00020ca5a253662ff29b0', 'b0ea953f6ca22965c7c05713a4f4a3a25046527c58a81dfc8a9ed47765970d0c', '7e88fb3f6eec9cfd458493403cb712b242ea07263d42eb207aa15e18216d0cda', '83abb859c5c0dd15ea8975e6063464ad837778738860bfc19b0c3dc10c47a829', 'e6fe4aa42df5c0057f094fdf1d822cb04a9955e2849279348e4e54f284ab85bd', 'fda7a678311a75a9ec2baa421073f57b91d56258de17112eaf64fb432ed16a40', 'f37cc88a4e915282dbe0b817e6fdb7dd2235284cb9712f4855996445a3f5a4a2', 'e958f43b92e8d8ef6a7dffb0d85f47fe6843e54a36fdd3b30677318c97069aec', '796a8d3d0f7a851c9ad505bafebc7c21e5ca5dc947fd0192c93bb1f34b73bc32', '179241877e3c4beb9ce6fbb5994094eb4cc5b8eaf2a8e77874eceb11a38fea8f', 'f7beb975b7185ebe1a6345854896102911ba93fa7ec05e7ff1e9af1bf62a2c56', 'e1c9a1ebe19294f2c0dd226c819a5e3532563e226435ab54afd4c9bc91905f88', '92904e0eaf3712c6446f7b5f0b1125b9932177c94d96f12619ae67524ae17174', 'cd11add86734a645cc46dae8b6bf3886e60ff77e32a01d62b9b9b5c1d53d4f55', 'bc90d2326dc48594c5c6903bda2a44580d65849cbcb27df26de18d986528b4a8', '1a20454bb43c207a15776c3b1510ed8664cd1376beff19ec4f4c487974367d76', '1caea98e442ee03e29ec0310bc0b136ba718200d26c8184497f7a0c0e5019f2a', '2b2cf6c848046e9863434ffc460a73860c0b82625d2975aefa6d6b213fbee443']",1549902705975
917,58d661ed6a24f0782c94cc9495f34f967e97b5713aba8970eaa27146589c0714,"[-0.051353540271520615, -0.24777817726135254, 0.16429875791072845, 0.040233414620161057, -0.105549156665802, -0.06710617244243622, 0.1391593962907791, 0.020712513476610184, 0.08272451162338257, 0.1369810849428177, 0.04636780172586441, -0.06278625875711441, -0.05648995563387871, -0.06307543814182281, -0.0321488231420517, -0.05054678022861481, -0.008924040012061596, 0.015290776267647743, 0.062169287353754044, -0.022496594116091728, -0.1061270534992218, -0.02961995080113411, 0.12434718757867813, 0.06278955936431885, 0.00498286634683609, 0.018484394997358322, -0.05545969307422638, -0.035086046904325485, -0.009291463531553745, -0.009484637528657913, -0.02870691381394863, 0.05002696439623833, -0.06357596069574356, 0.04652049392461777, 0.015290518291294575, 0.09190911799669266, 0.04087749868631363, -0.05964620038866997, 0.03349180892109871, 0.03442012146115303, 0.0031948075629770756, -0.04321066662669182, 0.04178197681903839, 0.07721886783838272, 0.019732745364308357, 0.030860241502523422, 0.03966517001390457, -0.021308235824108124, -0.03947622328996658, 0.06742236763238907]",['92904e0eaf3712c6446f7b5f0b1125b9932177c94d96f12619ae67524ae17174'],"['6ca3c8f69c7e6ad24de303294daf21df7655ef4cdd9db45b7410366658fe2f7b', 'b0b5eeb701fe09cc823cd4cc6b4f1b438d1d8f0522fee347616474ac6bd83d32', 'ec17d4a2f47b7aec2f4b2422d5fd9503ac5708b934d39227a7b775e4b89c0d5d', '96c8ee0fe354c96dfca61f60b85d2aca612efc43bbef600c0c2d20f3c525c8ba', 'bd4e383dc6dc0ae55fff725a7b009a71bd6b5653ac11283cd5e3d0798be00cd7', 'c0c1764bb5cd1d691c6f9869c4551382e27407b66232d1a14ea8940404ed8960', 'c8a1df2802750200d6c482379e47b5f0edce3a618addc01135f6a1560ea943e9', 'a98fa8e2ddb88b9942faab267709b4978236921180d00020ca5a253662ff29b0', 'b0ea953f6ca22965c7c05713a4f4a3a25046527c58a81dfc8a9ed47765970d0c', '7e88fb3f6eec9cfd458493403cb712b242ea07263d42eb207aa15e18216d0cda', '83abb859c5c0dd15ea8975e6063464ad837778738860bfc19b0c3dc10c47a829', 'e6fe4aa42df5c0057f094fdf1d822cb04a9955e2849279348e4e54f284ab85bd', 'fda7a678311a75a9ec2baa421073f57b91d56258de17112eaf64fb432ed16a40', 'f37cc88a4e915282dbe0b817e6fdb7dd2235284cb9712f4855996445a3f5a4a2', 'e958f43b92e8d8ef6a7dffb0d85f47fe6843e54a36fdd3b30677318c97069aec', '796a8d3d0f7a851c9ad505bafebc7c21e5ca5dc947fd0192c93bb1f34b73bc32', '179241877e3c4beb9ce6fbb5994094eb4cc5b8eaf2a8e77874eceb11a38fea8f', 'f7beb975b7185ebe1a6345854896102911ba93fa7ec05e7ff1e9af1bf62a2c56', 'e1c9a1ebe19294f2c0dd226c819a5e3532563e226435ab54afd4c9bc91905f88', '92904e0eaf3712c6446f7b5f0b1125b9932177c94d96f12619ae67524ae17174', 'cd11add86734a645cc46dae8b6bf3886e60ff77e32a01d62b9b9b5c1d53d4f55', 'bc90d2326dc48594c5c6903bda2a44580d65849cbcb27df26de18d986528b4a8', '1a20454bb43c207a15776c3b1510ed8664cd1376beff19ec4f4c487974367d76', '1caea98e442ee03e29ec0310bc0b136ba718200d26c8184497f7a0c0e5019f2a', '2b2cf6c848046e9863434ffc460a73860c0b82625d2975aefa6d6b213fbee443']",1549902705975
918,58d661ed6a24f0782c94cc9495f34f967e97b5713aba8970eaa27146589c0714,"[-0.051353540271520615, -0.24777817726135254, 0.16429875791072845, 0.040233414620161057, -0.105549156665802, -0.06710617244243622, 0.1391593962907791, 0.020712513476610184, 0.08272451162338257, 0.1369810849428177, 0.04636780172586441, -0.06278625875711441, -0.05648995563387871, -0.06307543814182281, -0.0321488231420517, -0.05054678022861481, -0.008924040012061596, 0.015290776267647743, 0.062169287353754044, -0.022496594116091728, -0.1061270534992218, -0.02961995080113411, 0.12434718757867813, 0.06278955936431885, 0.00498286634683609, 0.018484394997358322, -0.05545969307422638, -0.035086046904325485, -0.009291463531553745, -0.009484637528657913, -0.02870691381394863, 0.05002696439623833, -0.06357596069574356, 0.04652049392461777, 0.015290518291294575, 0.09190911799669266, 0.04087749868631363, -0.05964620038866997, 0.03349180892109871, 0.03442012146115303, 0.0031948075629770756, -0.04321066662669182, 0.04178197681903839, 0.07721886783838272, 0.019732745364308357, 0.030860241502523422, 0.03966517001390457, -0.021308235824108124, -0.03947622328996658, 0.06742236763238907]",['92904e0eaf3712c6446f7b5f0b1125b9932177c94d96f12619ae67524ae17174'],"['6ca3c8f69c7e6ad24de303294daf21df7655ef4cdd9db45b7410366658fe2f7b', 'b0b5eeb701fe09cc823cd4cc6b4f1b438d1d8f0522fee347616474ac6bd83d32', 'ec17d4a2f47b7aec2f4b2422d5fd9503ac5708b934d39227a7b775e4b89c0d5d', '96c8ee0fe354c96dfca61f60b85d2aca612efc43bbef600c0c2d20f3c525c8ba', 'bd4e383dc6dc0ae55fff725a7b009a71bd6b5653ac11283cd5e3d0798be00cd7', 'c0c1764bb5cd1d691c6f9869c4551382e27407b66232d1a14ea8940404ed8960', 'c8a1df2802750200d6c482379e47b5f0edce3a618addc01135f6a1560ea943e9', 'a98fa8e2ddb88b9942faab267709b4978236921180d00020ca5a253662ff29b0', 'b0ea953f6ca22965c7c05713a4f4a3a25046527c58a81dfc8a9ed47765970d0c', '7e88fb3f6eec9cfd458493403cb712b242ea07263d42eb207aa15e18216d0cda', '83abb859c5c0dd15ea8975e6063464ad837778738860bfc19b0c3dc10c47a829', 'e6fe4aa42df5c0057f094fdf1d822cb04a9955e2849279348e4e54f284ab85bd', 'fda7a678311a75a9ec2baa421073f57b91d56258de17112eaf64fb432ed16a40', 'f37cc88a4e915282dbe0b817e6fdb7dd2235284cb9712f4855996445a3f5a4a2', 'e958f43b92e8d8ef6a7dffb0d85f47fe6843e54a36fdd3b30677318c97069aec', '796a8d3d0f7a851c9ad505bafebc7c21e5ca5dc947fd0192c93bb1f34b73bc32', '179241877e3c4beb9ce6fbb5994094eb4cc5b8eaf2a8e77874eceb11a38fea8f', 'f7beb975b7185ebe1a6345854896102911ba93fa7ec05e7ff1e9af1bf62a2c56', 'e1c9a1ebe19294f2c0dd226c819a5e3532563e226435ab54afd4c9bc91905f88', '92904e0eaf3712c6446f7b5f0b1125b9932177c94d96f12619ae67524ae17174', 'cd11add86734a645cc46dae8b6bf3886e60ff77e32a01d62b9b9b5c1d53d4f55', 'bc90d2326dc48594c5c6903bda2a44580d65849cbcb27df26de18d986528b4a8', '1a20454bb43c207a15776c3b1510ed8664cd1376beff19ec4f4c487974367d76', '1caea98e442ee03e29ec0310bc0b136ba718200d26c8184497f7a0c0e5019f2a', '2b2cf6c848046e9863434ffc460a73860c0b82625d2975aefa6d6b213fbee443']",1549902705975
919,58d661ed6a24f0782c94cc9495f34f967e97b5713aba8970eaa27146589c0714,"[-0.051353540271520615, -0.24777817726135254, 0.16429875791072845, 0.040233414620161057, -0.105549156665802, -0.06710617244243622, 0.1391593962907791, 0.020712513476610184, 0.08272451162338257, 0.1369810849428177, 0.04636780172586441, -0.06278625875711441, -0.05648995563387871, -0.06307543814182281, -0.0321488231420517, -0.05054678022861481, -0.008924040012061596, 0.015290776267647743, 0.062169287353754044, -0.022496594116091728, -0.1061270534992218, -0.02961995080113411, 0.12434718757867813, 0.06278955936431885, 0.00498286634683609, 0.018484394997358322, -0.05545969307422638, -0.035086046904325485, -0.009291463531553745, -0.009484637528657913, -0.02870691381394863, 0.05002696439623833, -0.06357596069574356, 0.04652049392461777, 0.015290518291294575, 0.09190911799669266, 0.04087749868631363, -0.05964620038866997, 0.03349180892109871, 0.03442012146115303, 0.0031948075629770756, -0.04321066662669182, 0.04178197681903839, 0.07721886783838272, 0.019732745364308357, 0.030860241502523422, 0.03966517001390457, -0.021308235824108124, -0.03947622328996658, 0.06742236763238907]",['92904e0eaf3712c6446f7b5f0b1125b9932177c94d96f12619ae67524ae17174'],"['6ca3c8f69c7e6ad24de303294daf21df7655ef4cdd9db45b7410366658fe2f7b', 'b0b5eeb701fe09cc823cd4cc6b4f1b438d1d8f0522fee347616474ac6bd83d32', 'ec17d4a2f47b7aec2f4b2422d5fd9503ac5708b934d39227a7b775e4b89c0d5d', '96c8ee0fe354c96dfca61f60b85d2aca612efc43bbef600c0c2d20f3c525c8ba', 'bd4e383dc6dc0ae55fff725a7b009a71bd6b5653ac11283cd5e3d0798be00cd7', 'c0c1764bb5cd1d691c6f9869c4551382e27407b66232d1a14ea8940404ed8960', 'c8a1df2802750200d6c482379e47b5f0edce3a618addc01135f6a1560ea943e9', 'a98fa8e2ddb88b9942faab267709b4978236921180d00020ca5a253662ff29b0', 'b0ea953f6ca22965c7c05713a4f4a3a25046527c58a81dfc8a9ed47765970d0c', '7e88fb3f6eec9cfd458493403cb712b242ea07263d42eb207aa15e18216d0cda', '83abb859c5c0dd15ea8975e6063464ad837778738860bfc19b0c3dc10c47a829', 'e6fe4aa42df5c0057f094fdf1d822cb04a9955e2849279348e4e54f284ab85bd', 'fda7a678311a75a9ec2baa421073f57b91d56258de17112eaf64fb432ed16a40', 'f37cc88a4e915282dbe0b817e6fdb7dd2235284cb9712f4855996445a3f5a4a2', 'e958f43b92e8d8ef6a7dffb0d85f47fe6843e54a36fdd3b30677318c97069aec', '796a8d3d0f7a851c9ad505bafebc7c21e5ca5dc947fd0192c93bb1f34b73bc32', '179241877e3c4beb9ce6fbb5994094eb4cc5b8eaf2a8e77874eceb11a38fea8f', 'f7beb975b7185ebe1a6345854896102911ba93fa7ec05e7ff1e9af1bf62a2c56', 'e1c9a1ebe19294f2c0dd226c819a5e3532563e226435ab54afd4c9bc91905f88', '92904e0eaf3712c6446f7b5f0b1125b9932177c94d96f12619ae67524ae17174', 'cd11add86734a645cc46dae8b6bf3886e60ff77e32a01d62b9b9b5c1d53d4f55', 'bc90d2326dc48594c5c6903bda2a44580d65849cbcb27df26de18d986528b4a8', '1a20454bb43c207a15776c3b1510ed8664cd1376beff19ec4f4c487974367d76', '1caea98e442ee03e29ec0310bc0b136ba718200d26c8184497f7a0c0e5019f2a', '2b2cf6c848046e9863434ffc460a73860c0b82625d2975aefa6d6b213fbee443']",1549902705975
920,58d661ed6a24f0782c94cc9495f34f967e97b5713aba8970eaa27146589c0714,"[-0.051353540271520615, -0.24777817726135254, 0.16429875791072845, 0.040233414620161057, -0.105549156665802, -0.06710617244243622, 0.1391593962907791, 0.020712513476610184, 0.08272451162338257, 0.1369810849428177, 0.04636780172586441, -0.06278625875711441, -0.05648995563387871, -0.06307543814182281, -0.0321488231420517, -0.05054678022861481, -0.008924040012061596, 0.015290776267647743, 0.062169287353754044, -0.022496594116091728, -0.1061270534992218, -0.02961995080113411, 0.12434718757867813, 0.06278955936431885, 0.00498286634683609, 0.018484394997358322, -0.05545969307422638, -0.035086046904325485, -0.009291463531553745, -0.009484637528657913, -0.02870691381394863, 0.05002696439623833, -0.06357596069574356, 0.04652049392461777, 0.015290518291294575, 0.09190911799669266, 0.04087749868631363, -0.05964620038866997, 0.03349180892109871, 0.03442012146115303, 0.0031948075629770756, -0.04321066662669182, 0.04178197681903839, 0.07721886783838272, 0.019732745364308357, 0.030860241502523422, 0.03966517001390457, -0.021308235824108124, -0.03947622328996658, 0.06742236763238907]",['92904e0eaf3712c6446f7b5f0b1125b9932177c94d96f12619ae67524ae17174'],"['6ca3c8f69c7e6ad24de303294daf21df7655ef4cdd9db45b7410366658fe2f7b', 'b0b5eeb701fe09cc823cd4cc6b4f1b438d1d8f0522fee347616474ac6bd83d32', 'ec17d4a2f47b7aec2f4b2422d5fd9503ac5708b934d39227a7b775e4b89c0d5d', '96c8ee0fe354c96dfca61f60b85d2aca612efc43bbef600c0c2d20f3c525c8ba', 'bd4e383dc6dc0ae55fff725a7b009a71bd6b5653ac11283cd5e3d0798be00cd7', 'c0c1764bb5cd1d691c6f9869c4551382e27407b66232d1a14ea8940404ed8960', 'c8a1df2802750200d6c482379e47b5f0edce3a618addc01135f6a1560ea943e9', 'a98fa8e2ddb88b9942faab267709b4978236921180d00020ca5a253662ff29b0', 'b0ea953f6ca22965c7c05713a4f4a3a25046527c58a81dfc8a9ed47765970d0c', '7e88fb3f6eec9cfd458493403cb712b242ea07263d42eb207aa15e18216d0cda', '83abb859c5c0dd15ea8975e6063464ad837778738860bfc19b0c3dc10c47a829', 'e6fe4aa42df5c0057f094fdf1d822cb04a9955e2849279348e4e54f284ab85bd', 'fda7a678311a75a9ec2baa421073f57b91d56258de17112eaf64fb432ed16a40', 'f37cc88a4e915282dbe0b817e6fdb7dd2235284cb9712f4855996445a3f5a4a2', 'e958f43b92e8d8ef6a7dffb0d85f47fe6843e54a36fdd3b30677318c97069aec', '796a8d3d0f7a851c9ad505bafebc7c21e5ca5dc947fd0192c93bb1f34b73bc32', '179241877e3c4beb9ce6fbb5994094eb4cc5b8eaf2a8e77874eceb11a38fea8f', 'f7beb975b7185ebe1a6345854896102911ba93fa7ec05e7ff1e9af1bf62a2c56', 'e1c9a1ebe19294f2c0dd226c819a5e3532563e226435ab54afd4c9bc91905f88', '92904e0eaf3712c6446f7b5f0b1125b9932177c94d96f12619ae67524ae17174', 'cd11add86734a645cc46dae8b6bf3886e60ff77e32a01d62b9b9b5c1d53d4f55', 'bc90d2326dc48594c5c6903bda2a44580d65849cbcb27df26de18d986528b4a8', '1a20454bb43c207a15776c3b1510ed8664cd1376beff19ec4f4c487974367d76', '1caea98e442ee03e29ec0310bc0b136ba718200d26c8184497f7a0c0e5019f2a', '2b2cf6c848046e9863434ffc460a73860c0b82625d2975aefa6d6b213fbee443']",1549902705975
921,58d661ed6a24f0782c94cc9495f34f967e97b5713aba8970eaa27146589c0714,"[-0.051353540271520615, -0.24777817726135254, 0.16429875791072845, 0.040233414620161057, -0.105549156665802, -0.06710617244243622, 0.1391593962907791, 0.020712513476610184, 0.08272451162338257, 0.1369810849428177, 0.04636780172586441, -0.06278625875711441, -0.05648995563387871, -0.06307543814182281, -0.0321488231420517, -0.05054678022861481, -0.008924040012061596, 0.015290776267647743, 0.062169287353754044, -0.022496594116091728, -0.1061270534992218, -0.02961995080113411, 0.12434718757867813, 0.06278955936431885, 0.00498286634683609, 0.018484394997358322, -0.05545969307422638, -0.035086046904325485, -0.009291463531553745, -0.009484637528657913, -0.02870691381394863, 0.05002696439623833, -0.06357596069574356, 0.04652049392461777, 0.015290518291294575, 0.09190911799669266, 0.04087749868631363, -0.05964620038866997, 0.03349180892109871, 0.03442012146115303, 0.0031948075629770756, -0.04321066662669182, 0.04178197681903839, 0.07721886783838272, 0.019732745364308357, 0.030860241502523422, 0.03966517001390457, -0.021308235824108124, -0.03947622328996658, 0.06742236763238907]",['92904e0eaf3712c6446f7b5f0b1125b9932177c94d96f12619ae67524ae17174'],"['6ca3c8f69c7e6ad24de303294daf21df7655ef4cdd9db45b7410366658fe2f7b', 'b0b5eeb701fe09cc823cd4cc6b4f1b438d1d8f0522fee347616474ac6bd83d32', 'ec17d4a2f47b7aec2f4b2422d5fd9503ac5708b934d39227a7b775e4b89c0d5d', '96c8ee0fe354c96dfca61f60b85d2aca612efc43bbef600c0c2d20f3c525c8ba', 'bd4e383dc6dc0ae55fff725a7b009a71bd6b5653ac11283cd5e3d0798be00cd7', 'c0c1764bb5cd1d691c6f9869c4551382e27407b66232d1a14ea8940404ed8960', 'c8a1df2802750200d6c482379e47b5f0edce3a618addc01135f6a1560ea943e9', 'a98fa8e2ddb88b9942faab267709b4978236921180d00020ca5a253662ff29b0', 'b0ea953f6ca22965c7c05713a4f4a3a25046527c58a81dfc8a9ed47765970d0c', '7e88fb3f6eec9cfd458493403cb712b242ea07263d42eb207aa15e18216d0cda', '83abb859c5c0dd15ea8975e6063464ad837778738860bfc19b0c3dc10c47a829', 'e6fe4aa42df5c0057f094fdf1d822cb04a9955e2849279348e4e54f284ab85bd', 'fda7a678311a75a9ec2baa421073f57b91d56258de17112eaf64fb432ed16a40', 'f37cc88a4e915282dbe0b817e6fdb7dd2235284cb9712f4855996445a3f5a4a2', 'e958f43b92e8d8ef6a7dffb0d85f47fe6843e54a36fdd3b30677318c97069aec', '796a8d3d0f7a851c9ad505bafebc7c21e5ca5dc947fd0192c93bb1f34b73bc32', '179241877e3c4beb9ce6fbb5994094eb4cc5b8eaf2a8e77874eceb11a38fea8f', 'f7beb975b7185ebe1a6345854896102911ba93fa7ec05e7ff1e9af1bf62a2c56', 'e1c9a1ebe19294f2c0dd226c819a5e3532563e226435ab54afd4c9bc91905f88', '92904e0eaf3712c6446f7b5f0b1125b9932177c94d96f12619ae67524ae17174', 'cd11add86734a645cc46dae8b6bf3886e60ff77e32a01d62b9b9b5c1d53d4f55', 'bc90d2326dc48594c5c6903bda2a44580d65849cbcb27df26de18d986528b4a8', '1a20454bb43c207a15776c3b1510ed8664cd1376beff19ec4f4c487974367d76', '1caea98e442ee03e29ec0310bc0b136ba718200d26c8184497f7a0c0e5019f2a', '2b2cf6c848046e9863434ffc460a73860c0b82625d2975aefa6d6b213fbee443']",1549902705975
922,58d661ed6a24f0782c94cc9495f34f967e97b5713aba8970eaa27146589c0714,"[-0.051353540271520615, -0.24777817726135254, 0.16429875791072845, 0.040233414620161057, -0.105549156665802, -0.06710617244243622, 0.1391593962907791, 0.020712513476610184, 0.08272451162338257, 0.1369810849428177, 0.04636780172586441, -0.06278625875711441, -0.05648995563387871, -0.06307543814182281, -0.0321488231420517, -0.05054678022861481, -0.008924040012061596, 0.015290776267647743, 0.062169287353754044, -0.022496594116091728, -0.1061270534992218, -0.02961995080113411, 0.12434718757867813, 0.06278955936431885, 0.00498286634683609, 0.018484394997358322, -0.05545969307422638, -0.035086046904325485, -0.009291463531553745, -0.009484637528657913, -0.02870691381394863, 0.05002696439623833, -0.06357596069574356, 0.04652049392461777, 0.015290518291294575, 0.09190911799669266, 0.04087749868631363, -0.05964620038866997, 0.03349180892109871, 0.03442012146115303, 0.0031948075629770756, -0.04321066662669182, 0.04178197681903839, 0.07721886783838272, 0.019732745364308357, 0.030860241502523422, 0.03966517001390457, -0.021308235824108124, -0.03947622328996658, 0.06742236763238907]",['92904e0eaf3712c6446f7b5f0b1125b9932177c94d96f12619ae67524ae17174'],"['6ca3c8f69c7e6ad24de303294daf21df7655ef4cdd9db45b7410366658fe2f7b', 'b0b5eeb701fe09cc823cd4cc6b4f1b438d1d8f0522fee347616474ac6bd83d32', 'ec17d4a2f47b7aec2f4b2422d5fd9503ac5708b934d39227a7b775e4b89c0d5d', '96c8ee0fe354c96dfca61f60b85d2aca612efc43bbef600c0c2d20f3c525c8ba', 'bd4e383dc6dc0ae55fff725a7b009a71bd6b5653ac11283cd5e3d0798be00cd7', 'c0c1764bb5cd1d691c6f9869c4551382e27407b66232d1a14ea8940404ed8960', 'c8a1df2802750200d6c482379e47b5f0edce3a618addc01135f6a1560ea943e9', 'a98fa8e2ddb88b9942faab267709b4978236921180d00020ca5a253662ff29b0', 'b0ea953f6ca22965c7c05713a4f4a3a25046527c58a81dfc8a9ed47765970d0c', '7e88fb3f6eec9cfd458493403cb712b242ea07263d42eb207aa15e18216d0cda', '83abb859c5c0dd15ea8975e6063464ad837778738860bfc19b0c3dc10c47a829', 'e6fe4aa42df5c0057f094fdf1d822cb04a9955e2849279348e4e54f284ab85bd', 'fda7a678311a75a9ec2baa421073f57b91d56258de17112eaf64fb432ed16a40', 'f37cc88a4e915282dbe0b817e6fdb7dd2235284cb9712f4855996445a3f5a4a2', 'e958f43b92e8d8ef6a7dffb0d85f47fe6843e54a36fdd3b30677318c97069aec', '796a8d3d0f7a851c9ad505bafebc7c21e5ca5dc947fd0192c93bb1f34b73bc32', '179241877e3c4beb9ce6fbb5994094eb4cc5b8eaf2a8e77874eceb11a38fea8f', 'f7beb975b7185ebe1a6345854896102911ba93fa7ec05e7ff1e9af1bf62a2c56', 'e1c9a1ebe19294f2c0dd226c819a5e3532563e226435ab54afd4c9bc91905f88', '92904e0eaf3712c6446f7b5f0b1125b9932177c94d96f12619ae67524ae17174', 'cd11add86734a645cc46dae8b6bf3886e60ff77e32a01d62b9b9b5c1d53d4f55', 'bc90d2326dc48594c5c6903bda2a44580d65849cbcb27df26de18d986528b4a8', '1a20454bb43c207a15776c3b1510ed8664cd1376beff19ec4f4c487974367d76', '1caea98e442ee03e29ec0310bc0b136ba718200d26c8184497f7a0c0e5019f2a', '2b2cf6c848046e9863434ffc460a73860c0b82625d2975aefa6d6b213fbee443']",1549902705975
923,58d661ed6a24f0782c94cc9495f34f967e97b5713aba8970eaa27146589c0714,"[-0.051353540271520615, -0.24777817726135254, 0.16429875791072845, 0.040233414620161057, -0.105549156665802, -0.06710617244243622, 0.1391593962907791, 0.020712513476610184, 0.08272451162338257, 0.1369810849428177, 0.04636780172586441, -0.06278625875711441, -0.05648995563387871, -0.06307543814182281, -0.0321488231420517, -0.05054678022861481, -0.008924040012061596, 0.015290776267647743, 0.062169287353754044, -0.022496594116091728, -0.1061270534992218, -0.02961995080113411, 0.12434718757867813, 0.06278955936431885, 0.00498286634683609, 0.018484394997358322, -0.05545969307422638, -0.035086046904325485, -0.009291463531553745, -0.009484637528657913, -0.02870691381394863, 0.05002696439623833, -0.06357596069574356, 0.04652049392461777, 0.015290518291294575, 0.09190911799669266, 0.04087749868631363, -0.05964620038866997, 0.03349180892109871, 0.03442012146115303, 0.0031948075629770756, -0.04321066662669182, 0.04178197681903839, 0.07721886783838272, 0.019732745364308357, 0.030860241502523422, 0.03966517001390457, -0.021308235824108124, -0.03947622328996658, 0.06742236763238907]",['92904e0eaf3712c6446f7b5f0b1125b9932177c94d96f12619ae67524ae17174'],"['6ca3c8f69c7e6ad24de303294daf21df7655ef4cdd9db45b7410366658fe2f7b', 'b0b5eeb701fe09cc823cd4cc6b4f1b438d1d8f0522fee347616474ac6bd83d32', 'ec17d4a2f47b7aec2f4b2422d5fd9503ac5708b934d39227a7b775e4b89c0d5d', '96c8ee0fe354c96dfca61f60b85d2aca612efc43bbef600c0c2d20f3c525c8ba', 'bd4e383dc6dc0ae55fff725a7b009a71bd6b5653ac11283cd5e3d0798be00cd7', 'c0c1764bb5cd1d691c6f9869c4551382e27407b66232d1a14ea8940404ed8960', 'c8a1df2802750200d6c482379e47b5f0edce3a618addc01135f6a1560ea943e9', 'a98fa8e2ddb88b9942faab267709b4978236921180d00020ca5a253662ff29b0', 'b0ea953f6ca22965c7c05713a4f4a3a25046527c58a81dfc8a9ed47765970d0c', '7e88fb3f6eec9cfd458493403cb712b242ea07263d42eb207aa15e18216d0cda', '83abb859c5c0dd15ea8975e6063464ad837778738860bfc19b0c3dc10c47a829', 'e6fe4aa42df5c0057f094fdf1d822cb04a9955e2849279348e4e54f284ab85bd', 'fda7a678311a75a9ec2baa421073f57b91d56258de17112eaf64fb432ed16a40', 'f37cc88a4e915282dbe0b817e6fdb7dd2235284cb9712f4855996445a3f5a4a2', 'e958f43b92e8d8ef6a7dffb0d85f47fe6843e54a36fdd3b30677318c97069aec', '796a8d3d0f7a851c9ad505bafebc7c21e5ca5dc947fd0192c93bb1f34b73bc32', '179241877e3c4beb9ce6fbb5994094eb4cc5b8eaf2a8e77874eceb11a38fea8f', 'f7beb975b7185ebe1a6345854896102911ba93fa7ec05e7ff1e9af1bf62a2c56', 'e1c9a1ebe19294f2c0dd226c819a5e3532563e226435ab54afd4c9bc91905f88', '92904e0eaf3712c6446f7b5f0b1125b9932177c94d96f12619ae67524ae17174', 'cd11add86734a645cc46dae8b6bf3886e60ff77e32a01d62b9b9b5c1d53d4f55', 'bc90d2326dc48594c5c6903bda2a44580d65849cbcb27df26de18d986528b4a8', '1a20454bb43c207a15776c3b1510ed8664cd1376beff19ec4f4c487974367d76', '1caea98e442ee03e29ec0310bc0b136ba718200d26c8184497f7a0c0e5019f2a', '2b2cf6c848046e9863434ffc460a73860c0b82625d2975aefa6d6b213fbee443']",1549902705975
924,58d661ed6a24f0782c94cc9495f34f967e97b5713aba8970eaa27146589c0714,"[-0.051353540271520615, -0.24777817726135254, 0.16429875791072845, 0.040233414620161057, -0.105549156665802, -0.06710617244243622, 0.1391593962907791, 0.020712513476610184, 0.08272451162338257, 0.1369810849428177, 0.04636780172586441, -0.06278625875711441, -0.05648995563387871, -0.06307543814182281, -0.0321488231420517, -0.05054678022861481, -0.008924040012061596, 0.015290776267647743, 0.062169287353754044, -0.022496594116091728, -0.1061270534992218, -0.02961995080113411, 0.12434718757867813, 0.06278955936431885, 0.00498286634683609, 0.018484394997358322, -0.05545969307422638, -0.035086046904325485, -0.009291463531553745, -0.009484637528657913, -0.02870691381394863, 0.05002696439623833, -0.06357596069574356, 0.04652049392461777, 0.015290518291294575, 0.09190911799669266, 0.04087749868631363, -0.05964620038866997, 0.03349180892109871, 0.03442012146115303, 0.0031948075629770756, -0.04321066662669182, 0.04178197681903839, 0.07721886783838272, 0.019732745364308357, 0.030860241502523422, 0.03966517001390457, -0.021308235824108124, -0.03947622328996658, 0.06742236763238907]",['92904e0eaf3712c6446f7b5f0b1125b9932177c94d96f12619ae67524ae17174'],"['6ca3c8f69c7e6ad24de303294daf21df7655ef4cdd9db45b7410366658fe2f7b', 'b0b5eeb701fe09cc823cd4cc6b4f1b438d1d8f0522fee347616474ac6bd83d32', 'ec17d4a2f47b7aec2f4b2422d5fd9503ac5708b934d39227a7b775e4b89c0d5d', '96c8ee0fe354c96dfca61f60b85d2aca612efc43bbef600c0c2d20f3c525c8ba', 'bd4e383dc6dc0ae55fff725a7b009a71bd6b5653ac11283cd5e3d0798be00cd7', 'c0c1764bb5cd1d691c6f9869c4551382e27407b66232d1a14ea8940404ed8960', 'c8a1df2802750200d6c482379e47b5f0edce3a618addc01135f6a1560ea943e9', 'a98fa8e2ddb88b9942faab267709b4978236921180d00020ca5a253662ff29b0', 'b0ea953f6ca22965c7c05713a4f4a3a25046527c58a81dfc8a9ed47765970d0c', '7e88fb3f6eec9cfd458493403cb712b242ea07263d42eb207aa15e18216d0cda', '83abb859c5c0dd15ea8975e6063464ad837778738860bfc19b0c3dc10c47a829', 'e6fe4aa42df5c0057f094fdf1d822cb04a9955e2849279348e4e54f284ab85bd', 'fda7a678311a75a9ec2baa421073f57b91d56258de17112eaf64fb432ed16a40', 'f37cc88a4e915282dbe0b817e6fdb7dd2235284cb9712f4855996445a3f5a4a2', 'e958f43b92e8d8ef6a7dffb0d85f47fe6843e54a36fdd3b30677318c97069aec', '796a8d3d0f7a851c9ad505bafebc7c21e5ca5dc947fd0192c93bb1f34b73bc32', '179241877e3c4beb9ce6fbb5994094eb4cc5b8eaf2a8e77874eceb11a38fea8f', 'f7beb975b7185ebe1a6345854896102911ba93fa7ec05e7ff1e9af1bf62a2c56', 'e1c9a1ebe19294f2c0dd226c819a5e3532563e226435ab54afd4c9bc91905f88', '92904e0eaf3712c6446f7b5f0b1125b9932177c94d96f12619ae67524ae17174', 'cd11add86734a645cc46dae8b6bf3886e60ff77e32a01d62b9b9b5c1d53d4f55', 'bc90d2326dc48594c5c6903bda2a44580d65849cbcb27df26de18d986528b4a8', '1a20454bb43c207a15776c3b1510ed8664cd1376beff19ec4f4c487974367d76', '1caea98e442ee03e29ec0310bc0b136ba718200d26c8184497f7a0c0e5019f2a', '2b2cf6c848046e9863434ffc460a73860c0b82625d2975aefa6d6b213fbee443']",1549902705975
925,58d661ed6a24f0782c94cc9495f34f967e97b5713aba8970eaa27146589c0714,"[-0.11428173631429672, -0.04857649281620979, 0.03641349822282791, 0.004891997203230858, -0.0732249915599823, -0.04104430973529816, 0.07010863721370697, -0.030271604657173157, 0.07617777585983276, 0.09811143577098846, 0.04150335490703583, -0.060227490961551666, -0.10727085173130035, -0.046593159437179565, -0.03526083379983902, 0.006292559206485748, 0.012504849582910538, 0.010182105004787445, 0.05879656970500946, -0.04363249987363815, -0.008278733119368553, -0.0824432373046875, 0.0909193903207779, 0.07696652412414551, 0.004057213664054871, 0.04566730558872223, -0.0698750913143158, -0.08385971188545227, -0.0923788994550705, 0.004013175144791603, -0.07948701083660126, 0.08895386755466461, -0.009143002331256866, 0.02015962451696396, -0.056494101881980896, 0.07745709270238876, 0.06917740404605865, -0.040495119988918304, 0.06671636551618576, 0.08288583159446716, -0.010227779857814312, -0.015073045156896114, -0.04544021934270859, 0.04293963685631752, 0.01412874087691307, 0.04378204792737961, 0.02547641471028328, 0.023218192160129547, 0.017341582104563713, 0.05361489951610565]","['a98fa8e2ddb88b9942faab267709b4978236921180d00020ca5a253662ff29b0', 'bd98014a67993845405356d0332d86e3afb148b6001ad99aab92eda23413f1ba', 'a98fa8e2ddb88b9942faab267709b4978236921180d00020ca5a253662ff29b0', '92904e0eaf3712c6446f7b5f0b1125b9932177c94d96f12619ae67524ae17174', 'bd98014a67993845405356d0332d86e3afb148b6001ad99aab92eda23413f1ba']","['a98fa8e2ddb88b9942faab267709b4978236921180d00020ca5a253662ff29b0', '6ca3c8f69c7e6ad24de303294daf21df7655ef4cdd9db45b7410366658fe2f7b', '74319045f865a903250755122323751233853cf21a4c48255aa5dc345c957ece', '13b6ca1bb523c93ff7ca43aef91b646a7d99fd7091aa98335f8f61cf1370b834', '546c9a80c4c64973f0f3023346069ed8da5f29423e834e6cc83a2d0bfa57508e', '259bc2f70cfed7fbc444ba2b3aa7e80fdfb037e27d5cffd72ee61623fc24b116', '690f384b656c89df9983f1a44763841539c46ae211c6aa3e80a8e611a3f949f5', 'c8a1df2802750200d6c482379e47b5f0edce3a618addc01135f6a1560ea943e9', 'b0ea953f6ca22965c7c05713a4f4a3a25046527c58a81dfc8a9ed47765970d0c', '179241877e3c4beb9ce6fbb5994094eb4cc5b8eaf2a8e77874eceb11a38fea8f', '92904e0eaf3712c6446f7b5f0b1125b9932177c94d96f12619ae67524ae17174', 'cd11add86734a645cc46dae8b6bf3886e60ff77e32a01d62b9b9b5c1d53d4f55', 'bc90d2326dc48594c5c6903bda2a44580d65849cbcb27df26de18d986528b4a8', '1a20454bb43c207a15776c3b1510ed8664cd1376beff19ec4f4c487974367d76', '1caea98e442ee03e29ec0310bc0b136ba718200d26c8184497f7a0c0e5019f2a', '2b2cf6c848046e9863434ffc460a73860c0b82625d2975aefa6d6b213fbee443', 'f4f438b6a19a0f3e387926c0e78474215dfd9a0d5f943b9d0c0563cdaa538278', '3ce3eeb85e257e755bafe7bfd85b2396ae32366e19b440e05629db0d105d53e2', '7933aa6870edd4a1bc9ce624ba57a2cc3f92cb61607711a09d226024da2f3706', 'bd98014a67993845405356d0332d86e3afb148b6001ad99aab92eda23413f1ba', 'c534b0976f9ec90cd0623999d3d6ca8abd6f1c025f938e6e7a232150b99bbabe', 'c11dae89d3384b0195dc35e5e34d845dcc37974d2e64b4a097018e1fe89c41b3', '5d50eb84efa8220f16314170ad6297428eb90483aab2c35f1faff3c6459b5e95', 'fa7b3854abe05d16a9c281c97918a8310f21186274c5ed8686876d1fd3dbb8cd', 'da16a53918ddd9e01beb99024be68edf47a842baff40ef434f6f6ff0b12f3fff']",1549902821333
926,58d661ed6a24f0782c94cc9495f34f967e97b5713aba8970eaa27146589c0714,"[-0.11428173631429672, -0.04857649281620979, 0.03641349822282791, 0.004891997203230858, -0.0732249915599823, -0.04104430973529816, 0.07010863721370697, -0.030271604657173157, 0.07617777585983276, 0.09811143577098846, 0.04150335490703583, -0.060227490961551666, -0.10727085173130035, -0.046593159437179565, -0.03526083379983902, 0.006292559206485748, 0.012504849582910538, 0.010182105004787445, 0.05879656970500946, -0.04363249987363815, -0.008278733119368553, -0.0824432373046875, 0.0909193903207779, 0.07696652412414551, 0.004057213664054871, 0.04566730558872223, -0.0698750913143158, -0.08385971188545227, -0.0923788994550705, 0.004013175144791603, -0.07948701083660126, 0.08895386755466461, -0.009143002331256866, 0.02015962451696396, -0.056494101881980896, 0.07745709270238876, 0.06917740404605865, -0.040495119988918304, 0.06671636551618576, 0.08288583159446716, -0.010227779857814312, -0.015073045156896114, -0.04544021934270859, 0.04293963685631752, 0.01412874087691307, 0.04378204792737961, 0.02547641471028328, 0.023218192160129547, 0.017341582104563713, 0.05361489951610565]","['a98fa8e2ddb88b9942faab267709b4978236921180d00020ca5a253662ff29b0', 'bd98014a67993845405356d0332d86e3afb148b6001ad99aab92eda23413f1ba', 'a98fa8e2ddb88b9942faab267709b4978236921180d00020ca5a253662ff29b0', '92904e0eaf3712c6446f7b5f0b1125b9932177c94d96f12619ae67524ae17174', 'bd98014a67993845405356d0332d86e3afb148b6001ad99aab92eda23413f1ba']","['a98fa8e2ddb88b9942faab267709b4978236921180d00020ca5a253662ff29b0', '6ca3c8f69c7e6ad24de303294daf21df7655ef4cdd9db45b7410366658fe2f7b', '74319045f865a903250755122323751233853cf21a4c48255aa5dc345c957ece', '13b6ca1bb523c93ff7ca43aef91b646a7d99fd7091aa98335f8f61cf1370b834', '546c9a80c4c64973f0f3023346069ed8da5f29423e834e6cc83a2d0bfa57508e', '259bc2f70cfed7fbc444ba2b3aa7e80fdfb037e27d5cffd72ee61623fc24b116', '690f384b656c89df9983f1a44763841539c46ae211c6aa3e80a8e611a3f949f5', 'c8a1df2802750200d6c482379e47b5f0edce3a618addc01135f6a1560ea943e9', 'b0ea953f6ca22965c7c05713a4f4a3a25046527c58a81dfc8a9ed47765970d0c', '179241877e3c4beb9ce6fbb5994094eb4cc5b8eaf2a8e77874eceb11a38fea8f', '92904e0eaf3712c6446f7b5f0b1125b9932177c94d96f12619ae67524ae17174', 'cd11add86734a645cc46dae8b6bf3886e60ff77e32a01d62b9b9b5c1d53d4f55', 'bc90d2326dc48594c5c6903bda2a44580d65849cbcb27df26de18d986528b4a8', '1a20454bb43c207a15776c3b1510ed8664cd1376beff19ec4f4c487974367d76', '1caea98e442ee03e29ec0310bc0b136ba718200d26c8184497f7a0c0e5019f2a', '2b2cf6c848046e9863434ffc460a73860c0b82625d2975aefa6d6b213fbee443', 'f4f438b6a19a0f3e387926c0e78474215dfd9a0d5f943b9d0c0563cdaa538278', '3ce3eeb85e257e755bafe7bfd85b2396ae32366e19b440e05629db0d105d53e2', '7933aa6870edd4a1bc9ce624ba57a2cc3f92cb61607711a09d226024da2f3706', 'bd98014a67993845405356d0332d86e3afb148b6001ad99aab92eda23413f1ba', 'c534b0976f9ec90cd0623999d3d6ca8abd6f1c025f938e6e7a232150b99bbabe', 'c11dae89d3384b0195dc35e5e34d845dcc37974d2e64b4a097018e1fe89c41b3', '5d50eb84efa8220f16314170ad6297428eb90483aab2c35f1faff3c6459b5e95', 'fa7b3854abe05d16a9c281c97918a8310f21186274c5ed8686876d1fd3dbb8cd', 'da16a53918ddd9e01beb99024be68edf47a842baff40ef434f6f6ff0b12f3fff']",1549902821333
927,58d661ed6a24f0782c94cc9495f34f967e97b5713aba8970eaa27146589c0714,"[-0.11428173631429672, -0.04857649281620979, 0.03641349822282791, 0.004891997203230858, -0.0732249915599823, -0.04104430973529816, 0.07010863721370697, -0.030271604657173157, 0.07617777585983276, 0.09811143577098846, 0.04150335490703583, -0.060227490961551666, -0.10727085173130035, -0.046593159437179565, -0.03526083379983902, 0.006292559206485748, 0.012504849582910538, 0.010182105004787445, 0.05879656970500946, -0.04363249987363815, -0.008278733119368553, -0.0824432373046875, 0.0909193903207779, 0.07696652412414551, 0.004057213664054871, 0.04566730558872223, -0.0698750913143158, -0.08385971188545227, -0.0923788994550705, 0.004013175144791603, -0.07948701083660126, 0.08895386755466461, -0.009143002331256866, 0.02015962451696396, -0.056494101881980896, 0.07745709270238876, 0.06917740404605865, -0.040495119988918304, 0.06671636551618576, 0.08288583159446716, -0.010227779857814312, -0.015073045156896114, -0.04544021934270859, 0.04293963685631752, 0.01412874087691307, 0.04378204792737961, 0.02547641471028328, 0.023218192160129547, 0.017341582104563713, 0.05361489951610565]","['a98fa8e2ddb88b9942faab267709b4978236921180d00020ca5a253662ff29b0', 'bd98014a67993845405356d0332d86e3afb148b6001ad99aab92eda23413f1ba', 'a98fa8e2ddb88b9942faab267709b4978236921180d00020ca5a253662ff29b0', '92904e0eaf3712c6446f7b5f0b1125b9932177c94d96f12619ae67524ae17174', 'bd98014a67993845405356d0332d86e3afb148b6001ad99aab92eda23413f1ba']","['a98fa8e2ddb88b9942faab267709b4978236921180d00020ca5a253662ff29b0', '6ca3c8f69c7e6ad24de303294daf21df7655ef4cdd9db45b7410366658fe2f7b', '74319045f865a903250755122323751233853cf21a4c48255aa5dc345c957ece', '13b6ca1bb523c93ff7ca43aef91b646a7d99fd7091aa98335f8f61cf1370b834', '546c9a80c4c64973f0f3023346069ed8da5f29423e834e6cc83a2d0bfa57508e', '259bc2f70cfed7fbc444ba2b3aa7e80fdfb037e27d5cffd72ee61623fc24b116', '690f384b656c89df9983f1a44763841539c46ae211c6aa3e80a8e611a3f949f5', 'c8a1df2802750200d6c482379e47b5f0edce3a618addc01135f6a1560ea943e9', 'b0ea953f6ca22965c7c05713a4f4a3a25046527c58a81dfc8a9ed47765970d0c', '179241877e3c4beb9ce6fbb5994094eb4cc5b8eaf2a8e77874eceb11a38fea8f', '92904e0eaf3712c6446f7b5f0b1125b9932177c94d96f12619ae67524ae17174', 'cd11add86734a645cc46dae8b6bf3886e60ff77e32a01d62b9b9b5c1d53d4f55', 'bc90d2326dc48594c5c6903bda2a44580d65849cbcb27df26de18d986528b4a8', '1a20454bb43c207a15776c3b1510ed8664cd1376beff19ec4f4c487974367d76', '1caea98e442ee03e29ec0310bc0b136ba718200d26c8184497f7a0c0e5019f2a', '2b2cf6c848046e9863434ffc460a73860c0b82625d2975aefa6d6b213fbee443', 'f4f438b6a19a0f3e387926c0e78474215dfd9a0d5f943b9d0c0563cdaa538278', '3ce3eeb85e257e755bafe7bfd85b2396ae32366e19b440e05629db0d105d53e2', '7933aa6870edd4a1bc9ce624ba57a2cc3f92cb61607711a09d226024da2f3706', 'bd98014a67993845405356d0332d86e3afb148b6001ad99aab92eda23413f1ba', 'c534b0976f9ec90cd0623999d3d6ca8abd6f1c025f938e6e7a232150b99bbabe', 'c11dae89d3384b0195dc35e5e34d845dcc37974d2e64b4a097018e1fe89c41b3', '5d50eb84efa8220f16314170ad6297428eb90483aab2c35f1faff3c6459b5e95', 'fa7b3854abe05d16a9c281c97918a8310f21186274c5ed8686876d1fd3dbb8cd', 'da16a53918ddd9e01beb99024be68edf47a842baff40ef434f6f6ff0b12f3fff']",1549902821333
928,58d661ed6a24f0782c94cc9495f34f967e97b5713aba8970eaa27146589c0714,"[-0.11428173631429672, -0.04857649281620979, 0.03641349822282791, 0.004891997203230858, -0.0732249915599823, -0.04104430973529816, 0.07010863721370697, -0.030271604657173157, 0.07617777585983276, 0.09811143577098846, 0.04150335490703583, -0.060227490961551666, -0.10727085173130035, -0.046593159437179565, -0.03526083379983902, 0.006292559206485748, 0.012504849582910538, 0.010182105004787445, 0.05879656970500946, -0.04363249987363815, -0.008278733119368553, -0.0824432373046875, 0.0909193903207779, 0.07696652412414551, 0.004057213664054871, 0.04566730558872223, -0.0698750913143158, -0.08385971188545227, -0.0923788994550705, 0.004013175144791603, -0.07948701083660126, 0.08895386755466461, -0.009143002331256866, 0.02015962451696396, -0.056494101881980896, 0.07745709270238876, 0.06917740404605865, -0.040495119988918304, 0.06671636551618576, 0.08288583159446716, -0.010227779857814312, -0.015073045156896114, -0.04544021934270859, 0.04293963685631752, 0.01412874087691307, 0.04378204792737961, 0.02547641471028328, 0.023218192160129547, 0.017341582104563713, 0.05361489951610565]","['a98fa8e2ddb88b9942faab267709b4978236921180d00020ca5a253662ff29b0', 'bd98014a67993845405356d0332d86e3afb148b6001ad99aab92eda23413f1ba', 'a98fa8e2ddb88b9942faab267709b4978236921180d00020ca5a253662ff29b0', '92904e0eaf3712c6446f7b5f0b1125b9932177c94d96f12619ae67524ae17174', 'bd98014a67993845405356d0332d86e3afb148b6001ad99aab92eda23413f1ba']","['a98fa8e2ddb88b9942faab267709b4978236921180d00020ca5a253662ff29b0', '6ca3c8f69c7e6ad24de303294daf21df7655ef4cdd9db45b7410366658fe2f7b', '74319045f865a903250755122323751233853cf21a4c48255aa5dc345c957ece', '13b6ca1bb523c93ff7ca43aef91b646a7d99fd7091aa98335f8f61cf1370b834', '546c9a80c4c64973f0f3023346069ed8da5f29423e834e6cc83a2d0bfa57508e', '259bc2f70cfed7fbc444ba2b3aa7e80fdfb037e27d5cffd72ee61623fc24b116', '690f384b656c89df9983f1a44763841539c46ae211c6aa3e80a8e611a3f949f5', 'c8a1df2802750200d6c482379e47b5f0edce3a618addc01135f6a1560ea943e9', 'b0ea953f6ca22965c7c05713a4f4a3a25046527c58a81dfc8a9ed47765970d0c', '179241877e3c4beb9ce6fbb5994094eb4cc5b8eaf2a8e77874eceb11a38fea8f', '92904e0eaf3712c6446f7b5f0b1125b9932177c94d96f12619ae67524ae17174', 'cd11add86734a645cc46dae8b6bf3886e60ff77e32a01d62b9b9b5c1d53d4f55', 'bc90d2326dc48594c5c6903bda2a44580d65849cbcb27df26de18d986528b4a8', '1a20454bb43c207a15776c3b1510ed8664cd1376beff19ec4f4c487974367d76', '1caea98e442ee03e29ec0310bc0b136ba718200d26c8184497f7a0c0e5019f2a', '2b2cf6c848046e9863434ffc460a73860c0b82625d2975aefa6d6b213fbee443', 'f4f438b6a19a0f3e387926c0e78474215dfd9a0d5f943b9d0c0563cdaa538278', '3ce3eeb85e257e755bafe7bfd85b2396ae32366e19b440e05629db0d105d53e2', '7933aa6870edd4a1bc9ce624ba57a2cc3f92cb61607711a09d226024da2f3706', 'bd98014a67993845405356d0332d86e3afb148b6001ad99aab92eda23413f1ba', 'c534b0976f9ec90cd0623999d3d6ca8abd6f1c025f938e6e7a232150b99bbabe', 'c11dae89d3384b0195dc35e5e34d845dcc37974d2e64b4a097018e1fe89c41b3', '5d50eb84efa8220f16314170ad6297428eb90483aab2c35f1faff3c6459b5e95', 'fa7b3854abe05d16a9c281c97918a8310f21186274c5ed8686876d1fd3dbb8cd', 'da16a53918ddd9e01beb99024be68edf47a842baff40ef434f6f6ff0b12f3fff']",1549902821333
929,58d661ed6a24f0782c94cc9495f34f967e97b5713aba8970eaa27146589c0714,"[-0.11428173631429672, -0.04857649281620979, 0.03641349822282791, 0.004891997203230858, -0.0732249915599823, -0.04104430973529816, 0.07010863721370697, -0.030271604657173157, 0.07617777585983276, 0.09811143577098846, 0.04150335490703583, -0.060227490961551666, -0.10727085173130035, -0.046593159437179565, -0.03526083379983902, 0.006292559206485748, 0.012504849582910538, 0.010182105004787445, 0.05879656970500946, -0.04363249987363815, -0.008278733119368553, -0.0824432373046875, 0.0909193903207779, 0.07696652412414551, 0.004057213664054871, 0.04566730558872223, -0.0698750913143158, -0.08385971188545227, -0.0923788994550705, 0.004013175144791603, -0.07948701083660126, 0.08895386755466461, -0.009143002331256866, 0.02015962451696396, -0.056494101881980896, 0.07745709270238876, 0.06917740404605865, -0.040495119988918304, 0.06671636551618576, 0.08288583159446716, -0.010227779857814312, -0.015073045156896114, -0.04544021934270859, 0.04293963685631752, 0.01412874087691307, 0.04378204792737961, 0.02547641471028328, 0.023218192160129547, 0.017341582104563713, 0.05361489951610565]","['a98fa8e2ddb88b9942faab267709b4978236921180d00020ca5a253662ff29b0', 'bd98014a67993845405356d0332d86e3afb148b6001ad99aab92eda23413f1ba', 'a98fa8e2ddb88b9942faab267709b4978236921180d00020ca5a253662ff29b0', '92904e0eaf3712c6446f7b5f0b1125b9932177c94d96f12619ae67524ae17174', 'bd98014a67993845405356d0332d86e3afb148b6001ad99aab92eda23413f1ba']","['a98fa8e2ddb88b9942faab267709b4978236921180d00020ca5a253662ff29b0', '6ca3c8f69c7e6ad24de303294daf21df7655ef4cdd9db45b7410366658fe2f7b', '74319045f865a903250755122323751233853cf21a4c48255aa5dc345c957ece', '13b6ca1bb523c93ff7ca43aef91b646a7d99fd7091aa98335f8f61cf1370b834', '546c9a80c4c64973f0f3023346069ed8da5f29423e834e6cc83a2d0bfa57508e', '259bc2f70cfed7fbc444ba2b3aa7e80fdfb037e27d5cffd72ee61623fc24b116', '690f384b656c89df9983f1a44763841539c46ae211c6aa3e80a8e611a3f949f5', 'c8a1df2802750200d6c482379e47b5f0edce3a618addc01135f6a1560ea943e9', 'b0ea953f6ca22965c7c05713a4f4a3a25046527c58a81dfc8a9ed47765970d0c', '179241877e3c4beb9ce6fbb5994094eb4cc5b8eaf2a8e77874eceb11a38fea8f', '92904e0eaf3712c6446f7b5f0b1125b9932177c94d96f12619ae67524ae17174', 'cd11add86734a645cc46dae8b6bf3886e60ff77e32a01d62b9b9b5c1d53d4f55', 'bc90d2326dc48594c5c6903bda2a44580d65849cbcb27df26de18d986528b4a8', '1a20454bb43c207a15776c3b1510ed8664cd1376beff19ec4f4c487974367d76', '1caea98e442ee03e29ec0310bc0b136ba718200d26c8184497f7a0c0e5019f2a', '2b2cf6c848046e9863434ffc460a73860c0b82625d2975aefa6d6b213fbee443', 'f4f438b6a19a0f3e387926c0e78474215dfd9a0d5f943b9d0c0563cdaa538278', '3ce3eeb85e257e755bafe7bfd85b2396ae32366e19b440e05629db0d105d53e2', '7933aa6870edd4a1bc9ce624ba57a2cc3f92cb61607711a09d226024da2f3706', 'bd98014a67993845405356d0332d86e3afb148b6001ad99aab92eda23413f1ba', 'c534b0976f9ec90cd0623999d3d6ca8abd6f1c025f938e6e7a232150b99bbabe', 'c11dae89d3384b0195dc35e5e34d845dcc37974d2e64b4a097018e1fe89c41b3', '5d50eb84efa8220f16314170ad6297428eb90483aab2c35f1faff3c6459b5e95', 'fa7b3854abe05d16a9c281c97918a8310f21186274c5ed8686876d1fd3dbb8cd', 'da16a53918ddd9e01beb99024be68edf47a842baff40ef434f6f6ff0b12f3fff']",1549902821333
930,58d661ed6a24f0782c94cc9495f34f967e97b5713aba8970eaa27146589c0714,"[-0.11428173631429672, -0.04857649281620979, 0.03641349822282791, 0.004891997203230858, -0.0732249915599823, -0.04104430973529816, 0.07010863721370697, -0.030271604657173157, 0.07617777585983276, 0.09811143577098846, 0.04150335490703583, -0.060227490961551666, -0.10727085173130035, -0.046593159437179565, -0.03526083379983902, 0.006292559206485748, 0.012504849582910538, 0.010182105004787445, 0.05879656970500946, -0.04363249987363815, -0.008278733119368553, -0.0824432373046875, 0.0909193903207779, 0.07696652412414551, 0.004057213664054871, 0.04566730558872223, -0.0698750913143158, -0.08385971188545227, -0.0923788994550705, 0.004013175144791603, -0.07948701083660126, 0.08895386755466461, -0.009143002331256866, 0.02015962451696396, -0.056494101881980896, 0.07745709270238876, 0.06917740404605865, -0.040495119988918304, 0.06671636551618576, 0.08288583159446716, -0.010227779857814312, -0.015073045156896114, -0.04544021934270859, 0.04293963685631752, 0.01412874087691307, 0.04378204792737961, 0.02547641471028328, 0.023218192160129547, 0.017341582104563713, 0.05361489951610565]","['a98fa8e2ddb88b9942faab267709b4978236921180d00020ca5a253662ff29b0', 'bd98014a67993845405356d0332d86e3afb148b6001ad99aab92eda23413f1ba', 'a98fa8e2ddb88b9942faab267709b4978236921180d00020ca5a253662ff29b0', '92904e0eaf3712c6446f7b5f0b1125b9932177c94d96f12619ae67524ae17174', 'bd98014a67993845405356d0332d86e3afb148b6001ad99aab92eda23413f1ba']","['a98fa8e2ddb88b9942faab267709b4978236921180d00020ca5a253662ff29b0', '6ca3c8f69c7e6ad24de303294daf21df7655ef4cdd9db45b7410366658fe2f7b', '74319045f865a903250755122323751233853cf21a4c48255aa5dc345c957ece', '13b6ca1bb523c93ff7ca43aef91b646a7d99fd7091aa98335f8f61cf1370b834', '546c9a80c4c64973f0f3023346069ed8da5f29423e834e6cc83a2d0bfa57508e', '259bc2f70cfed7fbc444ba2b3aa7e80fdfb037e27d5cffd72ee61623fc24b116', '690f384b656c89df9983f1a44763841539c46ae211c6aa3e80a8e611a3f949f5', 'c8a1df2802750200d6c482379e47b5f0edce3a618addc01135f6a1560ea943e9', 'b0ea953f6ca22965c7c05713a4f4a3a25046527c58a81dfc8a9ed47765970d0c', '179241877e3c4beb9ce6fbb5994094eb4cc5b8eaf2a8e77874eceb11a38fea8f', '92904e0eaf3712c6446f7b5f0b1125b9932177c94d96f12619ae67524ae17174', 'cd11add86734a645cc46dae8b6bf3886e60ff77e32a01d62b9b9b5c1d53d4f55', 'bc90d2326dc48594c5c6903bda2a44580d65849cbcb27df26de18d986528b4a8', '1a20454bb43c207a15776c3b1510ed8664cd1376beff19ec4f4c487974367d76', '1caea98e442ee03e29ec0310bc0b136ba718200d26c8184497f7a0c0e5019f2a', '2b2cf6c848046e9863434ffc460a73860c0b82625d2975aefa6d6b213fbee443', 'f4f438b6a19a0f3e387926c0e78474215dfd9a0d5f943b9d0c0563cdaa538278', '3ce3eeb85e257e755bafe7bfd85b2396ae32366e19b440e05629db0d105d53e2', '7933aa6870edd4a1bc9ce624ba57a2cc3f92cb61607711a09d226024da2f3706', 'bd98014a67993845405356d0332d86e3afb148b6001ad99aab92eda23413f1ba', 'c534b0976f9ec90cd0623999d3d6ca8abd6f1c025f938e6e7a232150b99bbabe', 'c11dae89d3384b0195dc35e5e34d845dcc37974d2e64b4a097018e1fe89c41b3', '5d50eb84efa8220f16314170ad6297428eb90483aab2c35f1faff3c6459b5e95', 'fa7b3854abe05d16a9c281c97918a8310f21186274c5ed8686876d1fd3dbb8cd', 'da16a53918ddd9e01beb99024be68edf47a842baff40ef434f6f6ff0b12f3fff']",1549902821333
931,58d661ed6a24f0782c94cc9495f34f967e97b5713aba8970eaa27146589c0714,"[-0.11428173631429672, -0.04857649281620979, 0.03641349822282791, 0.004891997203230858, -0.0732249915599823, -0.04104430973529816, 0.07010863721370697, -0.030271604657173157, 0.07617777585983276, 0.09811143577098846, 0.04150335490703583, -0.060227490961551666, -0.10727085173130035, -0.046593159437179565, -0.03526083379983902, 0.006292559206485748, 0.012504849582910538, 0.010182105004787445, 0.05879656970500946, -0.04363249987363815, -0.008278733119368553, -0.0824432373046875, 0.0909193903207779, 0.07696652412414551, 0.004057213664054871, 0.04566730558872223, -0.0698750913143158, -0.08385971188545227, -0.0923788994550705, 0.004013175144791603, -0.07948701083660126, 0.08895386755466461, -0.009143002331256866, 0.02015962451696396, -0.056494101881980896, 0.07745709270238876, 0.06917740404605865, -0.040495119988918304, 0.06671636551618576, 0.08288583159446716, -0.010227779857814312, -0.015073045156896114, -0.04544021934270859, 0.04293963685631752, 0.01412874087691307, 0.04378204792737961, 0.02547641471028328, 0.023218192160129547, 0.017341582104563713, 0.05361489951610565]","['a98fa8e2ddb88b9942faab267709b4978236921180d00020ca5a253662ff29b0', 'bd98014a67993845405356d0332d86e3afb148b6001ad99aab92eda23413f1ba', 'a98fa8e2ddb88b9942faab267709b4978236921180d00020ca5a253662ff29b0', '92904e0eaf3712c6446f7b5f0b1125b9932177c94d96f12619ae67524ae17174', 'bd98014a67993845405356d0332d86e3afb148b6001ad99aab92eda23413f1ba']","['a98fa8e2ddb88b9942faab267709b4978236921180d00020ca5a253662ff29b0', '6ca3c8f69c7e6ad24de303294daf21df7655ef4cdd9db45b7410366658fe2f7b', '74319045f865a903250755122323751233853cf21a4c48255aa5dc345c957ece', '13b6ca1bb523c93ff7ca43aef91b646a7d99fd7091aa98335f8f61cf1370b834', '546c9a80c4c64973f0f3023346069ed8da5f29423e834e6cc83a2d0bfa57508e', '259bc2f70cfed7fbc444ba2b3aa7e80fdfb037e27d5cffd72ee61623fc24b116', '690f384b656c89df9983f1a44763841539c46ae211c6aa3e80a8e611a3f949f5', 'c8a1df2802750200d6c482379e47b5f0edce3a618addc01135f6a1560ea943e9', 'b0ea953f6ca22965c7c05713a4f4a3a25046527c58a81dfc8a9ed47765970d0c', '179241877e3c4beb9ce6fbb5994094eb4cc5b8eaf2a8e77874eceb11a38fea8f', '92904e0eaf3712c6446f7b5f0b1125b9932177c94d96f12619ae67524ae17174', 'cd11add86734a645cc46dae8b6bf3886e60ff77e32a01d62b9b9b5c1d53d4f55', 'bc90d2326dc48594c5c6903bda2a44580d65849cbcb27df26de18d986528b4a8', '1a20454bb43c207a15776c3b1510ed8664cd1376beff19ec4f4c487974367d76', '1caea98e442ee03e29ec0310bc0b136ba718200d26c8184497f7a0c0e5019f2a', '2b2cf6c848046e9863434ffc460a73860c0b82625d2975aefa6d6b213fbee443', 'f4f438b6a19a0f3e387926c0e78474215dfd9a0d5f943b9d0c0563cdaa538278', '3ce3eeb85e257e755bafe7bfd85b2396ae32366e19b440e05629db0d105d53e2', '7933aa6870edd4a1bc9ce624ba57a2cc3f92cb61607711a09d226024da2f3706', 'bd98014a67993845405356d0332d86e3afb148b6001ad99aab92eda23413f1ba', 'c534b0976f9ec90cd0623999d3d6ca8abd6f1c025f938e6e7a232150b99bbabe', 'c11dae89d3384b0195dc35e5e34d845dcc37974d2e64b4a097018e1fe89c41b3', '5d50eb84efa8220f16314170ad6297428eb90483aab2c35f1faff3c6459b5e95', 'fa7b3854abe05d16a9c281c97918a8310f21186274c5ed8686876d1fd3dbb8cd', 'da16a53918ddd9e01beb99024be68edf47a842baff40ef434f6f6ff0b12f3fff']",1549902821333
932,58d661ed6a24f0782c94cc9495f34f967e97b5713aba8970eaa27146589c0714,"[-0.11428173631429672, -0.04857649281620979, 0.03641349822282791, 0.004891997203230858, -0.0732249915599823, -0.04104430973529816, 0.07010863721370697, -0.030271604657173157, 0.07617777585983276, 0.09811143577098846, 0.04150335490703583, -0.060227490961551666, -0.10727085173130035, -0.046593159437179565, -0.03526083379983902, 0.006292559206485748, 0.012504849582910538, 0.010182105004787445, 0.05879656970500946, -0.04363249987363815, -0.008278733119368553, -0.0824432373046875, 0.0909193903207779, 0.07696652412414551, 0.004057213664054871, 0.04566730558872223, -0.0698750913143158, -0.08385971188545227, -0.0923788994550705, 0.004013175144791603, -0.07948701083660126, 0.08895386755466461, -0.009143002331256866, 0.02015962451696396, -0.056494101881980896, 0.07745709270238876, 0.06917740404605865, -0.040495119988918304, 0.06671636551618576, 0.08288583159446716, -0.010227779857814312, -0.015073045156896114, -0.04544021934270859, 0.04293963685631752, 0.01412874087691307, 0.04378204792737961, 0.02547641471028328, 0.023218192160129547, 0.017341582104563713, 0.05361489951610565]","['a98fa8e2ddb88b9942faab267709b4978236921180d00020ca5a253662ff29b0', 'bd98014a67993845405356d0332d86e3afb148b6001ad99aab92eda23413f1ba', 'a98fa8e2ddb88b9942faab267709b4978236921180d00020ca5a253662ff29b0', '92904e0eaf3712c6446f7b5f0b1125b9932177c94d96f12619ae67524ae17174', 'bd98014a67993845405356d0332d86e3afb148b6001ad99aab92eda23413f1ba']","['a98fa8e2ddb88b9942faab267709b4978236921180d00020ca5a253662ff29b0', '6ca3c8f69c7e6ad24de303294daf21df7655ef4cdd9db45b7410366658fe2f7b', '74319045f865a903250755122323751233853cf21a4c48255aa5dc345c957ece', '13b6ca1bb523c93ff7ca43aef91b646a7d99fd7091aa98335f8f61cf1370b834', '546c9a80c4c64973f0f3023346069ed8da5f29423e834e6cc83a2d0bfa57508e', '259bc2f70cfed7fbc444ba2b3aa7e80fdfb037e27d5cffd72ee61623fc24b116', '690f384b656c89df9983f1a44763841539c46ae211c6aa3e80a8e611a3f949f5', 'c8a1df2802750200d6c482379e47b5f0edce3a618addc01135f6a1560ea943e9', 'b0ea953f6ca22965c7c05713a4f4a3a25046527c58a81dfc8a9ed47765970d0c', '179241877e3c4beb9ce6fbb5994094eb4cc5b8eaf2a8e77874eceb11a38fea8f', '92904e0eaf3712c6446f7b5f0b1125b9932177c94d96f12619ae67524ae17174', 'cd11add86734a645cc46dae8b6bf3886e60ff77e32a01d62b9b9b5c1d53d4f55', 'bc90d2326dc48594c5c6903bda2a44580d65849cbcb27df26de18d986528b4a8', '1a20454bb43c207a15776c3b1510ed8664cd1376beff19ec4f4c487974367d76', '1caea98e442ee03e29ec0310bc0b136ba718200d26c8184497f7a0c0e5019f2a', '2b2cf6c848046e9863434ffc460a73860c0b82625d2975aefa6d6b213fbee443', 'f4f438b6a19a0f3e387926c0e78474215dfd9a0d5f943b9d0c0563cdaa538278', '3ce3eeb85e257e755bafe7bfd85b2396ae32366e19b440e05629db0d105d53e2', '7933aa6870edd4a1bc9ce624ba57a2cc3f92cb61607711a09d226024da2f3706', 'bd98014a67993845405356d0332d86e3afb148b6001ad99aab92eda23413f1ba', 'c534b0976f9ec90cd0623999d3d6ca8abd6f1c025f938e6e7a232150b99bbabe', 'c11dae89d3384b0195dc35e5e34d845dcc37974d2e64b4a097018e1fe89c41b3', '5d50eb84efa8220f16314170ad6297428eb90483aab2c35f1faff3c6459b5e95', 'fa7b3854abe05d16a9c281c97918a8310f21186274c5ed8686876d1fd3dbb8cd', 'da16a53918ddd9e01beb99024be68edf47a842baff40ef434f6f6ff0b12f3fff']",1549902821333
933,58d661ed6a24f0782c94cc9495f34f967e97b5713aba8970eaa27146589c0714,"[-0.11428173631429672, -0.04857649281620979, 0.03641349822282791, 0.004891997203230858, -0.0732249915599823, -0.04104430973529816, 0.07010863721370697, -0.030271604657173157, 0.07617777585983276, 0.09811143577098846, 0.04150335490703583, -0.060227490961551666, -0.10727085173130035, -0.046593159437179565, -0.03526083379983902, 0.006292559206485748, 0.012504849582910538, 0.010182105004787445, 0.05879656970500946, -0.04363249987363815, -0.008278733119368553, -0.0824432373046875, 0.0909193903207779, 0.07696652412414551, 0.004057213664054871, 0.04566730558872223, -0.0698750913143158, -0.08385971188545227, -0.0923788994550705, 0.004013175144791603, -0.07948701083660126, 0.08895386755466461, -0.009143002331256866, 0.02015962451696396, -0.056494101881980896, 0.07745709270238876, 0.06917740404605865, -0.040495119988918304, 0.06671636551618576, 0.08288583159446716, -0.010227779857814312, -0.015073045156896114, -0.04544021934270859, 0.04293963685631752, 0.01412874087691307, 0.04378204792737961, 0.02547641471028328, 0.023218192160129547, 0.017341582104563713, 0.05361489951610565]","['a98fa8e2ddb88b9942faab267709b4978236921180d00020ca5a253662ff29b0', 'bd98014a67993845405356d0332d86e3afb148b6001ad99aab92eda23413f1ba', 'a98fa8e2ddb88b9942faab267709b4978236921180d00020ca5a253662ff29b0', '92904e0eaf3712c6446f7b5f0b1125b9932177c94d96f12619ae67524ae17174', 'bd98014a67993845405356d0332d86e3afb148b6001ad99aab92eda23413f1ba']","['a98fa8e2ddb88b9942faab267709b4978236921180d00020ca5a253662ff29b0', '6ca3c8f69c7e6ad24de303294daf21df7655ef4cdd9db45b7410366658fe2f7b', '74319045f865a903250755122323751233853cf21a4c48255aa5dc345c957ece', '13b6ca1bb523c93ff7ca43aef91b646a7d99fd7091aa98335f8f61cf1370b834', '546c9a80c4c64973f0f3023346069ed8da5f29423e834e6cc83a2d0bfa57508e', '259bc2f70cfed7fbc444ba2b3aa7e80fdfb037e27d5cffd72ee61623fc24b116', '690f384b656c89df9983f1a44763841539c46ae211c6aa3e80a8e611a3f949f5', 'c8a1df2802750200d6c482379e47b5f0edce3a618addc01135f6a1560ea943e9', 'b0ea953f6ca22965c7c05713a4f4a3a25046527c58a81dfc8a9ed47765970d0c', '179241877e3c4beb9ce6fbb5994094eb4cc5b8eaf2a8e77874eceb11a38fea8f', '92904e0eaf3712c6446f7b5f0b1125b9932177c94d96f12619ae67524ae17174', 'cd11add86734a645cc46dae8b6bf3886e60ff77e32a01d62b9b9b5c1d53d4f55', 'bc90d2326dc48594c5c6903bda2a44580d65849cbcb27df26de18d986528b4a8', '1a20454bb43c207a15776c3b1510ed8664cd1376beff19ec4f4c487974367d76', '1caea98e442ee03e29ec0310bc0b136ba718200d26c8184497f7a0c0e5019f2a', '2b2cf6c848046e9863434ffc460a73860c0b82625d2975aefa6d6b213fbee443', 'f4f438b6a19a0f3e387926c0e78474215dfd9a0d5f943b9d0c0563cdaa538278', '3ce3eeb85e257e755bafe7bfd85b2396ae32366e19b440e05629db0d105d53e2', '7933aa6870edd4a1bc9ce624ba57a2cc3f92cb61607711a09d226024da2f3706', 'bd98014a67993845405356d0332d86e3afb148b6001ad99aab92eda23413f1ba', 'c534b0976f9ec90cd0623999d3d6ca8abd6f1c025f938e6e7a232150b99bbabe', 'c11dae89d3384b0195dc35e5e34d845dcc37974d2e64b4a097018e1fe89c41b3', '5d50eb84efa8220f16314170ad6297428eb90483aab2c35f1faff3c6459b5e95', 'fa7b3854abe05d16a9c281c97918a8310f21186274c5ed8686876d1fd3dbb8cd', 'da16a53918ddd9e01beb99024be68edf47a842baff40ef434f6f6ff0b12f3fff']",1549902821333
934,58d661ed6a24f0782c94cc9495f34f967e97b5713aba8970eaa27146589c0714,"[-0.11428173631429672, -0.04857649281620979, 0.03641349822282791, 0.004891997203230858, -0.0732249915599823, -0.04104430973529816, 0.07010863721370697, -0.030271604657173157, 0.07617777585983276, 0.09811143577098846, 0.04150335490703583, -0.060227490961551666, -0.10727085173130035, -0.046593159437179565, -0.03526083379983902, 0.006292559206485748, 0.012504849582910538, 0.010182105004787445, 0.05879656970500946, -0.04363249987363815, -0.008278733119368553, -0.0824432373046875, 0.0909193903207779, 0.07696652412414551, 0.004057213664054871, 0.04566730558872223, -0.0698750913143158, -0.08385971188545227, -0.0923788994550705, 0.004013175144791603, -0.07948701083660126, 0.08895386755466461, -0.009143002331256866, 0.02015962451696396, -0.056494101881980896, 0.07745709270238876, 0.06917740404605865, -0.040495119988918304, 0.06671636551618576, 0.08288583159446716, -0.010227779857814312, -0.015073045156896114, -0.04544021934270859, 0.04293963685631752, 0.01412874087691307, 0.04378204792737961, 0.02547641471028328, 0.023218192160129547, 0.017341582104563713, 0.05361489951610565]","['a98fa8e2ddb88b9942faab267709b4978236921180d00020ca5a253662ff29b0', 'bd98014a67993845405356d0332d86e3afb148b6001ad99aab92eda23413f1ba', 'a98fa8e2ddb88b9942faab267709b4978236921180d00020ca5a253662ff29b0', '92904e0eaf3712c6446f7b5f0b1125b9932177c94d96f12619ae67524ae17174', 'bd98014a67993845405356d0332d86e3afb148b6001ad99aab92eda23413f1ba']","['a98fa8e2ddb88b9942faab267709b4978236921180d00020ca5a253662ff29b0', '6ca3c8f69c7e6ad24de303294daf21df7655ef4cdd9db45b7410366658fe2f7b', '74319045f865a903250755122323751233853cf21a4c48255aa5dc345c957ece', '13b6ca1bb523c93ff7ca43aef91b646a7d99fd7091aa98335f8f61cf1370b834', '546c9a80c4c64973f0f3023346069ed8da5f29423e834e6cc83a2d0bfa57508e', '259bc2f70cfed7fbc444ba2b3aa7e80fdfb037e27d5cffd72ee61623fc24b116', '690f384b656c89df9983f1a44763841539c46ae211c6aa3e80a8e611a3f949f5', 'c8a1df2802750200d6c482379e47b5f0edce3a618addc01135f6a1560ea943e9', 'b0ea953f6ca22965c7c05713a4f4a3a25046527c58a81dfc8a9ed47765970d0c', '179241877e3c4beb9ce6fbb5994094eb4cc5b8eaf2a8e77874eceb11a38fea8f', '92904e0eaf3712c6446f7b5f0b1125b9932177c94d96f12619ae67524ae17174', 'cd11add86734a645cc46dae8b6bf3886e60ff77e32a01d62b9b9b5c1d53d4f55', 'bc90d2326dc48594c5c6903bda2a44580d65849cbcb27df26de18d986528b4a8', '1a20454bb43c207a15776c3b1510ed8664cd1376beff19ec4f4c487974367d76', '1caea98e442ee03e29ec0310bc0b136ba718200d26c8184497f7a0c0e5019f2a', '2b2cf6c848046e9863434ffc460a73860c0b82625d2975aefa6d6b213fbee443', 'f4f438b6a19a0f3e387926c0e78474215dfd9a0d5f943b9d0c0563cdaa538278', '3ce3eeb85e257e755bafe7bfd85b2396ae32366e19b440e05629db0d105d53e2', '7933aa6870edd4a1bc9ce624ba57a2cc3f92cb61607711a09d226024da2f3706', 'bd98014a67993845405356d0332d86e3afb148b6001ad99aab92eda23413f1ba', 'c534b0976f9ec90cd0623999d3d6ca8abd6f1c025f938e6e7a232150b99bbabe', 'c11dae89d3384b0195dc35e5e34d845dcc37974d2e64b4a097018e1fe89c41b3', '5d50eb84efa8220f16314170ad6297428eb90483aab2c35f1faff3c6459b5e95', 'fa7b3854abe05d16a9c281c97918a8310f21186274c5ed8686876d1fd3dbb8cd', 'da16a53918ddd9e01beb99024be68edf47a842baff40ef434f6f6ff0b12f3fff']",1549902821333
935,58d661ed6a24f0782c94cc9495f34f967e97b5713aba8970eaa27146589c0714,"[-0.11428173631429672, -0.04857649281620979, 0.03641349822282791, 0.004891997203230858, -0.0732249915599823, -0.04104430973529816, 0.07010863721370697, -0.030271604657173157, 0.07617777585983276, 0.09811143577098846, 0.04150335490703583, -0.060227490961551666, -0.10727085173130035, -0.046593159437179565, -0.03526083379983902, 0.006292559206485748, 0.012504849582910538, 0.010182105004787445, 0.05879656970500946, -0.04363249987363815, -0.008278733119368553, -0.0824432373046875, 0.0909193903207779, 0.07696652412414551, 0.004057213664054871, 0.04566730558872223, -0.0698750913143158, -0.08385971188545227, -0.0923788994550705, 0.004013175144791603, -0.07948701083660126, 0.08895386755466461, -0.009143002331256866, 0.02015962451696396, -0.056494101881980896, 0.07745709270238876, 0.06917740404605865, -0.040495119988918304, 0.06671636551618576, 0.08288583159446716, -0.010227779857814312, -0.015073045156896114, -0.04544021934270859, 0.04293963685631752, 0.01412874087691307, 0.04378204792737961, 0.02547641471028328, 0.023218192160129547, 0.017341582104563713, 0.05361489951610565]","['a98fa8e2ddb88b9942faab267709b4978236921180d00020ca5a253662ff29b0', 'bd98014a67993845405356d0332d86e3afb148b6001ad99aab92eda23413f1ba', 'a98fa8e2ddb88b9942faab267709b4978236921180d00020ca5a253662ff29b0', '92904e0eaf3712c6446f7b5f0b1125b9932177c94d96f12619ae67524ae17174', 'bd98014a67993845405356d0332d86e3afb148b6001ad99aab92eda23413f1ba']","['a98fa8e2ddb88b9942faab267709b4978236921180d00020ca5a253662ff29b0', '6ca3c8f69c7e6ad24de303294daf21df7655ef4cdd9db45b7410366658fe2f7b', '74319045f865a903250755122323751233853cf21a4c48255aa5dc345c957ece', '13b6ca1bb523c93ff7ca43aef91b646a7d99fd7091aa98335f8f61cf1370b834', '546c9a80c4c64973f0f3023346069ed8da5f29423e834e6cc83a2d0bfa57508e', '259bc2f70cfed7fbc444ba2b3aa7e80fdfb037e27d5cffd72ee61623fc24b116', '690f384b656c89df9983f1a44763841539c46ae211c6aa3e80a8e611a3f949f5', 'c8a1df2802750200d6c482379e47b5f0edce3a618addc01135f6a1560ea943e9', 'b0ea953f6ca22965c7c05713a4f4a3a25046527c58a81dfc8a9ed47765970d0c', '179241877e3c4beb9ce6fbb5994094eb4cc5b8eaf2a8e77874eceb11a38fea8f', '92904e0eaf3712c6446f7b5f0b1125b9932177c94d96f12619ae67524ae17174', 'cd11add86734a645cc46dae8b6bf3886e60ff77e32a01d62b9b9b5c1d53d4f55', 'bc90d2326dc48594c5c6903bda2a44580d65849cbcb27df26de18d986528b4a8', '1a20454bb43c207a15776c3b1510ed8664cd1376beff19ec4f4c487974367d76', '1caea98e442ee03e29ec0310bc0b136ba718200d26c8184497f7a0c0e5019f2a', '2b2cf6c848046e9863434ffc460a73860c0b82625d2975aefa6d6b213fbee443', 'f4f438b6a19a0f3e387926c0e78474215dfd9a0d5f943b9d0c0563cdaa538278', '3ce3eeb85e257e755bafe7bfd85b2396ae32366e19b440e05629db0d105d53e2', '7933aa6870edd4a1bc9ce624ba57a2cc3f92cb61607711a09d226024da2f3706', 'bd98014a67993845405356d0332d86e3afb148b6001ad99aab92eda23413f1ba', 'c534b0976f9ec90cd0623999d3d6ca8abd6f1c025f938e6e7a232150b99bbabe', 'c11dae89d3384b0195dc35e5e34d845dcc37974d2e64b4a097018e1fe89c41b3', '5d50eb84efa8220f16314170ad6297428eb90483aab2c35f1faff3c6459b5e95', 'fa7b3854abe05d16a9c281c97918a8310f21186274c5ed8686876d1fd3dbb8cd', 'da16a53918ddd9e01beb99024be68edf47a842baff40ef434f6f6ff0b12f3fff']",1549902821333
936,780b8ec4f770fe7e3266edc0b706cf7552f6adfed319b299086513ad468d7198,"[-0.16816610097885132, -0.07088449597358704, 0.038004398345947266, -0.19972550868988037, 0.0807865709066391, -0.06211799383163452, -0.06536611169576645, 0.299288809299469, -0.002093089744448662, 0.1512783169746399, -0.07272954285144806, -0.07051840424537659, 0.02299024723470211, -0.06952992081642151, 0.09763599187135696, 0.03435380011796951, -0.07347732782363892, -0.025920595973730087, -0.056499987840652466, 0.061450812965631485, -0.05511296167969704, -0.03524898737668991, -0.031299181282520294, -0.024109559133648872, 0.0446026474237442, 0.005293590947985649, 0.04167666658759117, -0.0029829731211066246, -0.021261116489768028, 0.04748367518186569, 0.05316852033138275, -0.04139403626322746, -0.03358162194490433, -0.025047076866030693, -0.011905219405889511, 0.008344580419361591, -0.005001339595764875, -0.04882014915347099, 0.00771714560687542, -0.030720138922333717, -0.012553997337818146, 0.10501904040575027, 0.0008810055442154408, 0.006033392623066902, 0.09420356154441833, -0.03027106076478958, -0.0017059268429875374, -0.027621839195489883, 0.010830393992364407, 0.02172388881444931]",,,1547869754318
937,d70a848965b91d233251cd98f763db85d63cfd042a373db8ab14467bd9f652b3,"[-0.1453433632850647, -0.16565290093421936, 0.12671200931072235, -0.12122802436351776, -0.08262266218662262, -0.12349674105644226, 0.06741686165332794, -0.08083231747150421, 0.091067835688591, 0.0030681267380714417, -0.08977672457695007, 0.04754458740353584, 0.1768537163734436, -0.0955500528216362, 0.18303346633911133, 0.0230869073420763, 0.03539558872580528, -0.035092487931251526, -0.06982599943876266, -0.03287072479724884, -0.08988204598426819, 0.028137732297182083, 0.03035576082766056, -0.08668249845504761, -0.03693437576293945, -0.01693311706185341, 0.03488796949386597, 0.011165694333612919, 0.006935933139175177, 0.07760311663150787, -0.1019761711359024, 0.005392113700509071, 0.03954147547483444, 0.046735964715480804, -0.14068570733070374, -0.006374682765454054, 0.06575693935155869, -0.005679932422935963, -0.05742665380239487, -0.016890114173293114, 0.0392376184463501, 0.09299995005130768, -0.0025462470948696136, -0.0364682599902153, -0.038572683930397034, 0.09239146113395691, -0.03246887028217316, 0.03921273350715637, -0.055495716631412506, -0.07337456941604614]",,"['3342b0e882e4d8e945b1a581c67e777a7acd387a770472ef4564be84df5002ee', '732cc668b257056b83785740ba010aef459b8f964887d1150165705f477b3227', '869f18ccbc3b01f66d544803403546b0ee65d14d66bc82faf843b37db8b7f9e8', '8e5833f53223c18d15d5f017c8d61456bf6bfdd3cc9450320014465569f7ba63', 'eebe8dcf4f4ef7e3224c3b041d534f4f5a5c6058a66e56147e12edabab209193', 'c2787da1ca85507e15b8b58e163720be87ec5f810055070c2e2e3572a1b91e7c', '3e678db1430f7d404d2ba65f108076bf34892d3e0ad39f4d4c624f300dc1bbc3', 'e20f718284b01beddb454d8f440f651aaffcc69b1688fed692a2c398b9171f2e', 'b5272e0dd103a7bf041496354ceeec0521d6bf5934de3f2ce54b0a8254d813b7', '358e50929b7c53cc78d6fd80c40594853aa732f26d9e6e517ca0a0116255578e', '017f08459ee68c90c6e4199214e617e825ba6b6e2663e304a5c7704404b89f08', '5b934cfd1f451134bd201ac170f57043f14c03f46bf11b3ceeb473480df8df17', '736f75a22d205969d1ba679a84674e16c20dddad506dabeb50ece71108ee704b', 'd1656ad7469aec483e84e2be6f6e7fc5da37ad05dd5697d186c3c843f4ceb936', 'da2209ddefe0c5a52ab5d0b51de653ea92d33eb2ecd9a93c4dc741aae68a2816', '88616e2d7c86e1e26eae0331cee045ee69e2b6e7ab7d7c0dec54ec55df524fb3', '5a07110223cb99b1f49fb644fc3228f340467d81a2794493fec464c2b47b666c', '12ce5ce79d166424134646f9374033567a01c36123022267225eecfcd88f57c7', 'caa659c5fe91e05dd60b29651a8c1b5b86f59ad9e2373cc55346a39ff83a2b16', '4f301000067b62c0d416c806a9cba8af337b525afdf16bd600b01eef6dc4eb1e', '39d09f296188440532d47ccda6c749f42a0aefc26a3f870046a77511e6013f1e', 'ccb450bf19b2a6c02d4699aeba186cb8a80fe395d7a2868b940bc6aa72d21d98', '1fd0aad1ddce2d0ed617509b0308f18d86ca835a55390c655034910f27f3b7bb', '5640abdeb0aed3c1f3d20dc1a8572d349bf4400f4b9c0a09bfcb49982148c446', '78b55657e9ff9ce00e55238a7f0ab61987d0ee5c883572c70ab4bab7ffff5e51']",1547903481321
938,d70a848965b91d233251cd98f763db85d63cfd042a373db8ab14467bd9f652b3,"[-0.1453433632850647, -0.16565290093421936, 0.12671200931072235, -0.12122802436351776, -0.08262266218662262, -0.12349674105644226, 0.06741686165332794, -0.08083231747150421, 0.091067835688591, 0.0030681267380714417, -0.08977672457695007, 0.04754458740353584, 0.1768537163734436, -0.0955500528216362, 0.18303346633911133, 0.0230869073420763, 0.03539558872580528, -0.035092487931251526, -0.06982599943876266, -0.03287072479724884, -0.08988204598426819, 0.028137732297182083, 0.03035576082766056, -0.08668249845504761, -0.03693437576293945, -0.01693311706185341, 0.03488796949386597, 0.011165694333612919, 0.006935933139175177, 0.07760311663150787, -0.1019761711359024, 0.005392113700509071, 0.03954147547483444, 0.046735964715480804, -0.14068570733070374, -0.006374682765454054, 0.06575693935155869, -0.005679932422935963, -0.05742665380239487, -0.016890114173293114, 0.0392376184463501, 0.09299995005130768, -0.0025462470948696136, -0.0364682599902153, -0.038572683930397034, 0.09239146113395691, -0.03246887028217316, 0.03921273350715637, -0.055495716631412506, -0.07337456941604614]",,"['3342b0e882e4d8e945b1a581c67e777a7acd387a770472ef4564be84df5002ee', '732cc668b257056b83785740ba010aef459b8f964887d1150165705f477b3227', '869f18ccbc3b01f66d544803403546b0ee65d14d66bc82faf843b37db8b7f9e8', '8e5833f53223c18d15d5f017c8d61456bf6bfdd3cc9450320014465569f7ba63', 'eebe8dcf4f4ef7e3224c3b041d534f4f5a5c6058a66e56147e12edabab209193', 'c2787da1ca85507e15b8b58e163720be87ec5f810055070c2e2e3572a1b91e7c', '3e678db1430f7d404d2ba65f108076bf34892d3e0ad39f4d4c624f300dc1bbc3', 'e20f718284b01beddb454d8f440f651aaffcc69b1688fed692a2c398b9171f2e', 'b5272e0dd103a7bf041496354ceeec0521d6bf5934de3f2ce54b0a8254d813b7', '358e50929b7c53cc78d6fd80c40594853aa732f26d9e6e517ca0a0116255578e', '017f08459ee68c90c6e4199214e617e825ba6b6e2663e304a5c7704404b89f08', '5b934cfd1f451134bd201ac170f57043f14c03f46bf11b3ceeb473480df8df17', '736f75a22d205969d1ba679a84674e16c20dddad506dabeb50ece71108ee704b', 'd1656ad7469aec483e84e2be6f6e7fc5da37ad05dd5697d186c3c843f4ceb936', 'da2209ddefe0c5a52ab5d0b51de653ea92d33eb2ecd9a93c4dc741aae68a2816', '88616e2d7c86e1e26eae0331cee045ee69e2b6e7ab7d7c0dec54ec55df524fb3', '5a07110223cb99b1f49fb644fc3228f340467d81a2794493fec464c2b47b666c', '12ce5ce79d166424134646f9374033567a01c36123022267225eecfcd88f57c7', 'caa659c5fe91e05dd60b29651a8c1b5b86f59ad9e2373cc55346a39ff83a2b16', '4f301000067b62c0d416c806a9cba8af337b525afdf16bd600b01eef6dc4eb1e', '39d09f296188440532d47ccda6c749f42a0aefc26a3f870046a77511e6013f1e', 'ccb450bf19b2a6c02d4699aeba186cb8a80fe395d7a2868b940bc6aa72d21d98', '1fd0aad1ddce2d0ed617509b0308f18d86ca835a55390c655034910f27f3b7bb', '5640abdeb0aed3c1f3d20dc1a8572d349bf4400f4b9c0a09bfcb49982148c446', '78b55657e9ff9ce00e55238a7f0ab61987d0ee5c883572c70ab4bab7ffff5e51']",1547903481321
939,2ac73560cff3a9285f438d557ece399e44fe940caefdb292badd1ab1011fb6d4,"[-0.15594220161437988, -0.02324594371020794, -0.07235987484455109, -0.12459881603717804, 0.030340515077114105, 0.01495790109038353, -0.09872257709503174, -0.03536096587777138, -0.07506921887397766, -0.006524315103888512, -0.028426744043827057, -0.013584747910499573, -0.05613998696208, -0.0340149812400341, 0.015085737220942974, 0.08036980777978897, 0.07192672789096832, 0.03981190547347069, -0.024463532492518425, -0.03442124277353287, -0.02127608098089695, -0.001234070397913456, -0.04808074235916138, 0.03058774769306183, 0.030729060992598534, -0.0006565582007169724, -0.003758396953344345, -0.006312033161520958, 0.01256317924708128, -0.03785217925906181, 0.007831582799553871, 0.013850253075361252, -0.028251081705093384, -0.004396957345306873, -0.01358124054968357, 0.008897257037460804, -0.016591157764196396, 0.005038853734731674, -0.020288672298192978, 0.024279020726680756, 0.010584020987153053, 0.012111191637814045, 0.006072718184441328, -0.009223510511219501, -0.013378286734223366, 0.013670571148395538, -0.01754613220691681, -0.047961004078388214, 0.032510459423065186, -0.004463307559490204]",,"['495bad621fc3ea1903e65d7d8081d11f4adc97a9136dd7a47792efe035bb128f', 'ea7ed145f646945c2cd462e5af746fc005b18371e988cd94f74109b71af4dc8f', '8333a692aced770c4ea53b174b4daaf12e61670c0992d200113fa6508e7f28e2', '78cc36836ba492c9f1551f6fffd195b3eb71191179982275f4761144bb5c5015', 'd286f34bdc0707c0c6714348481ff5bffc17211e82a25dd81f64ba4e9acac679', '58c64456f8220a5375f2f70608b512f5a9a50cc29db28dea5d36851709414fe1', 'ba76b0d529e22cbd5c472a49ae1f88d2aa8358bcb534b594937a9f09cf2b379c', '51b87876d9f3cc1a38858e339e063246eedde233625dfaf5ff8e7b3081afa299', '4868a7a75feb61de78ef0ae3e44bfaaa391358148cbff1d4f779b63c21a4b3d3', '8fd75d09bb0088d6bfebddff7300cd8f1869a98f0bace6485fd2091a5038c221', '73e618add1c9c639417ae350af43c2d8df66611a524190cfb1912b864eb05a2c', '888b8cd8a09d4d65fd70de621cabf4642dceb48057a1da91cc0d60132f949812', '3e13c209e0f00210f3d50f4d4bec1cb3f28ffef2e7adaea8b3ea482e5a6dc1f9', 'b11afcbc9a9fefa75154c8f05a8178a5a88c08ead9291799ca917accddb3e3e7']",1548205121335
940,48a702eab000ba743be4250203a604deac8900d4dc9a621af34db3f0651203e4,"[-0.05722709372639656, -0.13940614461898804, 0.0052628470584750175, -0.0039917295798659325, 0.16569554805755615, 0.04781942069530487, 0.07539878785610199, -0.10161066800355911, -0.06016494706273079, -0.05145162343978882, -0.010008567944169044, 0.02445165067911148, 0.008303310722112656, 0.004173554014414549, -0.006057344377040863, 0.01979171112179756, -0.014074020087718964, -0.020556744188070297, -0.004269485827535391, 0.049213193356990814, 0.03151792287826538, -0.001449471339583397, -0.03227262943983078, 0.0004049111157655716, 0.015155709348618984, -0.00904757622629404, -0.030150238424539566, -0.01876295916736126, -0.01133088767528534, -0.012045182287693024, -0.014797758311033249, 0.01720092073082924, -0.015306897461414337, 0.0018086032941937447, -0.01574348658323288, -0.015658307820558548, -0.02417757734656334, 0.008814346976578236, -0.001639016903936863, 0.0307031087577343, 0.002097299788147211, -0.01784229278564453, -0.014612006023526192, -0.010812802240252495, 0.025211669504642487, -0.01568162813782692, -0.008826514706015587, -0.0036080218851566315, 0.0070984456688165665, 0.01115725003182888]","['0cd8d336167ae5682ff5671fc8e8b1512f77c80bd13e825635acbcf16d1d4076', '0cd8d336167ae5682ff5671fc8e8b1512f77c80bd13e825635acbcf16d1d4076', '0cd8d336167ae5682ff5671fc8e8b1512f77c80bd13e825635acbcf16d1d4076', '0cd8d336167ae5682ff5671fc8e8b1512f77c80bd13e825635acbcf16d1d4076', '0cd8d336167ae5682ff5671fc8e8b1512f77c80bd13e825635acbcf16d1d4076']","['5b79e5e6a766dc0f267fe4c101092c5adbee1d37cc15af63fe0950c11b5b167f', '7de92eb573d1af841bce6959433ec3ebdf98c7cd2c40b52c3a92dc77b915b74f', '0cd8d336167ae5682ff5671fc8e8b1512f77c80bd13e825635acbcf16d1d4076', 'b7301fc3f4beaddb027a4286f3ae3da00c2a0aaced4e1e16149f02ec53ce01b9', 'bf4c40151c9b65a7d0757e3b425b9afa4c044143947ca075e110eff721baa98a', 'd55bd4c62b4c43010430a8b16fdab5078973e067bc942aad7405c239c54fe19e', '7da46e35c3f23b3a62f58965308a04453cd85b409f68e5bddfcc58891987aaad']",1548547309211
941,39beed987568562292631eef7780a0c30935658669b5dbbed073db1eb4f911c5,"[-0.22348657250404358, 0.05284644663333893, -0.008620419539511204, -0.11574187874794006, -0.04379869997501373, 0.015725115314126015, 0.2412146031856537, 0.025755494832992554, -0.028102360665798187, 0.02889304794371128, 0.042868975549936295, 0.013919681310653687, -0.1158464252948761, 0.006507369689643383, -0.03883470594882965, 0.07901164889335632, 0.14204275608062744, 0.009512155316770077, -0.02093622274696827, -0.015618213452398777, -0.05269784480333328, 0.08421964198350906, -0.08433493971824646, 0.11783932149410248, 0.0497027151286602, -0.02537483535706997, 0.029553236439824104, 0.054477110505104065, -0.005315504968166351, -0.0038187336176633835, -0.010977942496538162, 0.020219609141349792, -0.001607940997928381, 0.001586327562108636, -0.011996209621429443, 0.055848024785518646, -0.013812180608510971, -0.021136987954378128, -0.004709804430603981, 0.025685423985123634, -0.005825131665915251, 0.011262397281825542, 0.02467518299818039, 0.008716022595763206, -0.039698824286460876, -0.027100078761577606, 0.005678304471075535, -0.03593960031867027, 0.017157360911369324, -0.023775707930326462]",,"['c17daa37dc5a0199940118e7edb402526fbca70929086f2e7ba042c5af2299b3', '68738c13b7441d71cae003b50fa68e10b8de4d6d53882726b4fdeec89b24818f', '07069277a5e256699c9f78bf62f7a713f914ed48412a0acedcb9b746f829f53b', '3888d851685d02b00cf419411a02070130565224fbb4761b407a7702b231b96e', '4a964ab2a91e949290cecc8d9f945e7d7365367ca04dc647fa313e21eb01a467', '212ef68ecbf25f1c91950b6dfbf26cf41372b88e0d8cbda3e56df1c403956e8d', 'b36d19ae2525aa3097cc1481cc7e5f623a4599df83b0a587f7218f6890df865b', '3e156b948226a798d739f6cba208f420e23511541a44ef9be3b8580f082dfd36', '37c4efc535addbd6f74bcbb7051c97edeaa4b18a69fc1444ae4c5371a9663f6a', 'e84da0c0d7e7d47eb7c5f10eb542656c6e2547d25c15de7332a808c15a63a467', '937df8fff745005961250479289176bb20a93ffceb571b76cd8062b13c9e79f7', '91469780457b4559ac04eadf00c258ced61fbc1f86a2aa9eb512e0ac77a5a6cd', '06836902b422621e79b84761673a2f22f6b60f8a0f671f0196c32e95495f6cc0', '971c547ccb2f9161bbe1a9edca78bd6773079280fd7da5b087225319f03ca7b7', '428aad85e897240bdec51acdcc78781f46728c42efc723614395ff543eafd9bb', '553a5d6a8b631c94ec1cef141b4212734307f6d0e5517047ae5a89826b2f9669', '7c8b1a1ddbb6457912b666a26cf4308ad50ba60b805b9ec746f04046d085524b', 'ff96d9c529d290d379a4deb19636f1a85f781a3a63704960b98421a65871816c', '40cfe15179d223e02b7ea653869aad5fb7bb307bb6f5e6ad282184db367c26ba', '2a3c9ac762207279b7c3b0da4d38ab8cf548afab60b767311906acdcb5269e9a', 'ed6d840d8821c5e8719b81ee6105530a109fc7dbb39f1c57e2574348279c0ce0', '12ee60c476069010d52a3b5df662756bcd3a911cea095c39e8b6aeb6c4be736f', '65027637a93f280dbab6aef45555f34ead8e68540ecceb3a8a38c6b054e393d2', '4422cf828d4e11c64f73299e1278cbf0b5c991ba3d1a228df3cc05c1142e04ed', '4674f2ae68f40a6da4ebf4d724a461c3b0da6eb696b3e5399a26131ee1a34efb']",1547920688007
942,39beed987568562292631eef7780a0c30935658669b5dbbed073db1eb4f911c5,"[-0.22348657250404358, 0.05284644663333893, -0.008620419539511204, -0.11574187874794006, -0.04379869997501373, 0.015725115314126015, 0.2412146031856537, 0.025755494832992554, -0.028102360665798187, 0.02889304794371128, 0.042868975549936295, 0.013919681310653687, -0.1158464252948761, 0.006507369689643383, -0.03883470594882965, 0.07901164889335632, 0.14204275608062744, 0.009512155316770077, -0.02093622274696827, -0.015618213452398777, -0.05269784480333328, 0.08421964198350906, -0.08433493971824646, 0.11783932149410248, 0.0497027151286602, -0.02537483535706997, 0.029553236439824104, 0.054477110505104065, -0.005315504968166351, -0.0038187336176633835, -0.010977942496538162, 0.020219609141349792, -0.001607940997928381, 0.001586327562108636, -0.011996209621429443, 0.055848024785518646, -0.013812180608510971, -0.021136987954378128, -0.004709804430603981, 0.025685423985123634, -0.005825131665915251, 0.011262397281825542, 0.02467518299818039, 0.008716022595763206, -0.039698824286460876, -0.027100078761577606, 0.005678304471075535, -0.03593960031867027, 0.017157360911369324, -0.023775707930326462]",,"['c17daa37dc5a0199940118e7edb402526fbca70929086f2e7ba042c5af2299b3', '68738c13b7441d71cae003b50fa68e10b8de4d6d53882726b4fdeec89b24818f', '07069277a5e256699c9f78bf62f7a713f914ed48412a0acedcb9b746f829f53b', '3888d851685d02b00cf419411a02070130565224fbb4761b407a7702b231b96e', '4a964ab2a91e949290cecc8d9f945e7d7365367ca04dc647fa313e21eb01a467', '212ef68ecbf25f1c91950b6dfbf26cf41372b88e0d8cbda3e56df1c403956e8d', 'b36d19ae2525aa3097cc1481cc7e5f623a4599df83b0a587f7218f6890df865b', '3e156b948226a798d739f6cba208f420e23511541a44ef9be3b8580f082dfd36', '37c4efc535addbd6f74bcbb7051c97edeaa4b18a69fc1444ae4c5371a9663f6a', 'e84da0c0d7e7d47eb7c5f10eb542656c6e2547d25c15de7332a808c15a63a467', '937df8fff745005961250479289176bb20a93ffceb571b76cd8062b13c9e79f7', '91469780457b4559ac04eadf00c258ced61fbc1f86a2aa9eb512e0ac77a5a6cd', '06836902b422621e79b84761673a2f22f6b60f8a0f671f0196c32e95495f6cc0', '971c547ccb2f9161bbe1a9edca78bd6773079280fd7da5b087225319f03ca7b7', '428aad85e897240bdec51acdcc78781f46728c42efc723614395ff543eafd9bb', '553a5d6a8b631c94ec1cef141b4212734307f6d0e5517047ae5a89826b2f9669', '7c8b1a1ddbb6457912b666a26cf4308ad50ba60b805b9ec746f04046d085524b', 'ff96d9c529d290d379a4deb19636f1a85f781a3a63704960b98421a65871816c', '40cfe15179d223e02b7ea653869aad5fb7bb307bb6f5e6ad282184db367c26ba', '2a3c9ac762207279b7c3b0da4d38ab8cf548afab60b767311906acdcb5269e9a', 'ed6d840d8821c5e8719b81ee6105530a109fc7dbb39f1c57e2574348279c0ce0', '12ee60c476069010d52a3b5df662756bcd3a911cea095c39e8b6aeb6c4be736f', '65027637a93f280dbab6aef45555f34ead8e68540ecceb3a8a38c6b054e393d2', '4422cf828d4e11c64f73299e1278cbf0b5c991ba3d1a228df3cc05c1142e04ed', '4674f2ae68f40a6da4ebf4d724a461c3b0da6eb696b3e5399a26131ee1a34efb']",1547920688007
943,97a0070a220bea56150b858abe7badd20e8896a6d0228ec81f881f4ea6c57962,"[-0.009494226425886154, -0.2951295077800751, 0.1673780381679535, 0.04008295387029648, 0.005795150995254517, -0.010245113633573055, 0.043784357607364655, 0.012086700648069382, 0.017187558114528656, -0.009600063785910606, 0.011624952778220177, -0.09584946930408478, 0.03504893183708191, -0.016353465616703033, -0.037860386073589325, -0.01086034532636404, -0.015988066792488098, 0.015478843823075294, 0.04755931347608566, 0.006035186350345612, -0.04113510996103287, -0.05027402192354202, 0.023554258048534393, 0.05119088292121887, -0.009857513941824436, 0.0091974176466465, -0.006362768821418285, 0.04699377715587616, 0.017542537301778793, -0.01703447289764881, 0.07199352234601974, -0.0015453570522367954, 0.017480872571468353, -0.04615792632102966, 0.05284808576107025, -0.05329957231879234, -0.09786304831504822, 0.07339075207710266, -0.0659026950597763, 0.0954047441482544, 0.07162277400493622, -0.04431305453181267, 0.05034447833895683, 0.09187865257263184, 0.08750969171524048, 0.04258080944418907, 0.014859890565276146, 0.10426836460828781, -5.1744282245635986e-05, -0.055795133113861084]",['5b55278407b4e1d7799ebe805dc428948ca5218e7bcb8c1284bd779eb6d35933'],"['367d5325a1d851224a4085eac9ac853ecc56827e23a5da72ead877b33b26ddd6', '7b023d6c0c025887642f7ad0659016e9c6abde476c3d872eaeeccd00b3819677', '5b55278407b4e1d7799ebe805dc428948ca5218e7bcb8c1284bd779eb6d35933', 'c42744c3ed2c80da72d976d65bc75d5900abd21edddbd2886bc2ee5abc18644f', 'd125edf4996f67adccefbaa16f1bffa7e331a835dba5fbc67557179e725b802b', '306eed16644ec33e2fc52317182c373e0f55f00db1755fc39ce353464d77d582', '99fb549b59ed3eef352c451539c1be23a1d29f56016252f93e87df4359c4aad5', 'a4b5c6d191adaac8d0a09d0af55918d273335743cf58c9a829d617dec521d7c2', '7ced31d3fb6aa902cf4250bfc7ee2b4b6bc796e32be631e49fdfa6b6a7fcf527', '0a768ceb114d9958a237020e99147ed488c62e98731205e584145081f2a1a300', 'b55860fbb71744c01f0de302a62ae2be1439dceea3c444089d103f21dc534063', 'e504ac5af405faa0a3c62e374ce6c25b9e8534826c88d8c2731cad009aa3263a', '9423bea2773e17e34700a2470288f8b2d248d3b6ddb1eab3975ac14818a8ae9c', '2398086194ae1408dcdbdcb78900b095054f28376f63d4be0f899c5eb78dcdea', '836116a07a84870a9fab219a28d85bff6482ef381bc44ac28c90eb835d65100f', 'a3dd11700f207b00a9f68ffdf4f04ad15c678aac8c355062a262b6830ee5e241', '66cfe4340adb28e96d0084a2c3f1506b2293a3c60a52f90737b32d504200d645', '21ec4894f262b6c681b1be02d2ffe96f4519f49122243cb4978aa24d9f427670', '2be01f9c2b76038d633d6546ccf99e909f3d3c9aa518d9e9c67f49fb4ac5b676', '075ee11925abff812a452093f8b79ff0245b6b58acf8f44aa9be12810216ffc6', '0efb83295d100587c4522a3f3b3b04db73fc9602b9ee2422c014eeb587438eaf', 'f5254accc6fc06fc742e5d25a5bdbc881111dd55b8a29e5380f43cf62052b02c', 'c84c98ab9739944287fd7906b4556e01d6647107dbf16394879cb33fedfcec93', 'a41d5e0dfd14e2c39bf920cb127795042cdd2ac2c71f006caa916628d8197e00', 'e34a24c173fa9d3507335ae97f68c84d8c550b1a36f0c6e700063af78010e1c4']",1548200223189
944,ba1f9d7f7f1078814f903ebee0f3a69f5486ec014428467f4832e8e2e10af5c5,"[-0.22315648198127747, 0.0864858329296112, 0.09672638773918152, -0.12475916743278503, 0.19112753868103027, -0.029500335454940796, -0.1053912341594696, 0.14136752486228943, 0.019880028441548347, -0.061131685972213745, -0.2577020227909088, 0.012494728900492191, -0.12960827350616455, 0.11459797620773315, -0.07823054492473602, 0.005637491121888161, -0.0766361653804779, 0.05024382472038269, 0.01737077534198761, 0.02344847284257412, -0.015427658334374428, -0.018547534942626953, -0.05001480132341385, -0.07082945108413696, -0.0015087802894413471, 0.016572970896959305, 0.016025234013795853, 0.021755272522568703, 0.001576836220920086, 0.017840182408690453, 0.016718408092856407, -0.0031016122084110975, 0.02483256347477436, 0.04814109951257706, -0.02226369082927704, 0.0019874400459229946, 0.012914345599710941, 0.038211822509765625, -0.015621662139892578, 0.0012839119881391525, -0.0065846871584653854, -0.040025271475315094, -0.0376366525888443, -0.014155138283967972, 0.008866716176271439, -0.007045865524560213, -0.028741126880049706, -0.00011332950089126825, 0.003800216130912304, 0.005533384624868631]","['2750df2e23ea00eabc7d969efbb9242118ad20e87ebb34f1190f937cbe98f6c2', 'c689a41e00183686bf413a8e508f2f477cd56c40849ca6af4242c95e43109dac', '0275077b56786a49abf3c40e5db6c0a74ca4aa49bf62e997d4dbd408952b2f10', '2750df2e23ea00eabc7d969efbb9242118ad20e87ebb34f1190f937cbe98f6c2']","['0275077b56786a49abf3c40e5db6c0a74ca4aa49bf62e997d4dbd408952b2f10', '2750df2e23ea00eabc7d969efbb9242118ad20e87ebb34f1190f937cbe98f6c2', 'c689a41e00183686bf413a8e508f2f477cd56c40849ca6af4242c95e43109dac', '0b211829cddb441630200aa7de9c22105b26b4cc212a1f8b00d5f885f3ff6a28', 'b69d1244af5ae10a2f1e17a4d84d290bd2551c9d96b3a2c4dec25c77ad8c2329', 'fd9dc4fa6b629940136fb4c167b84bb7d1b79a2b0a7840cf62e76f00029c9bcc', '4749ed091275eaacfc6d90b4b314d9957b4750c1a8b2016d3b41b2f6029f2202', '8186e9150b5a359f9a0867d94c1309f0fb00a7462cb27bfd2ab8ac5ab7edfa23', 'cbdf6b3fb6dab096806cb1038df0147282ebb9a2516a453592a0de5eb57b4650', '8ca85950704ffa647fffb92832970cee80c816b5f97fab4d91a5f25371f5da30', 'd594e5f97c01c661db4911ce8d3fe9b19011578a8f2061e871bfdf4403c3b068', '2073445415fce82c182e30adbabae41d400207cc32eb91c47c2cfbbb42864e7f', '301f2d051cdefb50e15bc17b86476b42552e0f36d32c1dafe1779ebb2d526da2', '99d27e22d53bb9f1237eea2c50770822c2514cca7a8469270e3a2383b24d99c7', '6f563d3acbf9380c4d3a63e9ce05e026caa0bedeaeee56093645f93da5b1f47e', '4d370ac0e9d48bf452a1ffe80a1a13ae5aebfd0021e7e2d25a0275559662bbf0', '85fb7bb83e847c2d00917fe967dab7b2783989fbb5463bd6ffe38109faef8c47', 'fc88e2aabf5bab948d00a99bb303154cdac54eba133d9c74124962a3a4eac2a2', '5f046a55a89ee6e8a01bbfa0c8dc389f762e138cea7893aeae289aeaac6cc5fd', 'ca6d73fbedd42eb3142400b1f831af1f99cb720f8860a87abf72ac4b79ea9495', '17b6878537931eb935058da6474f0470f001bd289b9f19e52b3752b382e32cc2', 'f293d73a2a78c2ac2661f069d320201196ee1ff5faee92cdcf5a3d228d1ef9d3']",1548021264646
945,ba1f9d7f7f1078814f903ebee0f3a69f5486ec014428467f4832e8e2e10af5c5,"[-0.22315648198127747, 0.0864858329296112, 0.09672638773918152, -0.12475916743278503, 0.19112753868103027, -0.029500335454940796, -0.1053912341594696, 0.14136752486228943, 0.019880028441548347, -0.061131685972213745, -0.2577020227909088, 0.012494728900492191, -0.12960827350616455, 0.11459797620773315, -0.07823054492473602, 0.005637491121888161, -0.0766361653804779, 0.05024382472038269, 0.01737077534198761, 0.02344847284257412, -0.015427658334374428, -0.018547534942626953, -0.05001480132341385, -0.07082945108413696, -0.0015087802894413471, 0.016572970896959305, 0.016025234013795853, 0.021755272522568703, 0.001576836220920086, 0.017840182408690453, 0.016718408092856407, -0.0031016122084110975, 0.02483256347477436, 0.04814109951257706, -0.02226369082927704, 0.0019874400459229946, 0.012914345599710941, 0.038211822509765625, -0.015621662139892578, 0.0012839119881391525, -0.0065846871584653854, -0.040025271475315094, -0.0376366525888443, -0.014155138283967972, 0.008866716176271439, -0.007045865524560213, -0.028741126880049706, -0.00011332950089126825, 0.003800216130912304, 0.005533384624868631]","['2750df2e23ea00eabc7d969efbb9242118ad20e87ebb34f1190f937cbe98f6c2', 'c689a41e00183686bf413a8e508f2f477cd56c40849ca6af4242c95e43109dac', '0275077b56786a49abf3c40e5db6c0a74ca4aa49bf62e997d4dbd408952b2f10', '2750df2e23ea00eabc7d969efbb9242118ad20e87ebb34f1190f937cbe98f6c2']","['0275077b56786a49abf3c40e5db6c0a74ca4aa49bf62e997d4dbd408952b2f10', '2750df2e23ea00eabc7d969efbb9242118ad20e87ebb34f1190f937cbe98f6c2', 'c689a41e00183686bf413a8e508f2f477cd56c40849ca6af4242c95e43109dac', '0b211829cddb441630200aa7de9c22105b26b4cc212a1f8b00d5f885f3ff6a28', 'b69d1244af5ae10a2f1e17a4d84d290bd2551c9d96b3a2c4dec25c77ad8c2329', 'fd9dc4fa6b629940136fb4c167b84bb7d1b79a2b0a7840cf62e76f00029c9bcc', '4749ed091275eaacfc6d90b4b314d9957b4750c1a8b2016d3b41b2f6029f2202', '8186e9150b5a359f9a0867d94c1309f0fb00a7462cb27bfd2ab8ac5ab7edfa23', 'cbdf6b3fb6dab096806cb1038df0147282ebb9a2516a453592a0de5eb57b4650', '8ca85950704ffa647fffb92832970cee80c816b5f97fab4d91a5f25371f5da30', 'd594e5f97c01c661db4911ce8d3fe9b19011578a8f2061e871bfdf4403c3b068', '2073445415fce82c182e30adbabae41d400207cc32eb91c47c2cfbbb42864e7f', '301f2d051cdefb50e15bc17b86476b42552e0f36d32c1dafe1779ebb2d526da2', '99d27e22d53bb9f1237eea2c50770822c2514cca7a8469270e3a2383b24d99c7', '6f563d3acbf9380c4d3a63e9ce05e026caa0bedeaeee56093645f93da5b1f47e', '4d370ac0e9d48bf452a1ffe80a1a13ae5aebfd0021e7e2d25a0275559662bbf0', '85fb7bb83e847c2d00917fe967dab7b2783989fbb5463bd6ffe38109faef8c47', 'fc88e2aabf5bab948d00a99bb303154cdac54eba133d9c74124962a3a4eac2a2', '5f046a55a89ee6e8a01bbfa0c8dc389f762e138cea7893aeae289aeaac6cc5fd', 'ca6d73fbedd42eb3142400b1f831af1f99cb720f8860a87abf72ac4b79ea9495', '17b6878537931eb935058da6474f0470f001bd289b9f19e52b3752b382e32cc2', 'f293d73a2a78c2ac2661f069d320201196ee1ff5faee92cdcf5a3d228d1ef9d3']",1548021264646
946,ba1f9d7f7f1078814f903ebee0f3a69f5486ec014428467f4832e8e2e10af5c5,"[-0.22315648198127747, 0.0864858329296112, 0.09672638773918152, -0.12475916743278503, 0.19112753868103027, -0.029500335454940796, -0.1053912341594696, 0.14136752486228943, 0.019880028441548347, -0.061131685972213745, -0.2577020227909088, 0.012494728900492191, -0.12960827350616455, 0.11459797620773315, -0.07823054492473602, 0.005637491121888161, -0.0766361653804779, 0.05024382472038269, 0.01737077534198761, 0.02344847284257412, -0.015427658334374428, -0.018547534942626953, -0.05001480132341385, -0.07082945108413696, -0.0015087802894413471, 0.016572970896959305, 0.016025234013795853, 0.021755272522568703, 0.001576836220920086, 0.017840182408690453, 0.016718408092856407, -0.0031016122084110975, 0.02483256347477436, 0.04814109951257706, -0.02226369082927704, 0.0019874400459229946, 0.012914345599710941, 0.038211822509765625, -0.015621662139892578, 0.0012839119881391525, -0.0065846871584653854, -0.040025271475315094, -0.0376366525888443, -0.014155138283967972, 0.008866716176271439, -0.007045865524560213, -0.028741126880049706, -0.00011332950089126825, 0.003800216130912304, 0.005533384624868631]","['2750df2e23ea00eabc7d969efbb9242118ad20e87ebb34f1190f937cbe98f6c2', 'c689a41e00183686bf413a8e508f2f477cd56c40849ca6af4242c95e43109dac', '0275077b56786a49abf3c40e5db6c0a74ca4aa49bf62e997d4dbd408952b2f10', '2750df2e23ea00eabc7d969efbb9242118ad20e87ebb34f1190f937cbe98f6c2']","['0275077b56786a49abf3c40e5db6c0a74ca4aa49bf62e997d4dbd408952b2f10', '2750df2e23ea00eabc7d969efbb9242118ad20e87ebb34f1190f937cbe98f6c2', 'c689a41e00183686bf413a8e508f2f477cd56c40849ca6af4242c95e43109dac', '0b211829cddb441630200aa7de9c22105b26b4cc212a1f8b00d5f885f3ff6a28', 'b69d1244af5ae10a2f1e17a4d84d290bd2551c9d96b3a2c4dec25c77ad8c2329', 'fd9dc4fa6b629940136fb4c167b84bb7d1b79a2b0a7840cf62e76f00029c9bcc', '4749ed091275eaacfc6d90b4b314d9957b4750c1a8b2016d3b41b2f6029f2202', '8186e9150b5a359f9a0867d94c1309f0fb00a7462cb27bfd2ab8ac5ab7edfa23', 'cbdf6b3fb6dab096806cb1038df0147282ebb9a2516a453592a0de5eb57b4650', '8ca85950704ffa647fffb92832970cee80c816b5f97fab4d91a5f25371f5da30', 'd594e5f97c01c661db4911ce8d3fe9b19011578a8f2061e871bfdf4403c3b068', '2073445415fce82c182e30adbabae41d400207cc32eb91c47c2cfbbb42864e7f', '301f2d051cdefb50e15bc17b86476b42552e0f36d32c1dafe1779ebb2d526da2', '99d27e22d53bb9f1237eea2c50770822c2514cca7a8469270e3a2383b24d99c7', '6f563d3acbf9380c4d3a63e9ce05e026caa0bedeaeee56093645f93da5b1f47e', '4d370ac0e9d48bf452a1ffe80a1a13ae5aebfd0021e7e2d25a0275559662bbf0', '85fb7bb83e847c2d00917fe967dab7b2783989fbb5463bd6ffe38109faef8c47', 'fc88e2aabf5bab948d00a99bb303154cdac54eba133d9c74124962a3a4eac2a2', '5f046a55a89ee6e8a01bbfa0c8dc389f762e138cea7893aeae289aeaac6cc5fd', 'ca6d73fbedd42eb3142400b1f831af1f99cb720f8860a87abf72ac4b79ea9495', '17b6878537931eb935058da6474f0470f001bd289b9f19e52b3752b382e32cc2', 'f293d73a2a78c2ac2661f069d320201196ee1ff5faee92cdcf5a3d228d1ef9d3']",1548021264646
947,ba1f9d7f7f1078814f903ebee0f3a69f5486ec014428467f4832e8e2e10af5c5,"[-0.22315648198127747, 0.0864858329296112, 0.09672638773918152, -0.12475916743278503, 0.19112753868103027, -0.029500335454940796, -0.1053912341594696, 0.14136752486228943, 0.019880028441548347, -0.061131685972213745, -0.2577020227909088, 0.012494728900492191, -0.12960827350616455, 0.11459797620773315, -0.07823054492473602, 0.005637491121888161, -0.0766361653804779, 0.05024382472038269, 0.01737077534198761, 0.02344847284257412, -0.015427658334374428, -0.018547534942626953, -0.05001480132341385, -0.07082945108413696, -0.0015087802894413471, 0.016572970896959305, 0.016025234013795853, 0.021755272522568703, 0.001576836220920086, 0.017840182408690453, 0.016718408092856407, -0.0031016122084110975, 0.02483256347477436, 0.04814109951257706, -0.02226369082927704, 0.0019874400459229946, 0.012914345599710941, 0.038211822509765625, -0.015621662139892578, 0.0012839119881391525, -0.0065846871584653854, -0.040025271475315094, -0.0376366525888443, -0.014155138283967972, 0.008866716176271439, -0.007045865524560213, -0.028741126880049706, -0.00011332950089126825, 0.003800216130912304, 0.005533384624868631]","['2750df2e23ea00eabc7d969efbb9242118ad20e87ebb34f1190f937cbe98f6c2', 'c689a41e00183686bf413a8e508f2f477cd56c40849ca6af4242c95e43109dac', '0275077b56786a49abf3c40e5db6c0a74ca4aa49bf62e997d4dbd408952b2f10', '2750df2e23ea00eabc7d969efbb9242118ad20e87ebb34f1190f937cbe98f6c2']","['0275077b56786a49abf3c40e5db6c0a74ca4aa49bf62e997d4dbd408952b2f10', '2750df2e23ea00eabc7d969efbb9242118ad20e87ebb34f1190f937cbe98f6c2', 'c689a41e00183686bf413a8e508f2f477cd56c40849ca6af4242c95e43109dac', '0b211829cddb441630200aa7de9c22105b26b4cc212a1f8b00d5f885f3ff6a28', 'b69d1244af5ae10a2f1e17a4d84d290bd2551c9d96b3a2c4dec25c77ad8c2329', 'fd9dc4fa6b629940136fb4c167b84bb7d1b79a2b0a7840cf62e76f00029c9bcc', '4749ed091275eaacfc6d90b4b314d9957b4750c1a8b2016d3b41b2f6029f2202', '8186e9150b5a359f9a0867d94c1309f0fb00a7462cb27bfd2ab8ac5ab7edfa23', 'cbdf6b3fb6dab096806cb1038df0147282ebb9a2516a453592a0de5eb57b4650', '8ca85950704ffa647fffb92832970cee80c816b5f97fab4d91a5f25371f5da30', 'd594e5f97c01c661db4911ce8d3fe9b19011578a8f2061e871bfdf4403c3b068', '2073445415fce82c182e30adbabae41d400207cc32eb91c47c2cfbbb42864e7f', '301f2d051cdefb50e15bc17b86476b42552e0f36d32c1dafe1779ebb2d526da2', '99d27e22d53bb9f1237eea2c50770822c2514cca7a8469270e3a2383b24d99c7', '6f563d3acbf9380c4d3a63e9ce05e026caa0bedeaeee56093645f93da5b1f47e', '4d370ac0e9d48bf452a1ffe80a1a13ae5aebfd0021e7e2d25a0275559662bbf0', '85fb7bb83e847c2d00917fe967dab7b2783989fbb5463bd6ffe38109faef8c47', 'fc88e2aabf5bab948d00a99bb303154cdac54eba133d9c74124962a3a4eac2a2', '5f046a55a89ee6e8a01bbfa0c8dc389f762e138cea7893aeae289aeaac6cc5fd', 'ca6d73fbedd42eb3142400b1f831af1f99cb720f8860a87abf72ac4b79ea9495', '17b6878537931eb935058da6474f0470f001bd289b9f19e52b3752b382e32cc2', 'f293d73a2a78c2ac2661f069d320201196ee1ff5faee92cdcf5a3d228d1ef9d3']",1548021264646
948,b96fa1355b790ae5ef0357ee296ff56351cbfa82feaf73b655df1a9bca94c0a0,"[0.0059873489663004875, -0.06633181869983673, -0.1731710284948349, 0.22941355407238007, 0.06906270980834961, -0.19838657975196838, 0.05858514457941055, 0.05100167542695999, -0.053835805505514145, 0.03884968161582947, 0.035335663706064224, -0.050548866391181946, 0.06252817809581757, 0.1491968184709549, -0.015250125899910927, 0.10117335617542267, 0.008433151990175247, -0.014608423225581646, -0.18178735673427582, 0.05747043341398239, -0.060205988585948944, 0.005690763238817453, 0.10322963446378708, 0.008055123500525951, -0.1258271336555481, -0.04518958926200867, 0.054743848741054535, -0.014087045565247536, -0.01412193849682808, -0.06972627341747284, 0.14384564757347107, 0.0037278011441230774, 0.1290714293718338, -0.025421863421797752, -0.024207942187786102, 0.02270171046257019, -0.01077964622527361, -0.021642718464136124, -0.02649526298046112, 0.051535092294216156, -0.03795778751373291, -0.03145907446742058, 0.09581921994686127, -0.02317630685865879, -0.11876136064529419, 0.060794755816459656, -0.10570843517780304, 0.04084770753979683, -0.0471259281039238, 0.1035422682762146]",,"['ada57959c40c7d6840959c1669b60e217a7a1452495bf12753b585adbaf01efa', 'b70294da5434ed3f73d5b7de1ac3006288c0c32f9a440f61c32724eb503b0ad5']",1549832854091
949,b96fa1355b790ae5ef0357ee296ff56351cbfa82feaf73b655df1a9bca94c0a0,"[-0.1361466646194458, -0.18619410693645477, -0.009706094861030579, -0.09944480657577515, 0.11463408917188644, 0.007093371823430061, -0.021752385422587395, 0.161066934466362, -0.026871975511312485, 0.08598682284355164, 0.05970293655991554, -0.055020689964294434, 0.21139076352119446, 0.09029272943735123, -0.0960085391998291, -0.12347503751516342, 0.10528402030467987, -0.011629953980445862, -0.12913283705711365, 0.031812697649002075, 0.012061264365911484, 0.037608690559864044, 0.099767304956913, 0.08487996459007263, -0.025825072079896927, 0.008714009076356888, 0.03481399267911911, -0.06162808835506439, 0.0040764110162854195, -0.055533912032842636, -0.011871399357914925, 0.011259043589234352, 0.017786851152777672, 0.021522654220461845, -0.03723350539803505, 0.012948937714099884, 0.018359437584877014, 0.058274105191230774, 0.022267267107963562, 0.022912025451660156, -0.0180212389677763, -0.004322033375501633, 0.015408609062433243, -0.005932528525590897, -0.03770460933446884, -0.005707971751689911, -0.09126631915569305, 0.056779470294713974, -0.06933450698852539, 0.0443560928106308]",['981325101a8ed7cd2d6d99a4731f57356cc065bb17aecaf400d2d0772bc0678a'],"['981325101a8ed7cd2d6d99a4731f57356cc065bb17aecaf400d2d0772bc0678a', 'dac7991065cc4a3bba6665b778b96d0b1f0c4d80067ff6d41cd2c07c61fc7c5f', '860ea84120a40fed025bc27178c3499d3a7941ca5a6534d1e4e0b801c33d56c2', 'fb835639a130b4393c3fd425aec84a862673991479fe3cbb85c7368696d735b7', '6348e60d236490e36ff9be099b3ba6fd01ecbca6fa747731cfb982713ead56a0', '3b7ccbd61a03986c20663f933c89a7efcd9d6d1f80b5d4bbfc335249bd6aea42', 'cce7f4b1a7118d2a132e10472fda1bb613da20fef653a1427d35979bfe16da9b', '1ad4011a877d38acfe33399e8bcff77c0fb8966156f693e3ba13fb5f05d10cb6', '9a80a22371e44e7a9fc92469fe3ad78e12747bb4d6caea05e1aabf291a213f67', '3ff2e4a80958e6a36f528ca476aab3e7af824e8c391139cc722cd5cc7b455d42', 'fc78407ab1d9db6c9db8c8636d6494af400a6a6c5bd467aa6b2a1fb90b54dfd7', '650f8a0500947681b7a0bbbf94f7735a54372894be3a3c8daa209fa30a34b509', '127082f70f2dbbb78cdecd0a605467bf8032576d971a9982d81cb15db12a139a', '36e8246f800db10613eef89c81513df909ec8171a875f004392cef21c3f9c07c', '96d3a3690ca643770d6e0bbc2098a362710d0317c97c81e533ac454cb810ed87']",1549832864265
950,c816b64c184d04df8b356c7421534b48e7580537e2a47eec203378d9dcb14a43,"[0.05882862210273743, -0.26899009943008423, 0.07170356065034866, 0.12397976219654083, 0.05649693310260773, 0.017548127099871635, 0.06931515038013458, -0.019950928166508675, -0.030248867347836494, -0.07217186689376831, -0.019290249794721603, 0.04410596936941147, 0.02380410209298134, -0.0006350278854370117, 0.03317391127347946, -0.019492244347929955, -0.06585370004177094, -0.0036431001499295235, 0.036088019609451294, -0.02352920174598694, 0.04703059419989586, 0.0630161315202713, -0.006487913429737091, -0.006076454184949398, 0.005173358600586653, -0.005631251260638237, 0.03247731924057007, 0.07954145967960358, -0.017352424561977386, 0.021849770098924637, 0.010491474531590939, -0.04504720866680145, -0.015772635117173195, 0.04363606125116348, 0.00044866278767585754, -0.040233761072158813, 0.03614172339439392, -0.03840232640504837, -0.015036209486424923, -0.009587392210960388, 0.02952370047569275, 0.04843471944332123, 0.03349979221820831, -0.03647695854306221, 0.06768736243247986, 0.01193981058895588, 0.015255274251103401, -0.004367128014564514, -0.0029204769525676966, 0.0025644563138484955]",,"['7d9477e185a937fbffd03adefa30c84ee1d7e68b1fdae14cbcecbaca86286992', '67c9c006eff1be394e992acc3b495e9e5936fadb5f561bf803310e45d73a802e', 'fdd4513286845a27cdd8d8bbbf02cdfcbdbf0d8c031eb1371242dd6837f8bea1', '5227e2ee22d543d545423241c6e7acb0eeb06808b40d22a90ffe10b31bd871ae', 'fe752bd39fd0ab541312cf035dcf0071092e9bd56a886ac4d714ca44c40fb1b7', '47852c1548374c965e0363e49cb7ccd5ec74b5009748bbd351bc8553232b13d9', '7598f7b07a144606985d7273d12b57e8a1c4e9ee13d45119d38a4317ebc51295', 'd943f0ee427d7db77ce5467c1cd4bc2a4750a28d1d2635ee467e19fd57342894', 'c677ff0cdde4732e9d96774cc56c217259bde5cfa989df03080afd24b765a200', 'd201d8019bccb405a4ee8e6908810fa132464f44d7e35d22b5a92bb31df34784', '24bf684b79dbe559b8c7eb9dbb4a46c1792f14812957623a32306f55a42940bf', '9c41deb6f0e0ff8f1b42558d47e1119f804fc662fb899a6e3631158e6aaadee2', 'ab6457b9f86a9ebb25f5f6b836a9f65d4a1808f4c3934ff52fe8725b50104463', '3d80d0c99cbdfefe2802c2552fef2ea56bbbf7b4daf9e7a3909cb5a3a7a1cdfd', 'de0723abf1aa881311e3abc97fb278c7d5216f821f822ecd47caa5c3a8930f98', '281fe8f3297de416a4fefa5b81b65033c646091c31e165776b51ad5536c39d3d', 'c6d6346d356fe84662e0305f7a23f88495e160a756ac4a0cc0928cf8acb9294b', '3f0fb00dc0e49e51c23eb4091dbc2926c68175243d5d13727a7b4abb08420fef', 'a5083461593376d13b15e92b3aafe94ac916ad699a112c332180fe29ffeb04b6', 'bfc4d283fc565b70329a71582e0e65b561d37cf2a5441aed093794c3f4d3a0f4', 'b36311adf19a2f15322f650d29f3a4b583bb3a0815f4b1e0da4efe54ddfae6cf', 'b186c315b14872e0097ee647457832876f12b3acff463d2c554c253c393b415f', '3faf9cf150df39dd9db4b1abacf09ab43c658c40642152bba091efea979af43e', 'e3af1a33594f9ce279e03329b1d522e702a844b3b968225d6b7d07e695bbcd3f', '03e974bf580079cf37b45925542e7a4cf8740f3af609ff916948d9916da9786a']",1548294681253
951,3a9c5a75b5c37f8546533ab26cd8e7e142061a05e82c770eefff28e40b598476,"[-0.10184597223997116, -0.11650402098894119, 0.0011380735086277127, -0.10104414075613022, -0.08556483685970306, -0.05550611764192581, -0.030436037108302116, -0.01228850707411766, 0.05000188201665878, 0.12098416686058044, 0.10150404274463654, -0.07372508198022842, 0.03611457347869873, 0.09651611000299454, -0.05911549925804138, 0.05275765433907509, -0.010537797585129738, -0.11873316019773483, 0.03209642320871353, -0.030163515359163284, 0.03522956743836403, -0.07492037117481232, 0.00010843668133020401, 0.017856990918517113, -0.031223326921463013, -0.07856285572052002, 0.1114930659532547, 0.001537863165140152, -0.021501902490854263, 0.01683836802840233, 0.02169930562376976, -0.0497303232550621, -0.009521935135126114, 0.04590770974755287, 0.024648752063512802, -0.10204929858446121, -0.07517087459564209, 0.0577457919716835, 0.05022866278886795, 0.05943064019083977, 0.0177958682179451, -0.07359686493873596, 0.010679975152015686, 0.056393224745988846, 0.04164876788854599, -0.0488734245300293, 0.04778088629245758, -0.012466074898838997, 0.020748954266309738, -0.07379555702209473]",,"['9868807d9a57fc556d803244353b60c26c666e661674027630a2b97e17ee5a1f', '852eed63a1f19321c6532d0bfd22570d0bc24f39bafa42fbdbb6a1f7d4f1dba1', 'b4d2aa46ae2dcbd0df08530c3daf789843a61cc43276c5dab8d292d2c2b8188c', '1b87c147aa27de7e69f54e3e7275c0fa9a148a0ef11ccdb393744f41f87dbb75', '97f7a4b1070ad63ebfd00896598a11f602985f20c6541a72fcb2e29414917f45', 'f48015e23cf71a90207f73fcad223e72c3b956bacaa8a9127fde13da61cd0718', 'adfb4766c4940b9212553e6156c9b294fc8e5d67213831e17ab8cb0dcc794dbf', '91101841e19ffc7bcafb08bd5e9263b90466e9b853e19c409ccada781dd5b9d5', 'a8b0f3d28b796f2006727508ec21f5b25b8808118fe4ab3600e7c2025e221a8a', '92d9cc81b1980a21b60a58bfe8a121b7c1529c2561dfcfb30656f1c82515060e', 'f91bcd9eedc20e6fe4429ab121a415d5df8d3b7eac7766d43f00700f23de8305', 'fe2679f6d8cac71099c4b9c6261e6f032f44267f09146c3bac816b39f908d2c5']",1547749303308
952,d85fe8c02a00b6aa7438fce5343d407cdf31a58de66c643f51b4a448188a1ad2,"[-0.111985944211483, -0.04764358326792717, 0.035207971930503845, -0.0017771257553249598, 0.057363949716091156, 0.001444971188902855, -0.012910759076476097, -0.030592195689678192, -0.03779910132288933, -0.005969997961074114, 0.04277883470058441, 0.010432926937937737, -0.08599080890417099, 0.007865545339882374, 0.009661094285547733, -0.05701920762658119, -0.0003981616464443505, 0.005165546201169491, -0.034704189747571945, 0.09487979114055634, 0.16666758060455322, 0.196173295378685, 0.008100572973489761, 0.004161562770605087, -0.07319588214159012, -0.0740075334906578, -0.0556902140378952, -0.037905625998973846, -0.01853640377521515, -0.0550733357667923, 0.0020505376160144806, 0.03377307206392288, 0.20368626713752747, 0.05989477410912514, -0.042660925537347794, -0.008132833987474442, -0.012113431468605995, -0.03338535502552986, -0.09271226823329926, 0.04039338603615761, 0.013013679534196854, -0.04538435861468315, -0.05136127769947052, 0.10244610905647278, 0.05604315921664238, 0.09885479509830475, 0.035990357398986816, -0.0322594977915287, -0.11767147481441498, 0.007106197532266378]",['951c1085322621747946b2edc4176ee11ff091774aff8c8f6e66b7ffed4b0ab2'],"['951c1085322621747946b2edc4176ee11ff091774aff8c8f6e66b7ffed4b0ab2', '082a0f7a8d72212a43d30f2cece0219945258de21de70d792b7261d9c98b3570', '14b47db26e9e431b457484557a967005557cbf2f1bf8678ee57bf5d7a49989c5', '5fd0a3a1d3bfa7ab18e442bc26d84a9ebee32c2f8a90d53d67e9c205b83320b8', '80f870784406ca0a87af693c0795e6c0f6464837f22c725c6ca7c693bcbd51cd', '864d64af5c3c9d0ad1aa448dfba093433c79bb4ca8f0c64c10d6eabe99c5e3d0']",1550007505186
953,3a593cf68848899ee0371a34b7831f4209b9736a93417bddc00bb3dd7cc254ab,"[-0.13695955276489258, -0.08733271062374115, -0.10734564065933228, 0.01547972857952118, 0.05862172320485115, 0.11572614312171936, -0.005358248949050903, -0.14947250485420227, -0.11087103933095932, -0.043622709810733795, -0.08622664958238602, 0.047874532639980316, -0.07759906351566315, 0.12182965874671936, 0.0601116344332695, -0.01374024897813797, 0.006127605214715004, -0.14508917927742004, -0.07690583169460297, 0.05235779657959938, -0.04550567641854286, 0.02897603251039982, 0.008584748953580856, 0.006883750669658184, -0.013932600617408752, 0.03855854645371437, 0.019635654985904694, -0.0735156238079071, 0.0514717735350132, -0.0052455696277320385, -0.08307969570159912, 0.05698457360267639, -0.016261598095297813, -0.033138249069452286, 0.004263181705027819, -0.04735346511006355, -0.04452245309948921, -0.04221363365650177, 0.06905807554721832, 0.08696319162845612, -0.008941184729337692, 0.0006586257368326187, -0.014894625172019005, -0.015328459441661835, 0.007146639749407768, -0.031983233988285065, 0.0028011221438646317, -0.014429565519094467, 0.060673296451568604, 0.0064613549038767815]",['ddea69f7ad95cc337aed119c26ffa40f4f4ccbe3d5bfab5fd9d92fd83d4589cd'],"['e5d7506b30152c8452377d53f7fa02a9afae8d9bcb57ae2fabccbf203adeb3de', 'ddea69f7ad95cc337aed119c26ffa40f4f4ccbe3d5bfab5fd9d92fd83d4589cd']",1548957472949
954,8cb0ea24fa893305b701dc08f3d58e20ba4f59ba3a9c1b468b88464e191e9f76,"[-0.05602303147315979, 0.1655375063419342, -0.2517649829387665, 0.09697529673576355, 0.13104818761348724, 0.15188711881637573, 0.042431335896253586, 0.18512752652168274, 0.12442798912525177, 0.07578068971633911, -0.19517605006694794, -0.13285014033317566, 0.016894347965717316, -0.1479998230934143, 0.016770007088780403, -0.028050485998392105, 0.006114375311881304, -0.041832394897937775, 0.026239313185214996, -0.010242489166557789, 0.011517144739627838, -0.011404714547097683, -0.006835092790424824, -0.03216235339641571, 0.04327637329697609, 0.032939132302999496, -0.03392734378576279, 0.018842943012714386, -0.01439910102635622, -0.0030108895152807236, -0.03784891217947006, 0.07042974978685379, -0.06778103113174438, 0.03669574484229088, 0.020525511354207993, 0.015781201422214508, -0.04349861294031143, -0.007312788628041744, -0.07323797047138214, -0.028298934921622276, 0.05682802572846413, 0.04407259821891785, -0.03737941384315491, 0.029083039611577988, 0.01864045113325119, 0.022839102894067764, -0.035441264510154724, -0.026428723707795143, -0.006585435941815376, -0.050665803253650665]",['f48105e564f1077da3a33e178e850453652eded75cd402013c3da84835f0f611'],"['f48105e564f1077da3a33e178e850453652eded75cd402013c3da84835f0f611', '732826d0e46eed4025cbacb6a3fe658fc1af90e5be468f12484f15da864c1167', 'b0b0645f1cdabde0228e558056458405c959a85c9b85e1e5951c0b650776e885', '9abbf12061040c3fcf87d83c8e2b4a379c4e80b5f16412a0d5f378052414edc1', 'f60d4bb1b822ac1fd28fc7dfb8684ca597fe264b694eea74241b018a46c9b8a6']",1549723178596
955,45ddab2289050f8a1ef6eeb80c660c81700780b70047e0ab2ca0eef8741f25c5,"[-0.05343829095363617, -0.1683838963508606, 0.037975065410137177, 0.005758092738687992, 0.11633622646331787, 0.02431299164891243, 0.07888332009315491, -0.08063981682062149, -0.03014807030558586, -0.04655188322067261, -0.01497805304825306, -0.02458314597606659, 0.009523728862404823, -0.01414565835148096, -0.0017472561448812485, 0.017586294561624527, -0.013113178312778473, -0.00028207222931087017, 0.003747054375708103, 0.02192070707678795, 0.02997666224837303, 0.007591011002659798, 0.004929225891828537, -0.018130522221326828, 0.02107350528240204, -0.00392869021743536, -0.0148856732994318, 0.0017262515611946583, 0.0015481878072023392, -0.005211569368839264, -0.00013435212895274162, -0.009865048341453075, -0.02803376317024231, 0.018785640597343445, -0.01611044444143772, -0.01180140022188425, -0.01535036787390709, 0.00994873046875, -0.014017917215824127, 0.013018886558711529, 0.01298227533698082, -0.012399167753756046, 0.00031223008409142494, -0.012835264205932617, 0.003981287125498056, -0.011487917974591255, -0.002791482489556074, 0.01482146605849266, 0.016487272456288338, 0.006591205019503832]",,,1549855022946
956,45ddab2289050f8a1ef6eeb80c660c81700780b70047e0ab2ca0eef8741f25c5,"[-0.05343829095363617, -0.1683838963508606, 0.037975065410137177, 0.005758092738687992, 0.11633622646331787, 0.02431299164891243, 0.07888332009315491, -0.08063981682062149, -0.03014807030558586, -0.04655188322067261, -0.01497805304825306, -0.02458314597606659, 0.009523728862404823, -0.01414565835148096, -0.0017472561448812485, 0.017586294561624527, -0.013113178312778473, -0.00028207222931087017, 0.003747054375708103, 0.02192070707678795, 0.02997666224837303, 0.007591011002659798, 0.004929225891828537, -0.018130522221326828, 0.02107350528240204, -0.00392869021743536, -0.0148856732994318, 0.0017262515611946583, 0.0015481878072023392, -0.005211569368839264, -0.00013435212895274162, -0.009865048341453075, -0.02803376317024231, 0.018785640597343445, -0.01611044444143772, -0.01180140022188425, -0.01535036787390709, 0.00994873046875, -0.014017917215824127, 0.013018886558711529, 0.01298227533698082, -0.012399167753756046, 0.00031223008409142494, -0.012835264205932617, 0.003981287125498056, -0.011487917974591255, -0.002791482489556074, 0.01482146605849266, 0.016487272456288338, 0.006591205019503832]",,,1549855022946
957,45ddab2289050f8a1ef6eeb80c660c81700780b70047e0ab2ca0eef8741f25c5,"[-0.05343829095363617, -0.1683838963508606, 0.037975065410137177, 0.005758092738687992, 0.11633622646331787, 0.02431299164891243, 0.07888332009315491, -0.08063981682062149, -0.03014807030558586, -0.04655188322067261, -0.01497805304825306, -0.02458314597606659, 0.009523728862404823, -0.01414565835148096, -0.0017472561448812485, 0.017586294561624527, -0.013113178312778473, -0.00028207222931087017, 0.003747054375708103, 0.02192070707678795, 0.02997666224837303, 0.007591011002659798, 0.004929225891828537, -0.018130522221326828, 0.02107350528240204, -0.00392869021743536, -0.0148856732994318, 0.0017262515611946583, 0.0015481878072023392, -0.005211569368839264, -0.00013435212895274162, -0.009865048341453075, -0.02803376317024231, 0.018785640597343445, -0.01611044444143772, -0.01180140022188425, -0.01535036787390709, 0.00994873046875, -0.014017917215824127, 0.013018886558711529, 0.01298227533698082, -0.012399167753756046, 0.00031223008409142494, -0.012835264205932617, 0.003981287125498056, -0.011487917974591255, -0.002791482489556074, 0.01482146605849266, 0.016487272456288338, 0.006591205019503832]",,,1549855022946
958,cd2c633f28e39866ce2d191c5f01cba8527470a8b7e15c7d0c231091dc4f6119,"[0.03836197406053543, 0.1404431164264679, -0.3153253495693207, 0.29650622606277466, -0.08152294903993607, 0.24005386233329773, 0.10933374613523483, 0.04169750213623047, 0.25064611434936523, 0.08010746538639069, -0.2720770835876465, -0.14447401463985443, 0.052609633654356, -0.138300359249115, -0.049173351377248764, -0.0791155993938446, 0.05304764211177826, -0.093574158847332, -0.004396321251988411, -0.010991042479872704, 0.031232692301273346, 0.002931376453489065, -0.053121067583560944, -0.027244195342063904, 0.008077854290604591, 0.028545867651700974, -0.08898036181926727, 0.034073278307914734, 0.010944250039756298, -0.003944833297282457, -0.054079681634902954, 0.10425753146409988, -0.11160808801651001, 0.04524097964167595, -0.02542341686785221, 0.001570583786815405, -0.037712398916482925, 0.006833352148532867, -0.09057967364788055, -0.030154051259160042, 0.07282812148332596, 0.04161539673805237, -0.08426029235124588, 0.028697054833173752, 0.04080305993556976, 0.01579228788614273, -0.06867413222789764, -0.026952914893627167, -0.035306286066770554, -0.030963562428951263]","['9abbf12061040c3fcf87d83c8e2b4a379c4e80b5f16412a0d5f378052414edc1', '9abbf12061040c3fcf87d83c8e2b4a379c4e80b5f16412a0d5f378052414edc1']","['17e0fdc759338ce9b4063fbf587ed552153220956c71b55ba58dee5a0cd742e2', 'f2b4418dadddafd5c538ef0f37001853fe74690689f987fef142ff26722b288b', 'f48105e564f1077da3a33e178e850453652eded75cd402013c3da84835f0f611', '47789c95c441280995cfe263ef8d9876ea560c382090095c85859cdc3622f954', '20e5dfb1ebe7cd2ca68d9d7f81a62c738eec1a7939c391d3cd99269cad3cbd4b', 'd9072b798e7153da666d3cfcde90d27b9d742b13ed4c9d0213f9368bc78bfbaa', 'dfec6a5752bede89a75cfa266098709231d64fa0e68ce50c8c826aee3d531f41', 'a4295e3653939551d8fb3c98cd2482a552e58f44b25997e560b7bb9f9c6c7f5a', '705f5c4306427c95e5662cf7e913ba906f1074b1cc953e1c58b4c205647c48f3', '732826d0e46eed4025cbacb6a3fe658fc1af90e5be468f12484f15da864c1167', 'aeed20a6f70e699adb8adc053a20f5de5a80e2cc2d8d3ab369bcde9a97578700', '1b32b4eb5b1f2bf45889a47dfff8f38306bbe4549f4c20b641f2386474721f4c', 'b0b0645f1cdabde0228e558056458405c959a85c9b85e1e5951c0b650776e885', '7a3156449e2e8c3fee13bacc518e87439590f6b9766f3a05f2c248402f7fff07', 'dd32e1d464f244f0cbcd229dff267c2d742e092b56c47c5183aa15018f4d43ee', '3a62198d671b861ee178dd025f321ac66c28ba2e6967c6d70248ef6d17a25dab', '9abbf12061040c3fcf87d83c8e2b4a379c4e80b5f16412a0d5f378052414edc1', '27c532e40e5d741f1260dadab2ae1b3895cb766d51b204998e283193af8752cd', '5bb43927e635d7490c4e764722aac22a98a5be17c952cfc021bee9feb1bb016b', '09ea2838c692af4af8dd0b6dcfedf5b8a5bd7c6ef7f3974fb8ef36fc4efc388d', 'd18874bbdf4c1838c89661c2747b584976737daf214c9fca18ed12b0ea8b40fb', '9d52b0a11ce94d1c2f7b4eccc6077fc886514e17b49a38c2f40300546d107abc']",1547653825364
959,d3a97a2a2f54ba1c51991a811f37c9f97943fa8db7037f71f815482dd09e6968,"[-0.20495878159999847, 0.011748936958611012, 0.06760188192129135, -0.21928158402442932, 0.1735146939754486, -0.120181143283844, -0.014370306394994259, 0.20469042658805847, 0.14675161242485046, 0.055706702172756195, -0.08955295383930206, 0.02020297944545746, 0.03140677884221077, -0.08103552460670471, 0.15969032049179077, 0.013721974566578865, -0.05130232125520706, -0.013390614651143551, -0.040466442704200745, 0.04261384159326553, -0.018690526485443115, -0.03044184297323227, -0.012583216652274132, -0.00906105525791645, -0.02752857841551304, -0.0153573676943779, 0.021069694310426712, 0.000678088515996933, -0.0068923188373446465, 0.026422172784805298, -0.00439075380563736, -0.017027391120791435, -0.030983883887529373, -0.02146264538168907, -0.037352897226810455, -0.017936397343873978, 0.02173987403512001, -0.013660846278071404, 0.001519838348031044, -0.005285891704261303, -0.01018494926393032, 0.032535381615161896, 0.04842349886894226, -0.0009840275160968304, -0.0014506499283015728, -0.020301034674048424, 0.004450607113540173, -0.0005323309451341629, 0.0060649532824754715, 0.020193008705973625]",,"['d294db823ad2d20b4fec3510a74dc408d11e9e33b4368136dfa1e448417cce33', '99c3829db1e02e7473b06feb4e27f177965a09b8396918e9d080c8f76a35ff9b']",1547685068016
960,d3a97a2a2f54ba1c51991a811f37c9f97943fa8db7037f71f815482dd09e6968,"[-0.20495878159999847, 0.011748936958611012, 0.06760188192129135, -0.21928158402442932, 0.1735146939754486, -0.120181143283844, -0.014370306394994259, 0.20469042658805847, 0.14675161242485046, 0.055706702172756195, -0.08955295383930206, 0.02020297944545746, 0.03140677884221077, -0.08103552460670471, 0.15969032049179077, 0.013721974566578865, -0.05130232125520706, -0.013390614651143551, -0.040466442704200745, 0.04261384159326553, -0.018690526485443115, -0.03044184297323227, -0.012583216652274132, -0.00906105525791645, -0.02752857841551304, -0.0153573676943779, 0.021069694310426712, 0.000678088515996933, -0.0068923188373446465, 0.026422172784805298, -0.00439075380563736, -0.017027391120791435, -0.030983883887529373, -0.02146264538168907, -0.037352897226810455, -0.017936397343873978, 0.02173987403512001, -0.013660846278071404, 0.001519838348031044, -0.005285891704261303, -0.01018494926393032, 0.032535381615161896, 0.04842349886894226, -0.0009840275160968304, -0.0014506499283015728, -0.020301034674048424, 0.004450607113540173, -0.0005323309451341629, 0.0060649532824754715, 0.020193008705973625]",,"['d294db823ad2d20b4fec3510a74dc408d11e9e33b4368136dfa1e448417cce33', '99c3829db1e02e7473b06feb4e27f177965a09b8396918e9d080c8f76a35ff9b']",1547685068016
961,d3a97a2a2f54ba1c51991a811f37c9f97943fa8db7037f71f815482dd09e6968,"[-0.20495878159999847, 0.011748936958611012, 0.06760188192129135, -0.21928158402442932, 0.1735146939754486, -0.120181143283844, -0.014370306394994259, 0.20469042658805847, 0.14675161242485046, 0.055706702172756195, -0.08955295383930206, 0.02020297944545746, 0.03140677884221077, -0.08103552460670471, 0.15969032049179077, 0.013721974566578865, -0.05130232125520706, -0.013390614651143551, -0.040466442704200745, 0.04261384159326553, -0.018690526485443115, -0.03044184297323227, -0.012583216652274132, -0.00906105525791645, -0.02752857841551304, -0.0153573676943779, 0.021069694310426712, 0.000678088515996933, -0.0068923188373446465, 0.026422172784805298, -0.00439075380563736, -0.017027391120791435, -0.030983883887529373, -0.02146264538168907, -0.037352897226810455, -0.017936397343873978, 0.02173987403512001, -0.013660846278071404, 0.001519838348031044, -0.005285891704261303, -0.01018494926393032, 0.032535381615161896, 0.04842349886894226, -0.0009840275160968304, -0.0014506499283015728, -0.020301034674048424, 0.004450607113540173, -0.0005323309451341629, 0.0060649532824754715, 0.020193008705973625]",,"['d294db823ad2d20b4fec3510a74dc408d11e9e33b4368136dfa1e448417cce33', '99c3829db1e02e7473b06feb4e27f177965a09b8396918e9d080c8f76a35ff9b']",1547685068016
962,d3a97a2a2f54ba1c51991a811f37c9f97943fa8db7037f71f815482dd09e6968,"[-0.25790929794311523, 0.044289618730545044, 0.04838266968727112, -0.25300031900405884, 0.029187675565481186, -0.13139712810516357, 0.048030462116003036, 0.04664259031414986, 0.21667981147766113, -0.031688302755355835, -0.05951758474111557, 0.07287725061178207, 0.2584700882434845, 0.010277017019689083, 0.05204933136701584, -0.10972817242145538, 0.03378944471478462, -0.030982330441474915, -0.06205322593450546, 0.00926804170012474, 0.021342093124985695, -0.053114112466573715, 0.05603127181529999, 0.0900716632604599, 0.006230317987501621, 0.009088916704058647, -0.009846460074186325, -0.002296001650393009, -0.018888914957642555, 0.04764217883348465, 0.02159038372337818, -0.05115494132041931, 0.0029617790132761, -0.03175154700875282, -0.03322023153305054, 0.013940985314548016, 0.020159903913736343, -0.013695158064365387, -0.004443877376616001, 0.002649270463734865, -0.02993522584438324, 0.057380322366952896, 0.025122571736574173, -0.013769657351076603, 0.04188994690775871, -0.020760158076882362, 0.01655667833983898, -0.04025154188275337, 0.03601394593715668, 0.01636575721204281]",,"['5593f5d86ef3d4011f830ad73cbaf045192242836c8e9572870449cf3b77aae4', '05987376b7969e2d4616d784ab056bea3ca654feb4d22e51720c4027d3d77982', '966ee5e5775e9de76fab0daf4b2faddbf6785945d97ec42528539c2b4fe8b632', 'ba42cbb8a509c852cb5a228b9709235cc0503967e4854c73a10ef4ac96d92905', '1774092792c6d1d21b68a9878a9486878db998598018dd8456bb9ee1019d9c7e', '0fef274a99005d508b1f33cd62e920fdbf395c15adeaca203112b145ce56e649', '9de6281f18de849b46f678243412f6248108fe05fdfb90e57406a674c932cdd9', '45c11ae1cc88ef8a3595b80230f4fff50625379f61b4914006fb558f7d00441c', 'ca60450185e8e0c001e5a96b9bd42493e889d6ded33216f9a2566307676aa4dc']",1547685096030
963,d3a97a2a2f54ba1c51991a811f37c9f97943fa8db7037f71f815482dd09e6968,"[-0.25790929794311523, 0.044289618730545044, 0.04838266968727112, -0.25300031900405884, 0.029187675565481186, -0.13139712810516357, 0.048030462116003036, 0.04664259031414986, 0.21667981147766113, -0.031688302755355835, -0.05951758474111557, 0.07287725061178207, 0.2584700882434845, 0.010277017019689083, 0.05204933136701584, -0.10972817242145538, 0.03378944471478462, -0.030982330441474915, -0.06205322593450546, 0.00926804170012474, 0.021342093124985695, -0.053114112466573715, 0.05603127181529999, 0.0900716632604599, 0.006230317987501621, 0.009088916704058647, -0.009846460074186325, -0.002296001650393009, -0.018888914957642555, 0.04764217883348465, 0.02159038372337818, -0.05115494132041931, 0.0029617790132761, -0.03175154700875282, -0.03322023153305054, 0.013940985314548016, 0.020159903913736343, -0.013695158064365387, -0.004443877376616001, 0.002649270463734865, -0.02993522584438324, 0.057380322366952896, 0.025122571736574173, -0.013769657351076603, 0.04188994690775871, -0.020760158076882362, 0.01655667833983898, -0.04025154188275337, 0.03601394593715668, 0.01636575721204281]",,"['5593f5d86ef3d4011f830ad73cbaf045192242836c8e9572870449cf3b77aae4', '05987376b7969e2d4616d784ab056bea3ca654feb4d22e51720c4027d3d77982', '966ee5e5775e9de76fab0daf4b2faddbf6785945d97ec42528539c2b4fe8b632', 'ba42cbb8a509c852cb5a228b9709235cc0503967e4854c73a10ef4ac96d92905', '1774092792c6d1d21b68a9878a9486878db998598018dd8456bb9ee1019d9c7e', '0fef274a99005d508b1f33cd62e920fdbf395c15adeaca203112b145ce56e649', '9de6281f18de849b46f678243412f6248108fe05fdfb90e57406a674c932cdd9', '45c11ae1cc88ef8a3595b80230f4fff50625379f61b4914006fb558f7d00441c', 'ca60450185e8e0c001e5a96b9bd42493e889d6ded33216f9a2566307676aa4dc']",1547685096030
964,d3a97a2a2f54ba1c51991a811f37c9f97943fa8db7037f71f815482dd09e6968,"[-0.25790929794311523, 0.044289618730545044, 0.04838266968727112, -0.25300031900405884, 0.029187675565481186, -0.13139712810516357, 0.048030462116003036, 0.04664259031414986, 0.21667981147766113, -0.031688302755355835, -0.05951758474111557, 0.07287725061178207, 0.2584700882434845, 0.010277017019689083, 0.05204933136701584, -0.10972817242145538, 0.03378944471478462, -0.030982330441474915, -0.06205322593450546, 0.00926804170012474, 0.021342093124985695, -0.053114112466573715, 0.05603127181529999, 0.0900716632604599, 0.006230317987501621, 0.009088916704058647, -0.009846460074186325, -0.002296001650393009, -0.018888914957642555, 0.04764217883348465, 0.02159038372337818, -0.05115494132041931, 0.0029617790132761, -0.03175154700875282, -0.03322023153305054, 0.013940985314548016, 0.020159903913736343, -0.013695158064365387, -0.004443877376616001, 0.002649270463734865, -0.02993522584438324, 0.057380322366952896, 0.025122571736574173, -0.013769657351076603, 0.04188994690775871, -0.020760158076882362, 0.01655667833983898, -0.04025154188275337, 0.03601394593715668, 0.01636575721204281]",,"['5593f5d86ef3d4011f830ad73cbaf045192242836c8e9572870449cf3b77aae4', '05987376b7969e2d4616d784ab056bea3ca654feb4d22e51720c4027d3d77982', '966ee5e5775e9de76fab0daf4b2faddbf6785945d97ec42528539c2b4fe8b632', 'ba42cbb8a509c852cb5a228b9709235cc0503967e4854c73a10ef4ac96d92905', '1774092792c6d1d21b68a9878a9486878db998598018dd8456bb9ee1019d9c7e', '0fef274a99005d508b1f33cd62e920fdbf395c15adeaca203112b145ce56e649', '9de6281f18de849b46f678243412f6248108fe05fdfb90e57406a674c932cdd9', '45c11ae1cc88ef8a3595b80230f4fff50625379f61b4914006fb558f7d00441c', 'ca60450185e8e0c001e5a96b9bd42493e889d6ded33216f9a2566307676aa4dc']",1547685096030
965,d3a97a2a2f54ba1c51991a811f37c9f97943fa8db7037f71f815482dd09e6968,"[-0.23188042640686035, 0.007892224006354809, 0.04159316420555115, -0.22154298424720764, 0.04168703034520149, -0.1006288081407547, 0.014433921314775944, 0.02857271209359169, 0.17755599319934845, -0.046158090233802795, -0.05466380715370178, 0.052716802805662155, 0.2247052788734436, 0.015956196933984756, 0.04774901270866394, -0.08296791464090347, 0.030157404020428658, -0.0165678933262825, -0.048710018396377563, 0.010106317698955536, 0.013811147771775723, -0.046081580221652985, 0.030556293204426765, 0.0542399100959301, -0.0028273947536945343, 0.0013908175751566887, -0.02837447077035904, -0.0021104845218360424, -0.01842762529850006, 0.035662390291690826, 0.010997829958796501, -0.03917344659566879, 0.00678897462785244, -0.027560880407691002, -0.031700026243925095, 0.019986167550086975, 0.014192400500178337, -0.011327603831887245, -0.01038256473839283, -0.0017111736815422773, -0.026764918118715286, 0.04690161719918251, 0.017778664827346802, -0.020362164825201035, 0.023258361965417862, -0.017977233976125717, 0.01074964739382267, -0.026288023218512535, 0.021872621029615402, 0.019748207181692123]",,"['5593f5d86ef3d4011f830ad73cbaf045192242836c8e9572870449cf3b77aae4', '05987376b7969e2d4616d784ab056bea3ca654feb4d22e51720c4027d3d77982', '966ee5e5775e9de76fab0daf4b2faddbf6785945d97ec42528539c2b4fe8b632', 'ba42cbb8a509c852cb5a228b9709235cc0503967e4854c73a10ef4ac96d92905', '1774092792c6d1d21b68a9878a9486878db998598018dd8456bb9ee1019d9c7e', '0fef274a99005d508b1f33cd62e920fdbf395c15adeaca203112b145ce56e649', '9de6281f18de849b46f678243412f6248108fe05fdfb90e57406a674c932cdd9', '45c11ae1cc88ef8a3595b80230f4fff50625379f61b4914006fb558f7d00441c', 'ca60450185e8e0c001e5a96b9bd42493e889d6ded33216f9a2566307676aa4dc']",1547685375499
966,d3a97a2a2f54ba1c51991a811f37c9f97943fa8db7037f71f815482dd09e6968,"[-0.23188042640686035, 0.007892224006354809, 0.04159316420555115, -0.22154298424720764, 0.04168703034520149, -0.1006288081407547, 0.014433921314775944, 0.02857271209359169, 0.17755599319934845, -0.046158090233802795, -0.05466380715370178, 0.052716802805662155, 0.2247052788734436, 0.015956196933984756, 0.04774901270866394, -0.08296791464090347, 0.030157404020428658, -0.0165678933262825, -0.048710018396377563, 0.010106317698955536, 0.013811147771775723, -0.046081580221652985, 0.030556293204426765, 0.0542399100959301, -0.0028273947536945343, 0.0013908175751566887, -0.02837447077035904, -0.0021104845218360424, -0.01842762529850006, 0.035662390291690826, 0.010997829958796501, -0.03917344659566879, 0.00678897462785244, -0.027560880407691002, -0.031700026243925095, 0.019986167550086975, 0.014192400500178337, -0.011327603831887245, -0.01038256473839283, -0.0017111736815422773, -0.026764918118715286, 0.04690161719918251, 0.017778664827346802, -0.020362164825201035, 0.023258361965417862, -0.017977233976125717, 0.01074964739382267, -0.026288023218512535, 0.021872621029615402, 0.019748207181692123]",,"['5593f5d86ef3d4011f830ad73cbaf045192242836c8e9572870449cf3b77aae4', '05987376b7969e2d4616d784ab056bea3ca654feb4d22e51720c4027d3d77982', '966ee5e5775e9de76fab0daf4b2faddbf6785945d97ec42528539c2b4fe8b632', 'ba42cbb8a509c852cb5a228b9709235cc0503967e4854c73a10ef4ac96d92905', '1774092792c6d1d21b68a9878a9486878db998598018dd8456bb9ee1019d9c7e', '0fef274a99005d508b1f33cd62e920fdbf395c15adeaca203112b145ce56e649', '9de6281f18de849b46f678243412f6248108fe05fdfb90e57406a674c932cdd9', '45c11ae1cc88ef8a3595b80230f4fff50625379f61b4914006fb558f7d00441c', 'ca60450185e8e0c001e5a96b9bd42493e889d6ded33216f9a2566307676aa4dc']",1547685375499
967,d3a97a2a2f54ba1c51991a811f37c9f97943fa8db7037f71f815482dd09e6968,"[-0.23188042640686035, 0.007892224006354809, 0.04159316420555115, -0.22154298424720764, 0.04168703034520149, -0.1006288081407547, 0.014433921314775944, 0.02857271209359169, 0.17755599319934845, -0.046158090233802795, -0.05466380715370178, 0.052716802805662155, 0.2247052788734436, 0.015956196933984756, 0.04774901270866394, -0.08296791464090347, 0.030157404020428658, -0.0165678933262825, -0.048710018396377563, 0.010106317698955536, 0.013811147771775723, -0.046081580221652985, 0.030556293204426765, 0.0542399100959301, -0.0028273947536945343, 0.0013908175751566887, -0.02837447077035904, -0.0021104845218360424, -0.01842762529850006, 0.035662390291690826, 0.010997829958796501, -0.03917344659566879, 0.00678897462785244, -0.027560880407691002, -0.031700026243925095, 0.019986167550086975, 0.014192400500178337, -0.011327603831887245, -0.01038256473839283, -0.0017111736815422773, -0.026764918118715286, 0.04690161719918251, 0.017778664827346802, -0.020362164825201035, 0.023258361965417862, -0.017977233976125717, 0.01074964739382267, -0.026288023218512535, 0.021872621029615402, 0.019748207181692123]",,"['5593f5d86ef3d4011f830ad73cbaf045192242836c8e9572870449cf3b77aae4', '05987376b7969e2d4616d784ab056bea3ca654feb4d22e51720c4027d3d77982', '966ee5e5775e9de76fab0daf4b2faddbf6785945d97ec42528539c2b4fe8b632', 'ba42cbb8a509c852cb5a228b9709235cc0503967e4854c73a10ef4ac96d92905', '1774092792c6d1d21b68a9878a9486878db998598018dd8456bb9ee1019d9c7e', '0fef274a99005d508b1f33cd62e920fdbf395c15adeaca203112b145ce56e649', '9de6281f18de849b46f678243412f6248108fe05fdfb90e57406a674c932cdd9', '45c11ae1cc88ef8a3595b80230f4fff50625379f61b4914006fb558f7d00441c', 'ca60450185e8e0c001e5a96b9bd42493e889d6ded33216f9a2566307676aa4dc']",1547685375499
968,d3a97a2a2f54ba1c51991a811f37c9f97943fa8db7037f71f815482dd09e6968,"[-0.2502560615539551, 0.032067812979221344, 0.04641147330403328, -0.2491527646780014, 6.93772453814745e-05, -0.13521233201026917, 0.030496712774038315, 0.03254783898591995, 0.21403172612190247, -0.028616173192858696, -0.054501526057720184, 0.0584741085767746, 0.23853179812431335, 0.009731524623930454, 0.0496845543384552, -0.09717094898223877, 0.03414805606007576, -0.03716529905796051, -0.061636410653591156, 0.012590210884809494, 0.01242891326546669, -0.04708584398031235, 0.0584503635764122, 0.08743952214717865, -0.0062638139352202415, -0.003040456213057041, -0.008842728100717068, -0.010792439803481102, -0.018349727615714073, 0.05224417895078659, 0.010956653393805027, -0.048373736441135406, -0.0017463527619838715, -0.03832317888736725, -0.0334782712161541, 0.010328462347388268, 0.02089635282754898, -0.015052697621285915, -0.006232086103409529, -0.005512933246791363, -0.02731158211827278, 0.056955818086862564, 0.017280925065279007, -0.02143605798482895, 0.030007435008883476, -0.02284153737127781, 0.02418048493564129, -0.03300584480166435, 0.022819891571998596, 0.016234155744314194]",,"['5593f5d86ef3d4011f830ad73cbaf045192242836c8e9572870449cf3b77aae4', '05987376b7969e2d4616d784ab056bea3ca654feb4d22e51720c4027d3d77982', '966ee5e5775e9de76fab0daf4b2faddbf6785945d97ec42528539c2b4fe8b632', 'ba42cbb8a509c852cb5a228b9709235cc0503967e4854c73a10ef4ac96d92905', '1774092792c6d1d21b68a9878a9486878db998598018dd8456bb9ee1019d9c7e', '0fef274a99005d508b1f33cd62e920fdbf395c15adeaca203112b145ce56e649', '9de6281f18de849b46f678243412f6248108fe05fdfb90e57406a674c932cdd9', '45c11ae1cc88ef8a3595b80230f4fff50625379f61b4914006fb558f7d00441c', 'ca60450185e8e0c001e5a96b9bd42493e889d6ded33216f9a2566307676aa4dc']",1547685498210
969,d3a97a2a2f54ba1c51991a811f37c9f97943fa8db7037f71f815482dd09e6968,"[-0.2502560615539551, 0.032067812979221344, 0.04641147330403328, -0.2491527646780014, 6.93772453814745e-05, -0.13521233201026917, 0.030496712774038315, 0.03254783898591995, 0.21403172612190247, -0.028616173192858696, -0.054501526057720184, 0.0584741085767746, 0.23853179812431335, 0.009731524623930454, 0.0496845543384552, -0.09717094898223877, 0.03414805606007576, -0.03716529905796051, -0.061636410653591156, 0.012590210884809494, 0.01242891326546669, -0.04708584398031235, 0.0584503635764122, 0.08743952214717865, -0.0062638139352202415, -0.003040456213057041, -0.008842728100717068, -0.010792439803481102, -0.018349727615714073, 0.05224417895078659, 0.010956653393805027, -0.048373736441135406, -0.0017463527619838715, -0.03832317888736725, -0.0334782712161541, 0.010328462347388268, 0.02089635282754898, -0.015052697621285915, -0.006232086103409529, -0.005512933246791363, -0.02731158211827278, 0.056955818086862564, 0.017280925065279007, -0.02143605798482895, 0.030007435008883476, -0.02284153737127781, 0.02418048493564129, -0.03300584480166435, 0.022819891571998596, 0.016234155744314194]",,"['5593f5d86ef3d4011f830ad73cbaf045192242836c8e9572870449cf3b77aae4', '05987376b7969e2d4616d784ab056bea3ca654feb4d22e51720c4027d3d77982', '966ee5e5775e9de76fab0daf4b2faddbf6785945d97ec42528539c2b4fe8b632', 'ba42cbb8a509c852cb5a228b9709235cc0503967e4854c73a10ef4ac96d92905', '1774092792c6d1d21b68a9878a9486878db998598018dd8456bb9ee1019d9c7e', '0fef274a99005d508b1f33cd62e920fdbf395c15adeaca203112b145ce56e649', '9de6281f18de849b46f678243412f6248108fe05fdfb90e57406a674c932cdd9', '45c11ae1cc88ef8a3595b80230f4fff50625379f61b4914006fb558f7d00441c', 'ca60450185e8e0c001e5a96b9bd42493e889d6ded33216f9a2566307676aa4dc']",1547685498210
970,d3a97a2a2f54ba1c51991a811f37c9f97943fa8db7037f71f815482dd09e6968,"[-0.2502560615539551, 0.032067812979221344, 0.04641147330403328, -0.2491527646780014, 6.93772453814745e-05, -0.13521233201026917, 0.030496712774038315, 0.03254783898591995, 0.21403172612190247, -0.028616173192858696, -0.054501526057720184, 0.0584741085767746, 0.23853179812431335, 0.009731524623930454, 0.0496845543384552, -0.09717094898223877, 0.03414805606007576, -0.03716529905796051, -0.061636410653591156, 0.012590210884809494, 0.01242891326546669, -0.04708584398031235, 0.0584503635764122, 0.08743952214717865, -0.0062638139352202415, -0.003040456213057041, -0.008842728100717068, -0.010792439803481102, -0.018349727615714073, 0.05224417895078659, 0.010956653393805027, -0.048373736441135406, -0.0017463527619838715, -0.03832317888736725, -0.0334782712161541, 0.010328462347388268, 0.02089635282754898, -0.015052697621285915, -0.006232086103409529, -0.005512933246791363, -0.02731158211827278, 0.056955818086862564, 0.017280925065279007, -0.02143605798482895, 0.030007435008883476, -0.02284153737127781, 0.02418048493564129, -0.03300584480166435, 0.022819891571998596, 0.016234155744314194]",,"['5593f5d86ef3d4011f830ad73cbaf045192242836c8e9572870449cf3b77aae4', '05987376b7969e2d4616d784ab056bea3ca654feb4d22e51720c4027d3d77982', '966ee5e5775e9de76fab0daf4b2faddbf6785945d97ec42528539c2b4fe8b632', 'ba42cbb8a509c852cb5a228b9709235cc0503967e4854c73a10ef4ac96d92905', '1774092792c6d1d21b68a9878a9486878db998598018dd8456bb9ee1019d9c7e', '0fef274a99005d508b1f33cd62e920fdbf395c15adeaca203112b145ce56e649', '9de6281f18de849b46f678243412f6248108fe05fdfb90e57406a674c932cdd9', '45c11ae1cc88ef8a3595b80230f4fff50625379f61b4914006fb558f7d00441c', 'ca60450185e8e0c001e5a96b9bd42493e889d6ded33216f9a2566307676aa4dc']",1547685498210
971,d3a97a2a2f54ba1c51991a811f37c9f97943fa8db7037f71f815482dd09e6968,"[-0.19718970358371735, 0.07863877713680267, -0.09954935312271118, -0.14915558695793152, 9.05599445104599e-05, 0.03293180465698242, -0.047471992671489716, -0.05514746159315109, -0.06056603789329529, -0.07291146367788315, -0.03540682792663574, 0.012382381595671177, -0.026490624994039536, -0.014606117270886898, -0.13199256360530853, 0.036166854202747345, 0.023818571120500565, -0.023115506395697594, 0.10407322645187378, -0.032702233642339706, -0.04278399422764778, 0.04237307980656624, 0.05934508889913559, 0.025410709902644157, -0.02274576760828495, -0.01981588639318943, -0.0008889557793736458, -0.013345626182854176, -0.004411203786730766, 0.025813397020101547, -0.07083457708358765, 0.012998048216104507, -0.00857352651655674, 0.017528045922517776, -0.005925163626670837, 0.0899524837732315, -0.01672891341149807, -0.02923380210995674, -0.02436060458421707, -0.023035138845443726, -0.0034651774913072586, -0.032920464873313904, -0.005223273765295744, -0.058002106845378876, -0.01575249433517456, 0.07867066562175751, -0.009384822100400925, 0.02355855144560337, -0.032204050570726395, -0.028716547414660454]",,"['5c098d7841bababe5c2a5a1d65925a6ac7f7b355e9b3bfc4282c77d0953ef740', '33c8434417c103de42e96b986e11b19ca26ee5632d697c6ab3b1e071c02bc7d7', 'd01bb4fb6ef8f33b989aa85b8ce133be0ce173bd5cd6d30dc99507891f532666', '6a7925afa00cbece16e9b4661890f0b06b07bffc70329ce9a1c890489b416a99', '4ed32d7993879dd94130413cfaffe0e9d25a7321536687ae7ffed64ed1c76bd5', '96c436af2e8c55332994ef20b3924664aa09224a330ede1d2cc54fdbd643928f']",1547685833180
972,d3a97a2a2f54ba1c51991a811f37c9f97943fa8db7037f71f815482dd09e6968,"[-0.19718970358371735, 0.07863877713680267, -0.09954935312271118, -0.14915558695793152, 9.05599445104599e-05, 0.03293180465698242, -0.047471992671489716, -0.05514746159315109, -0.06056603789329529, -0.07291146367788315, -0.03540682792663574, 0.012382381595671177, -0.026490624994039536, -0.014606117270886898, -0.13199256360530853, 0.036166854202747345, 0.023818571120500565, -0.023115506395697594, 0.10407322645187378, -0.032702233642339706, -0.04278399422764778, 0.04237307980656624, 0.05934508889913559, 0.025410709902644157, -0.02274576760828495, -0.01981588639318943, -0.0008889557793736458, -0.013345626182854176, -0.004411203786730766, 0.025813397020101547, -0.07083457708358765, 0.012998048216104507, -0.00857352651655674, 0.017528045922517776, -0.005925163626670837, 0.0899524837732315, -0.01672891341149807, -0.02923380210995674, -0.02436060458421707, -0.023035138845443726, -0.0034651774913072586, -0.032920464873313904, -0.005223273765295744, -0.058002106845378876, -0.01575249433517456, 0.07867066562175751, -0.009384822100400925, 0.02355855144560337, -0.032204050570726395, -0.028716547414660454]",,"['5c098d7841bababe5c2a5a1d65925a6ac7f7b355e9b3bfc4282c77d0953ef740', '33c8434417c103de42e96b986e11b19ca26ee5632d697c6ab3b1e071c02bc7d7', 'd01bb4fb6ef8f33b989aa85b8ce133be0ce173bd5cd6d30dc99507891f532666', '6a7925afa00cbece16e9b4661890f0b06b07bffc70329ce9a1c890489b416a99', '4ed32d7993879dd94130413cfaffe0e9d25a7321536687ae7ffed64ed1c76bd5', '96c436af2e8c55332994ef20b3924664aa09224a330ede1d2cc54fdbd643928f']",1547685833180
973,d3a97a2a2f54ba1c51991a811f37c9f97943fa8db7037f71f815482dd09e6968,"[-0.19718970358371735, 0.07863877713680267, -0.09954935312271118, -0.14915558695793152, 9.05599445104599e-05, 0.03293180465698242, -0.047471992671489716, -0.05514746159315109, -0.06056603789329529, -0.07291146367788315, -0.03540682792663574, 0.012382381595671177, -0.026490624994039536, -0.014606117270886898, -0.13199256360530853, 0.036166854202747345, 0.023818571120500565, -0.023115506395697594, 0.10407322645187378, -0.032702233642339706, -0.04278399422764778, 0.04237307980656624, 0.05934508889913559, 0.025410709902644157, -0.02274576760828495, -0.01981588639318943, -0.0008889557793736458, -0.013345626182854176, -0.004411203786730766, 0.025813397020101547, -0.07083457708358765, 0.012998048216104507, -0.00857352651655674, 0.017528045922517776, -0.005925163626670837, 0.0899524837732315, -0.01672891341149807, -0.02923380210995674, -0.02436060458421707, -0.023035138845443726, -0.0034651774913072586, -0.032920464873313904, -0.005223273765295744, -0.058002106845378876, -0.01575249433517456, 0.07867066562175751, -0.009384822100400925, 0.02355855144560337, -0.032204050570726395, -0.028716547414660454]",,"['5c098d7841bababe5c2a5a1d65925a6ac7f7b355e9b3bfc4282c77d0953ef740', '33c8434417c103de42e96b986e11b19ca26ee5632d697c6ab3b1e071c02bc7d7', 'd01bb4fb6ef8f33b989aa85b8ce133be0ce173bd5cd6d30dc99507891f532666', '6a7925afa00cbece16e9b4661890f0b06b07bffc70329ce9a1c890489b416a99', '4ed32d7993879dd94130413cfaffe0e9d25a7321536687ae7ffed64ed1c76bd5', '96c436af2e8c55332994ef20b3924664aa09224a330ede1d2cc54fdbd643928f']",1547685833180
974,d3a97a2a2f54ba1c51991a811f37c9f97943fa8db7037f71f815482dd09e6968,"[-0.20622628927230835, 0.10359956324100494, -0.12602323293685913, -0.18729639053344727, 0.08284074068069458, 0.031848229467868805, -0.03429006040096283, 0.02058035135269165, -0.058986254036426544, -0.06371204555034637, -0.017986344173550606, 0.04195418581366539, 0.09049823135137558, 0.013678391464054585, -0.17851299047470093, -0.06780014932155609, 0.05186427757143974, -0.021062348037958145, 0.08405131101608276, -0.05488239601254463, -0.0073775346390903, 0.028811953961849213, 0.10161805897951126, 0.07330500334501266, 0.02511455863714218, 0.00541140791028738, 0.01026463694870472, -0.004575538448989391, 0.007923206314444542, 0.015473040752112865, -0.04705966264009476, 0.0025341734290122986, 0.02027704566717148, 0.033542755991220474, 0.011473358608782291, 0.08959305286407471, -0.009446021169424057, -0.037831924855709076, -0.025078894570469856, -0.02710072323679924, -0.010874182917177677, -0.027171503752470016, 0.0007933462038636208, -0.050528015941381454, -0.004411683883517981, 0.07727475464344025, -0.013845611363649368, 0.0009001623839139938, -0.02157435193657875, -0.03929466754198074]",,['96c436af2e8c55332994ef20b3924664aa09224a330ede1d2cc54fdbd643928f'],1547685844147
975,d3a97a2a2f54ba1c51991a811f37c9f97943fa8db7037f71f815482dd09e6968,"[-0.20622628927230835, 0.10359956324100494, -0.12602323293685913, -0.18729639053344727, 0.08284074068069458, 0.031848229467868805, -0.03429006040096283, 0.02058035135269165, -0.058986254036426544, -0.06371204555034637, -0.017986344173550606, 0.04195418581366539, 0.09049823135137558, 0.013678391464054585, -0.17851299047470093, -0.06780014932155609, 0.05186427757143974, -0.021062348037958145, 0.08405131101608276, -0.05488239601254463, -0.0073775346390903, 0.028811953961849213, 0.10161805897951126, 0.07330500334501266, 0.02511455863714218, 0.00541140791028738, 0.01026463694870472, -0.004575538448989391, 0.007923206314444542, 0.015473040752112865, -0.04705966264009476, 0.0025341734290122986, 0.02027704566717148, 0.033542755991220474, 0.011473358608782291, 0.08959305286407471, -0.009446021169424057, -0.037831924855709076, -0.025078894570469856, -0.02710072323679924, -0.010874182917177677, -0.027171503752470016, 0.0007933462038636208, -0.050528015941381454, -0.004411683883517981, 0.07727475464344025, -0.013845611363649368, 0.0009001623839139938, -0.02157435193657875, -0.03929466754198074]",,['96c436af2e8c55332994ef20b3924664aa09224a330ede1d2cc54fdbd643928f'],1547685844147
976,d3a97a2a2f54ba1c51991a811f37c9f97943fa8db7037f71f815482dd09e6968,"[-0.20622628927230835, 0.10359956324100494, -0.12602323293685913, -0.18729639053344727, 0.08284074068069458, 0.031848229467868805, -0.03429006040096283, 0.02058035135269165, -0.058986254036426544, -0.06371204555034637, -0.017986344173550606, 0.04195418581366539, 0.09049823135137558, 0.013678391464054585, -0.17851299047470093, -0.06780014932155609, 0.05186427757143974, -0.021062348037958145, 0.08405131101608276, -0.05488239601254463, -0.0073775346390903, 0.028811953961849213, 0.10161805897951126, 0.07330500334501266, 0.02511455863714218, 0.00541140791028738, 0.01026463694870472, -0.004575538448989391, 0.007923206314444542, 0.015473040752112865, -0.04705966264009476, 0.0025341734290122986, 0.02027704566717148, 0.033542755991220474, 0.011473358608782291, 0.08959305286407471, -0.009446021169424057, -0.037831924855709076, -0.025078894570469856, -0.02710072323679924, -0.010874182917177677, -0.027171503752470016, 0.0007933462038636208, -0.050528015941381454, -0.004411683883517981, 0.07727475464344025, -0.013845611363649368, 0.0009001623839139938, -0.02157435193657875, -0.03929466754198074]",,['96c436af2e8c55332994ef20b3924664aa09224a330ede1d2cc54fdbd643928f'],1547685844147
977,381bfda7cf1782a741a29ebadd12c25f30ee48539491f132d4018e4a6e8e2389,"[-0.13365960121154785, -0.10381095111370087, 0.002360912039875984, -0.1317097246646881, 0.01620982214808464, -0.012486900202929974, 0.03150273114442825, 0.20185773074626923, 0.03856348246335983, 0.02060716599225998, 0.13158884644508362, -0.060814596712589264, 0.2093856930732727, 0.08540357649326324, -0.1412040889263153, -0.1596992313861847, 0.076935313642025, 0.031240668147802353, -0.059351176023483276, -0.012003389187157154, 0.08509042859077454, 0.019282566383481026, 0.01682255230844021, 0.017541993409395218, 0.09910649806261063, 0.07525166124105453, -0.0691211074590683, 0.07673275470733643, -0.0289946086704731, 0.06221044063568115, 0.08027295768260956, -0.0357423759996891, 0.015800470486283302, -0.02332696132361889, 0.07610442489385605, 0.017551545053720474, -0.031026655808091164, -0.10822251439094543, 0.03055998682975769, -0.03786994516849518, 0.0003420524299144745, 0.10594651103019714, 0.01898377388715744, 0.06061994284391403, 0.03536389768123627, -0.06324802339076996, 0.036081574857234955, 0.037625107914209366, -0.005953819490969181, 0.00435155164450407]",,,1550109352014
978,381bfda7cf1782a741a29ebadd12c25f30ee48539491f132d4018e4a6e8e2389,"[-0.13365960121154785, -0.10381095111370087, 0.002360912039875984, -0.1317097246646881, 0.01620982214808464, -0.012486900202929974, 0.03150273114442825, 0.20185773074626923, 0.03856348246335983, 0.02060716599225998, 0.13158884644508362, -0.060814596712589264, 0.2093856930732727, 0.08540357649326324, -0.1412040889263153, -0.1596992313861847, 0.076935313642025, 0.031240668147802353, -0.059351176023483276, -0.012003389187157154, 0.08509042859077454, 0.019282566383481026, 0.01682255230844021, 0.017541993409395218, 0.09910649806261063, 0.07525166124105453, -0.0691211074590683, 0.07673275470733643, -0.0289946086704731, 0.06221044063568115, 0.08027295768260956, -0.0357423759996891, 0.015800470486283302, -0.02332696132361889, 0.07610442489385605, 0.017551545053720474, -0.031026655808091164, -0.10822251439094543, 0.03055998682975769, -0.03786994516849518, 0.0003420524299144745, 0.10594651103019714, 0.01898377388715744, 0.06061994284391403, 0.03536389768123627, -0.06324802339076996, 0.036081574857234955, 0.037625107914209366, -0.005953819490969181, 0.00435155164450407]",,,1550109352014
979,381bfda7cf1782a741a29ebadd12c25f30ee48539491f132d4018e4a6e8e2389,"[-0.017851898446679115, -0.257421612739563, 0.11078828573226929, 0.043142568320035934, -0.12935975193977356, -0.014942392706871033, 0.08786650747060776, 0.059670817106962204, 0.05900368094444275, 0.024630196392536163, 0.12280835956335068, -0.12418950349092484, -0.029336512088775635, 0.03892495483160019, -0.06141943112015724, -0.06973624229431152, -0.06023643538355827, 0.06817364692687988, 0.015558759681880474, 0.00511622428894043, 0.04539627581834793, 0.017840418964624405, -0.050907932221889496, -0.02491098828613758, 0.10119567811489105, 0.05323547124862671, -0.07471669465303421, 0.1355155110359192, 0.04657755792140961, 0.0622682198882103, 0.12012159824371338, -0.06123651936650276, 0.005028183571994305, -0.024290861561894417, 0.13464951515197754, 0.050228677690029144, -0.04069162532687187, -0.14093811810016632, 0.0013087168335914612, -0.07062529027462006, 0.01333513855934143, 0.1313541829586029, 0.034777894616127014, 0.09328746795654297, 0.018660224974155426, -0.06487923860549927, 0.04118404537439346, 0.07097385823726654, -0.021674692630767822, -0.011497698724269867]",,,1550109535679
980,381bfda7cf1782a741a29ebadd12c25f30ee48539491f132d4018e4a6e8e2389,"[-0.017851898446679115, -0.257421612739563, 0.11078828573226929, 0.043142568320035934, -0.12935975193977356, -0.014942392706871033, 0.08786650747060776, 0.059670817106962204, 0.05900368094444275, 0.024630196392536163, 0.12280835956335068, -0.12418950349092484, -0.029336512088775635, 0.03892495483160019, -0.06141943112015724, -0.06973624229431152, -0.06023643538355827, 0.06817364692687988, 0.015558759681880474, 0.00511622428894043, 0.04539627581834793, 0.017840418964624405, -0.050907932221889496, -0.02491098828613758, 0.10119567811489105, 0.05323547124862671, -0.07471669465303421, 0.1355155110359192, 0.04657755792140961, 0.0622682198882103, 0.12012159824371338, -0.06123651936650276, 0.005028183571994305, -0.024290861561894417, 0.13464951515197754, 0.050228677690029144, -0.04069162532687187, -0.14093811810016632, 0.0013087168335914612, -0.07062529027462006, 0.01333513855934143, 0.1313541829586029, 0.034777894616127014, 0.09328746795654297, 0.018660224974155426, -0.06487923860549927, 0.04118404537439346, 0.07097385823726654, -0.021674692630767822, -0.011497698724269867]",,,1550109535679
981,91b90799b782b410947bf66e146124e36e0d3cd07344e1c6cfbe0f0f0a2f9204,"[-0.17043043673038483, -0.10512208938598633, 0.019404102116823196, -0.2235121726989746, 0.04857639968395233, -0.13129712641239166, 0.10323198139667511, 0.06702397018671036, 0.15061715245246887, 0.027630386874079704, 0.004110426642000675, 0.03552890568971634, 0.36516714096069336, -0.07851611077785492, 0.10028740763664246, -0.07824519276618958, 0.1557980179786682, -0.017518648877739906, -0.046788476407527924, -0.040290020406246185, -0.041037727147340775, 0.02949688583612442, 0.058131929486989975, -0.050961144268512726, -0.030552510172128677, 0.0336759015917778, -0.013545893132686615, -0.014047181233763695, 0.024073228240013123, 0.09292702376842499, -0.040462806820869446, -0.012413013726472855, 0.07167892158031464, 0.04650183767080307, -0.10981160402297974, -0.03511899709701538, 0.06554006785154343, 0.02473192662000656, 0.016665134578943253, -0.02763085439801216, -0.015437816269695759, 0.05992627888917923, -0.031039025634527206, -0.031049087643623352, -0.0020528347231447697, 0.03943464159965515, -0.04794813692569733, 0.0034160995855927467, -0.013188634067773819, -0.03920161351561546]",,"['d97cb1147901653fd77c4061847fa22d08eb2fedc64abf09a7757a62f846347d', 'e00532b3d1a4fa25e5b9fa21f6bc0bf32608ec5d47e9da5f10ffe65000caf0eb', '9877e18806be0665bcb4f0e193008cdf91e649e47e1b73b208950acc787b3872', 'c47b7975777ab542a16bf8a1c63d67f315d163a6e63f6f871b20b6ec1320044f', '112e329c165d0e858389d39a210d0aa8688cea2b8baf99ca150ddec94efce156', '5ae1889ab597907bf4b44fc0633010986799ff05ee4bed4a6f91c638db85d809', '34dfa609b07ec0636ea7069b0f6d407bd2b42bf71dccff99c72934701ca2aaf3', 'f9e2ba5b074de75eb30d74f51d2d3f01af92b7b9fd267d792231354d782c9188', '31ee4126a7031d849e89b509fc7bf99f53871a2c42c70d821b7b761878ce5713', '523afa09a2263876c3570033b01ac1dfa0a75ce4d28ba7bf6cef29405a2ef860', '1ec6ce61f3fbadeb038f45724c8927c85e2cd1bfdfe33ec8cc66aaa744f6649d', '97930b6706dde6ac89ce336ecb4fcbd2b6742d9ec1c263aaacc2e669cb643317', 'b141707118c345f406c4ce5ce3c95147874991c9d2c4d045af4af771987130bc', 'ef999682b49684b28be2f4d15f6aa0d4a1a513ce7e8aec92b606c7b57fe28e5b', '38bb51d7536deb466cce03408c908036d1b1265de0be7cb6df75fa56810ce1f3', '337b68143ac933b3e10ef4c2eca51b2612257f0df81849dfabcff87be2f638c2', 'ef9f96fb02886bdc47f3c6a0b437cc4c8fd05b0dbe783f86badd56142ab180b2', '76df417680d6b2f736438c044f67d853725c0ea5255be5aa3b780720a98d77d9', 'bb03229ddea7f1b684e823745db2d78856392b24a02665b13272aa490f57093b', '86d272479f262ddd1a676a4e09c8b779271a1b62691f8b49b5eb0eb880d2f4c7', 'd93f54f37e17249b152445100eed44499a4ee143fc328a5e1e49c7b8c7190b56', 'f2c45ef9a6b872f98f0c499c2add15258667e71a34d64b1cb3e98f1706048950', 'd5159b0ee4fef962b30b35025112139551f440f94b9695300a45f5bc4d47bd76', '332fc45878db9ea966db14673d07c99cb04acba308c6a9115c84df59f798728b', '3d908c655bbd9149beb3a626ee25d9cc647b6c51f978b76da85c844711a866e0']",1548284367999
982,91b90799b782b410947bf66e146124e36e0d3cd07344e1c6cfbe0f0f0a2f9204,"[-0.17043043673038483, -0.10512208938598633, 0.019404102116823196, -0.2235121726989746, 0.04857639968395233, -0.13129712641239166, 0.10323198139667511, 0.06702397018671036, 0.15061715245246887, 0.027630386874079704, 0.004110426642000675, 0.03552890568971634, 0.36516714096069336, -0.07851611077785492, 0.10028740763664246, -0.07824519276618958, 0.1557980179786682, -0.017518648877739906, -0.046788476407527924, -0.040290020406246185, -0.041037727147340775, 0.02949688583612442, 0.058131929486989975, -0.050961144268512726, -0.030552510172128677, 0.0336759015917778, -0.013545893132686615, -0.014047181233763695, 0.024073228240013123, 0.09292702376842499, -0.040462806820869446, -0.012413013726472855, 0.07167892158031464, 0.04650183767080307, -0.10981160402297974, -0.03511899709701538, 0.06554006785154343, 0.02473192662000656, 0.016665134578943253, -0.02763085439801216, -0.015437816269695759, 0.05992627888917923, -0.031039025634527206, -0.031049087643623352, -0.0020528347231447697, 0.03943464159965515, -0.04794813692569733, 0.0034160995855927467, -0.013188634067773819, -0.03920161351561546]",,"['d97cb1147901653fd77c4061847fa22d08eb2fedc64abf09a7757a62f846347d', 'e00532b3d1a4fa25e5b9fa21f6bc0bf32608ec5d47e9da5f10ffe65000caf0eb', '9877e18806be0665bcb4f0e193008cdf91e649e47e1b73b208950acc787b3872', 'c47b7975777ab542a16bf8a1c63d67f315d163a6e63f6f871b20b6ec1320044f', '112e329c165d0e858389d39a210d0aa8688cea2b8baf99ca150ddec94efce156', '5ae1889ab597907bf4b44fc0633010986799ff05ee4bed4a6f91c638db85d809', '34dfa609b07ec0636ea7069b0f6d407bd2b42bf71dccff99c72934701ca2aaf3', 'f9e2ba5b074de75eb30d74f51d2d3f01af92b7b9fd267d792231354d782c9188', '31ee4126a7031d849e89b509fc7bf99f53871a2c42c70d821b7b761878ce5713', '523afa09a2263876c3570033b01ac1dfa0a75ce4d28ba7bf6cef29405a2ef860', '1ec6ce61f3fbadeb038f45724c8927c85e2cd1bfdfe33ec8cc66aaa744f6649d', '97930b6706dde6ac89ce336ecb4fcbd2b6742d9ec1c263aaacc2e669cb643317', 'b141707118c345f406c4ce5ce3c95147874991c9d2c4d045af4af771987130bc', 'ef999682b49684b28be2f4d15f6aa0d4a1a513ce7e8aec92b606c7b57fe28e5b', '38bb51d7536deb466cce03408c908036d1b1265de0be7cb6df75fa56810ce1f3', '337b68143ac933b3e10ef4c2eca51b2612257f0df81849dfabcff87be2f638c2', 'ef9f96fb02886bdc47f3c6a0b437cc4c8fd05b0dbe783f86badd56142ab180b2', '76df417680d6b2f736438c044f67d853725c0ea5255be5aa3b780720a98d77d9', 'bb03229ddea7f1b684e823745db2d78856392b24a02665b13272aa490f57093b', '86d272479f262ddd1a676a4e09c8b779271a1b62691f8b49b5eb0eb880d2f4c7', 'd93f54f37e17249b152445100eed44499a4ee143fc328a5e1e49c7b8c7190b56', 'f2c45ef9a6b872f98f0c499c2add15258667e71a34d64b1cb3e98f1706048950', 'd5159b0ee4fef962b30b35025112139551f440f94b9695300a45f5bc4d47bd76', '332fc45878db9ea966db14673d07c99cb04acba308c6a9115c84df59f798728b', '3d908c655bbd9149beb3a626ee25d9cc647b6c51f978b76da85c844711a866e0']",1548284367999
983,91b90799b782b410947bf66e146124e36e0d3cd07344e1c6cfbe0f0f0a2f9204,"[-0.17043043673038483, -0.10512208938598633, 0.019404102116823196, -0.2235121726989746, 0.04857639968395233, -0.13129712641239166, 0.10323198139667511, 0.06702397018671036, 0.15061715245246887, 0.027630386874079704, 0.004110426642000675, 0.03552890568971634, 0.36516714096069336, -0.07851611077785492, 0.10028740763664246, -0.07824519276618958, 0.1557980179786682, -0.017518648877739906, -0.046788476407527924, -0.040290020406246185, -0.041037727147340775, 0.02949688583612442, 0.058131929486989975, -0.050961144268512726, -0.030552510172128677, 0.0336759015917778, -0.013545893132686615, -0.014047181233763695, 0.024073228240013123, 0.09292702376842499, -0.040462806820869446, -0.012413013726472855, 0.07167892158031464, 0.04650183767080307, -0.10981160402297974, -0.03511899709701538, 0.06554006785154343, 0.02473192662000656, 0.016665134578943253, -0.02763085439801216, -0.015437816269695759, 0.05992627888917923, -0.031039025634527206, -0.031049087643623352, -0.0020528347231447697, 0.03943464159965515, -0.04794813692569733, 0.0034160995855927467, -0.013188634067773819, -0.03920161351561546]",,"['d97cb1147901653fd77c4061847fa22d08eb2fedc64abf09a7757a62f846347d', 'e00532b3d1a4fa25e5b9fa21f6bc0bf32608ec5d47e9da5f10ffe65000caf0eb', '9877e18806be0665bcb4f0e193008cdf91e649e47e1b73b208950acc787b3872', 'c47b7975777ab542a16bf8a1c63d67f315d163a6e63f6f871b20b6ec1320044f', '112e329c165d0e858389d39a210d0aa8688cea2b8baf99ca150ddec94efce156', '5ae1889ab597907bf4b44fc0633010986799ff05ee4bed4a6f91c638db85d809', '34dfa609b07ec0636ea7069b0f6d407bd2b42bf71dccff99c72934701ca2aaf3', 'f9e2ba5b074de75eb30d74f51d2d3f01af92b7b9fd267d792231354d782c9188', '31ee4126a7031d849e89b509fc7bf99f53871a2c42c70d821b7b761878ce5713', '523afa09a2263876c3570033b01ac1dfa0a75ce4d28ba7bf6cef29405a2ef860', '1ec6ce61f3fbadeb038f45724c8927c85e2cd1bfdfe33ec8cc66aaa744f6649d', '97930b6706dde6ac89ce336ecb4fcbd2b6742d9ec1c263aaacc2e669cb643317', 'b141707118c345f406c4ce5ce3c95147874991c9d2c4d045af4af771987130bc', 'ef999682b49684b28be2f4d15f6aa0d4a1a513ce7e8aec92b606c7b57fe28e5b', '38bb51d7536deb466cce03408c908036d1b1265de0be7cb6df75fa56810ce1f3', '337b68143ac933b3e10ef4c2eca51b2612257f0df81849dfabcff87be2f638c2', 'ef9f96fb02886bdc47f3c6a0b437cc4c8fd05b0dbe783f86badd56142ab180b2', '76df417680d6b2f736438c044f67d853725c0ea5255be5aa3b780720a98d77d9', 'bb03229ddea7f1b684e823745db2d78856392b24a02665b13272aa490f57093b', '86d272479f262ddd1a676a4e09c8b779271a1b62691f8b49b5eb0eb880d2f4c7', 'd93f54f37e17249b152445100eed44499a4ee143fc328a5e1e49c7b8c7190b56', 'f2c45ef9a6b872f98f0c499c2add15258667e71a34d64b1cb3e98f1706048950', 'd5159b0ee4fef962b30b35025112139551f440f94b9695300a45f5bc4d47bd76', '332fc45878db9ea966db14673d07c99cb04acba308c6a9115c84df59f798728b', '3d908c655bbd9149beb3a626ee25d9cc647b6c51f978b76da85c844711a866e0']",1548284367999
984,91b90799b782b410947bf66e146124e36e0d3cd07344e1c6cfbe0f0f0a2f9204,"[-0.09500038623809814, -0.20925283432006836, 0.12105213105678558, -0.10273005068302155, -0.00482016708701849, -0.16341978311538696, 0.16298405826091766, -0.11826733499765396, 0.17688235640525818, 0.038446053862571716, -0.053009629249572754, 0.00944990012794733, 0.20720446109771729, -0.15222656726837158, 0.16650071740150452, 0.02151559293270111, 0.06706596910953522, -0.0036074481904506683, 0.053778763860464096, -0.02052203379571438, -0.09339945018291473, 0.024554114788770676, 0.024294812232255936, -0.0961809828877449, -0.05907309800386429, 0.01780618168413639, 0.008064953610301018, -0.003524831496179104, 0.08045022934675217, 0.07883762568235397, -0.022497177124023438, -0.016326824203133583, 0.04037143290042877, 0.061196718364953995, -0.10750727355480194, -0.02709178812801838, 0.060208115726709366, 0.046064700931310654, 0.004476379603147507, -0.03045654110610485, -0.006813362240791321, 0.027617216110229492, -0.017562542110681534, -0.033520400524139404, -0.013334951363503933, 0.04250684380531311, -0.04505901038646698, 0.00808042287826538, -0.007922811433672905, -0.032542143017053604]",,"['8100eac2622c7148111dea8c0a9dc8c378e41d3eefe37571252056bc23a3ab06', '3390ce58c20479b323252d84ae3b6183a713618b0a43fb4ba13bcf7f62ba6e12', '13e00413439426e65de2fccfaa5a88f0beef3fa4e6bce3cbc39a9a04ee2d0f63', '03f6208592e17bcaf82239433c02a7f6cb6a3ec57f86b52281d2a0b177ad08c6', '6d81f3c9ef1f25977292b838c666f6c8533ea45f3c4837bdd34d17ab3688e793', '0995e5b755da7f51ffdd8e14d30526f8b57aa5283c8664eb526b331deaa516db', 'de25e6af755568e8b99e688b5608f08480324b2ca7a9b3d4ce39239afb70c081', 'f3fddcab1fe73ac9a6600ed994b0ff9b6bffac818d8c4182393d3468d5ef1a0b', '1b83a05d0918f315f685048674ec733f0cd09dc3925e5ff0703ba044482d91d3', '22925b67aebdd788f67820cbd86947c161268314a03c500bb2378e40dbe9c0e5', 'f8bab6af18bdcd6eb71ef771e577c096ad56e55217374bc62e6a4b59a668543b', 'ee22255b63d9fffb61c20576b7aa8a27927445dcece7afc64543ea190b889f71', '6d7d0be347dad7977388d67fe1dd91724ed6b31c103f2e7ca817dd2f6873d51e', '685eaa0e5e6f4f01e7b75a1c5d14c43ec63530a3632e703c9cdf27cfe34b2171', 'cb66f42164804e61be9463192f746f39bae8101c3e6c7008dfd7f33164cf2801', 'f9838a58a77596cc660b37cc9e130739dc15cecc77e58a01402091509ea4eb18', 'ccd54a4392908fff4e21bb6af9b865f5a905815819cd123a33e361d1decabee7', '33fd1f63dd395bba3ce4dce11f921a3eaf53f7a17d46c9207d95ebe421f184f8', '98ddd6be83630a7d6e6894d22609976b01e2d9461708e60b3a109673d4267ca3', '6622ecff6e76adb126f2a1f9370f27c9b53f79f15de03b909c859ca80fe5d32b', 'e8d14ae3079fc8ce75c29f1418e51cca715a7908785f0c8d1f1d9a1f17431c90', '4a63d96cb52bc83cdd3636d3944e17d14b37468147f5d2987fbbe450e549ee65', '75c85c2e589b41f73d7b931e6a185f1759b975a3985c8a6c06a581a2df6c671c', '7140429d4957006d7afabd3144f801d63c6468658c7e0fc03b40d17b669f4c25', 'cf9de8826908114496909315cae8e55c8a92b8f817e03ed5af7789e36afa9aa8']",1548284418951
985,91b90799b782b410947bf66e146124e36e0d3cd07344e1c6cfbe0f0f0a2f9204,"[-0.09500038623809814, -0.20925283432006836, 0.12105213105678558, -0.10273005068302155, -0.00482016708701849, -0.16341978311538696, 0.16298405826091766, -0.11826733499765396, 0.17688235640525818, 0.038446053862571716, -0.053009629249572754, 0.00944990012794733, 0.20720446109771729, -0.15222656726837158, 0.16650071740150452, 0.02151559293270111, 0.06706596910953522, -0.0036074481904506683, 0.053778763860464096, -0.02052203379571438, -0.09339945018291473, 0.024554114788770676, 0.024294812232255936, -0.0961809828877449, -0.05907309800386429, 0.01780618168413639, 0.008064953610301018, -0.003524831496179104, 0.08045022934675217, 0.07883762568235397, -0.022497177124023438, -0.016326824203133583, 0.04037143290042877, 0.061196718364953995, -0.10750727355480194, -0.02709178812801838, 0.060208115726709366, 0.046064700931310654, 0.004476379603147507, -0.03045654110610485, -0.006813362240791321, 0.027617216110229492, -0.017562542110681534, -0.033520400524139404, -0.013334951363503933, 0.04250684380531311, -0.04505901038646698, 0.00808042287826538, -0.007922811433672905, -0.032542143017053604]",,"['8100eac2622c7148111dea8c0a9dc8c378e41d3eefe37571252056bc23a3ab06', '3390ce58c20479b323252d84ae3b6183a713618b0a43fb4ba13bcf7f62ba6e12', '13e00413439426e65de2fccfaa5a88f0beef3fa4e6bce3cbc39a9a04ee2d0f63', '03f6208592e17bcaf82239433c02a7f6cb6a3ec57f86b52281d2a0b177ad08c6', '6d81f3c9ef1f25977292b838c666f6c8533ea45f3c4837bdd34d17ab3688e793', '0995e5b755da7f51ffdd8e14d30526f8b57aa5283c8664eb526b331deaa516db', 'de25e6af755568e8b99e688b5608f08480324b2ca7a9b3d4ce39239afb70c081', 'f3fddcab1fe73ac9a6600ed994b0ff9b6bffac818d8c4182393d3468d5ef1a0b', '1b83a05d0918f315f685048674ec733f0cd09dc3925e5ff0703ba044482d91d3', '22925b67aebdd788f67820cbd86947c161268314a03c500bb2378e40dbe9c0e5', 'f8bab6af18bdcd6eb71ef771e577c096ad56e55217374bc62e6a4b59a668543b', 'ee22255b63d9fffb61c20576b7aa8a27927445dcece7afc64543ea190b889f71', '6d7d0be347dad7977388d67fe1dd91724ed6b31c103f2e7ca817dd2f6873d51e', '685eaa0e5e6f4f01e7b75a1c5d14c43ec63530a3632e703c9cdf27cfe34b2171', 'cb66f42164804e61be9463192f746f39bae8101c3e6c7008dfd7f33164cf2801', 'f9838a58a77596cc660b37cc9e130739dc15cecc77e58a01402091509ea4eb18', 'ccd54a4392908fff4e21bb6af9b865f5a905815819cd123a33e361d1decabee7', '33fd1f63dd395bba3ce4dce11f921a3eaf53f7a17d46c9207d95ebe421f184f8', '98ddd6be83630a7d6e6894d22609976b01e2d9461708e60b3a109673d4267ca3', '6622ecff6e76adb126f2a1f9370f27c9b53f79f15de03b909c859ca80fe5d32b', 'e8d14ae3079fc8ce75c29f1418e51cca715a7908785f0c8d1f1d9a1f17431c90', '4a63d96cb52bc83cdd3636d3944e17d14b37468147f5d2987fbbe450e549ee65', '75c85c2e589b41f73d7b931e6a185f1759b975a3985c8a6c06a581a2df6c671c', '7140429d4957006d7afabd3144f801d63c6468658c7e0fc03b40d17b669f4c25', 'cf9de8826908114496909315cae8e55c8a92b8f817e03ed5af7789e36afa9aa8']",1548284418951
986,91b90799b782b410947bf66e146124e36e0d3cd07344e1c6cfbe0f0f0a2f9204,"[-0.09500038623809814, -0.20925283432006836, 0.12105213105678558, -0.10273005068302155, -0.00482016708701849, -0.16341978311538696, 0.16298405826091766, -0.11826733499765396, 0.17688235640525818, 0.038446053862571716, -0.053009629249572754, 0.00944990012794733, 0.20720446109771729, -0.15222656726837158, 0.16650071740150452, 0.02151559293270111, 0.06706596910953522, -0.0036074481904506683, 0.053778763860464096, -0.02052203379571438, -0.09339945018291473, 0.024554114788770676, 0.024294812232255936, -0.0961809828877449, -0.05907309800386429, 0.01780618168413639, 0.008064953610301018, -0.003524831496179104, 0.08045022934675217, 0.07883762568235397, -0.022497177124023438, -0.016326824203133583, 0.04037143290042877, 0.061196718364953995, -0.10750727355480194, -0.02709178812801838, 0.060208115726709366, 0.046064700931310654, 0.004476379603147507, -0.03045654110610485, -0.006813362240791321, 0.027617216110229492, -0.017562542110681534, -0.033520400524139404, -0.013334951363503933, 0.04250684380531311, -0.04505901038646698, 0.00808042287826538, -0.007922811433672905, -0.032542143017053604]",,"['8100eac2622c7148111dea8c0a9dc8c378e41d3eefe37571252056bc23a3ab06', '3390ce58c20479b323252d84ae3b6183a713618b0a43fb4ba13bcf7f62ba6e12', '13e00413439426e65de2fccfaa5a88f0beef3fa4e6bce3cbc39a9a04ee2d0f63', '03f6208592e17bcaf82239433c02a7f6cb6a3ec57f86b52281d2a0b177ad08c6', '6d81f3c9ef1f25977292b838c666f6c8533ea45f3c4837bdd34d17ab3688e793', '0995e5b755da7f51ffdd8e14d30526f8b57aa5283c8664eb526b331deaa516db', 'de25e6af755568e8b99e688b5608f08480324b2ca7a9b3d4ce39239afb70c081', 'f3fddcab1fe73ac9a6600ed994b0ff9b6bffac818d8c4182393d3468d5ef1a0b', '1b83a05d0918f315f685048674ec733f0cd09dc3925e5ff0703ba044482d91d3', '22925b67aebdd788f67820cbd86947c161268314a03c500bb2378e40dbe9c0e5', 'f8bab6af18bdcd6eb71ef771e577c096ad56e55217374bc62e6a4b59a668543b', 'ee22255b63d9fffb61c20576b7aa8a27927445dcece7afc64543ea190b889f71', '6d7d0be347dad7977388d67fe1dd91724ed6b31c103f2e7ca817dd2f6873d51e', '685eaa0e5e6f4f01e7b75a1c5d14c43ec63530a3632e703c9cdf27cfe34b2171', 'cb66f42164804e61be9463192f746f39bae8101c3e6c7008dfd7f33164cf2801', 'f9838a58a77596cc660b37cc9e130739dc15cecc77e58a01402091509ea4eb18', 'ccd54a4392908fff4e21bb6af9b865f5a905815819cd123a33e361d1decabee7', '33fd1f63dd395bba3ce4dce11f921a3eaf53f7a17d46c9207d95ebe421f184f8', '98ddd6be83630a7d6e6894d22609976b01e2d9461708e60b3a109673d4267ca3', '6622ecff6e76adb126f2a1f9370f27c9b53f79f15de03b909c859ca80fe5d32b', 'e8d14ae3079fc8ce75c29f1418e51cca715a7908785f0c8d1f1d9a1f17431c90', '4a63d96cb52bc83cdd3636d3944e17d14b37468147f5d2987fbbe450e549ee65', '75c85c2e589b41f73d7b931e6a185f1759b975a3985c8a6c06a581a2df6c671c', '7140429d4957006d7afabd3144f801d63c6468658c7e0fc03b40d17b669f4c25', 'cf9de8826908114496909315cae8e55c8a92b8f817e03ed5af7789e36afa9aa8']",1548284418951
987,2e69daf0bf407c87ada6fa414dfd8c7231c53ea70f7c363d0aa75af97a2d8b4b,"[-0.1507030725479126, 0.03893006592988968, -0.06887296587228775, -0.02277040295302868, 0.0003452613018453121, 0.06366328150033951, -0.05024188384413719, -0.11619339883327484, -0.01090928353369236, -0.09025642275810242, -0.11946570873260498, 0.0560736358165741, -0.04128624498844147, 0.015295046381652355, 0.12857165932655334, 0.0018579503521323204, -0.0012792580528184772, 0.03086150251328945, -0.035959694534540176, -0.04323248565196991, -0.04600052535533905, 0.07519280910491943, 0.03594666346907616, 0.03014286980032921, -0.03445670008659363, 0.0925072580575943, 0.004445892758667469, -0.10427379608154297, -0.023008305579423904, 0.002773463726043701, 0.035218365490436554, -0.04496419057250023, -0.06028532236814499, 0.012263957411050797, 0.0028206687420606613, 0.05188963562250137, -0.024427715688943863, -0.00531646516174078, 0.08898322284221649, -0.0008004631381481886, 0.009649354964494705, 0.021382616832852364, 0.05092953145503998, 0.05252108722925186, 0.016750013455748558, -0.00481230765581131, 0.05432488024234772, -0.00542970048263669, -0.010389404371380806, 0.020340215414762497]","['2eda1a3688a6713007aff08a79da38bab7c52e5fbf59a4336b363b08e0a2b335', '10a3dc4960c789790700b9e0639a0fcba99d21cf2578dcac450e92ad84bf3232', '53317fd7fcdf43af8deee134e18931b593dfe839a869d526fb623f17a27226fa', '10a3dc4960c789790700b9e0639a0fcba99d21cf2578dcac450e92ad84bf3232', '10a3dc4960c789790700b9e0639a0fcba99d21cf2578dcac450e92ad84bf3232', '53317fd7fcdf43af8deee134e18931b593dfe839a869d526fb623f17a27226fa', '10a3dc4960c789790700b9e0639a0fcba99d21cf2578dcac450e92ad84bf3232', '10a3dc4960c789790700b9e0639a0fcba99d21cf2578dcac450e92ad84bf3232', '10a3dc4960c789790700b9e0639a0fcba99d21cf2578dcac450e92ad84bf3232', '10a3dc4960c789790700b9e0639a0fcba99d21cf2578dcac450e92ad84bf3232', '10a3dc4960c789790700b9e0639a0fcba99d21cf2578dcac450e92ad84bf3232', '10a3dc4960c789790700b9e0639a0fcba99d21cf2578dcac450e92ad84bf3232', '10a3dc4960c789790700b9e0639a0fcba99d21cf2578dcac450e92ad84bf3232']","['10a3dc4960c789790700b9e0639a0fcba99d21cf2578dcac450e92ad84bf3232', '2eda1a3688a6713007aff08a79da38bab7c52e5fbf59a4336b363b08e0a2b335', '53317fd7fcdf43af8deee134e18931b593dfe839a869d526fb623f17a27226fa']",1548630262472
988,2e69daf0bf407c87ada6fa414dfd8c7231c53ea70f7c363d0aa75af97a2d8b4b,"[-0.1507030725479126, 0.03893006592988968, -0.06887296587228775, -0.02277040295302868, 0.0003452613018453121, 0.06366328150033951, -0.05024188384413719, -0.11619339883327484, -0.01090928353369236, -0.09025642275810242, -0.11946570873260498, 0.0560736358165741, -0.04128624498844147, 0.015295046381652355, 0.12857165932655334, 0.0018579503521323204, -0.0012792580528184772, 0.03086150251328945, -0.035959694534540176, -0.04323248565196991, -0.04600052535533905, 0.07519280910491943, 0.03594666346907616, 0.03014286980032921, -0.03445670008659363, 0.0925072580575943, 0.004445892758667469, -0.10427379608154297, -0.023008305579423904, 0.002773463726043701, 0.035218365490436554, -0.04496419057250023, -0.06028532236814499, 0.012263957411050797, 0.0028206687420606613, 0.05188963562250137, -0.024427715688943863, -0.00531646516174078, 0.08898322284221649, -0.0008004631381481886, 0.009649354964494705, 0.021382616832852364, 0.05092953145503998, 0.05252108722925186, 0.016750013455748558, -0.00481230765581131, 0.05432488024234772, -0.00542970048263669, -0.010389404371380806, 0.020340215414762497]","['2eda1a3688a6713007aff08a79da38bab7c52e5fbf59a4336b363b08e0a2b335', '10a3dc4960c789790700b9e0639a0fcba99d21cf2578dcac450e92ad84bf3232', '53317fd7fcdf43af8deee134e18931b593dfe839a869d526fb623f17a27226fa', '10a3dc4960c789790700b9e0639a0fcba99d21cf2578dcac450e92ad84bf3232', '10a3dc4960c789790700b9e0639a0fcba99d21cf2578dcac450e92ad84bf3232', '53317fd7fcdf43af8deee134e18931b593dfe839a869d526fb623f17a27226fa', '10a3dc4960c789790700b9e0639a0fcba99d21cf2578dcac450e92ad84bf3232', '10a3dc4960c789790700b9e0639a0fcba99d21cf2578dcac450e92ad84bf3232', '10a3dc4960c789790700b9e0639a0fcba99d21cf2578dcac450e92ad84bf3232', '10a3dc4960c789790700b9e0639a0fcba99d21cf2578dcac450e92ad84bf3232', '10a3dc4960c789790700b9e0639a0fcba99d21cf2578dcac450e92ad84bf3232', '10a3dc4960c789790700b9e0639a0fcba99d21cf2578dcac450e92ad84bf3232', '10a3dc4960c789790700b9e0639a0fcba99d21cf2578dcac450e92ad84bf3232']","['10a3dc4960c789790700b9e0639a0fcba99d21cf2578dcac450e92ad84bf3232', '2eda1a3688a6713007aff08a79da38bab7c52e5fbf59a4336b363b08e0a2b335', '53317fd7fcdf43af8deee134e18931b593dfe839a869d526fb623f17a27226fa']",1548630262472
989,2e69daf0bf407c87ada6fa414dfd8c7231c53ea70f7c363d0aa75af97a2d8b4b,"[-0.1507030725479126, 0.03893006592988968, -0.06887296587228775, -0.02277040295302868, 0.0003452613018453121, 0.06366328150033951, -0.05024188384413719, -0.11619339883327484, -0.01090928353369236, -0.09025642275810242, -0.11946570873260498, 0.0560736358165741, -0.04128624498844147, 0.015295046381652355, 0.12857165932655334, 0.0018579503521323204, -0.0012792580528184772, 0.03086150251328945, -0.035959694534540176, -0.04323248565196991, -0.04600052535533905, 0.07519280910491943, 0.03594666346907616, 0.03014286980032921, -0.03445670008659363, 0.0925072580575943, 0.004445892758667469, -0.10427379608154297, -0.023008305579423904, 0.002773463726043701, 0.035218365490436554, -0.04496419057250023, -0.06028532236814499, 0.012263957411050797, 0.0028206687420606613, 0.05188963562250137, -0.024427715688943863, -0.00531646516174078, 0.08898322284221649, -0.0008004631381481886, 0.009649354964494705, 0.021382616832852364, 0.05092953145503998, 0.05252108722925186, 0.016750013455748558, -0.00481230765581131, 0.05432488024234772, -0.00542970048263669, -0.010389404371380806, 0.020340215414762497]","['2eda1a3688a6713007aff08a79da38bab7c52e5fbf59a4336b363b08e0a2b335', '10a3dc4960c789790700b9e0639a0fcba99d21cf2578dcac450e92ad84bf3232', '53317fd7fcdf43af8deee134e18931b593dfe839a869d526fb623f17a27226fa', '10a3dc4960c789790700b9e0639a0fcba99d21cf2578dcac450e92ad84bf3232', '10a3dc4960c789790700b9e0639a0fcba99d21cf2578dcac450e92ad84bf3232', '53317fd7fcdf43af8deee134e18931b593dfe839a869d526fb623f17a27226fa', '10a3dc4960c789790700b9e0639a0fcba99d21cf2578dcac450e92ad84bf3232', '10a3dc4960c789790700b9e0639a0fcba99d21cf2578dcac450e92ad84bf3232', '10a3dc4960c789790700b9e0639a0fcba99d21cf2578dcac450e92ad84bf3232', '10a3dc4960c789790700b9e0639a0fcba99d21cf2578dcac450e92ad84bf3232', '10a3dc4960c789790700b9e0639a0fcba99d21cf2578dcac450e92ad84bf3232', '10a3dc4960c789790700b9e0639a0fcba99d21cf2578dcac450e92ad84bf3232', '10a3dc4960c789790700b9e0639a0fcba99d21cf2578dcac450e92ad84bf3232']","['10a3dc4960c789790700b9e0639a0fcba99d21cf2578dcac450e92ad84bf3232', '2eda1a3688a6713007aff08a79da38bab7c52e5fbf59a4336b363b08e0a2b335', '53317fd7fcdf43af8deee134e18931b593dfe839a869d526fb623f17a27226fa']",1548630262472
990,2e69daf0bf407c87ada6fa414dfd8c7231c53ea70f7c363d0aa75af97a2d8b4b,"[-0.1507030725479126, 0.03893006592988968, -0.06887296587228775, -0.02277040295302868, 0.0003452613018453121, 0.06366328150033951, -0.05024188384413719, -0.11619339883327484, -0.01090928353369236, -0.09025642275810242, -0.11946570873260498, 0.0560736358165741, -0.04128624498844147, 0.015295046381652355, 0.12857165932655334, 0.0018579503521323204, -0.0012792580528184772, 0.03086150251328945, -0.035959694534540176, -0.04323248565196991, -0.04600052535533905, 0.07519280910491943, 0.03594666346907616, 0.03014286980032921, -0.03445670008659363, 0.0925072580575943, 0.004445892758667469, -0.10427379608154297, -0.023008305579423904, 0.002773463726043701, 0.035218365490436554, -0.04496419057250023, -0.06028532236814499, 0.012263957411050797, 0.0028206687420606613, 0.05188963562250137, -0.024427715688943863, -0.00531646516174078, 0.08898322284221649, -0.0008004631381481886, 0.009649354964494705, 0.021382616832852364, 0.05092953145503998, 0.05252108722925186, 0.016750013455748558, -0.00481230765581131, 0.05432488024234772, -0.00542970048263669, -0.010389404371380806, 0.020340215414762497]","['2eda1a3688a6713007aff08a79da38bab7c52e5fbf59a4336b363b08e0a2b335', '10a3dc4960c789790700b9e0639a0fcba99d21cf2578dcac450e92ad84bf3232', '53317fd7fcdf43af8deee134e18931b593dfe839a869d526fb623f17a27226fa', '10a3dc4960c789790700b9e0639a0fcba99d21cf2578dcac450e92ad84bf3232', '10a3dc4960c789790700b9e0639a0fcba99d21cf2578dcac450e92ad84bf3232', '53317fd7fcdf43af8deee134e18931b593dfe839a869d526fb623f17a27226fa', '10a3dc4960c789790700b9e0639a0fcba99d21cf2578dcac450e92ad84bf3232', '10a3dc4960c789790700b9e0639a0fcba99d21cf2578dcac450e92ad84bf3232', '10a3dc4960c789790700b9e0639a0fcba99d21cf2578dcac450e92ad84bf3232', '10a3dc4960c789790700b9e0639a0fcba99d21cf2578dcac450e92ad84bf3232', '10a3dc4960c789790700b9e0639a0fcba99d21cf2578dcac450e92ad84bf3232', '10a3dc4960c789790700b9e0639a0fcba99d21cf2578dcac450e92ad84bf3232', '10a3dc4960c789790700b9e0639a0fcba99d21cf2578dcac450e92ad84bf3232']","['10a3dc4960c789790700b9e0639a0fcba99d21cf2578dcac450e92ad84bf3232', '2eda1a3688a6713007aff08a79da38bab7c52e5fbf59a4336b363b08e0a2b335', '53317fd7fcdf43af8deee134e18931b593dfe839a869d526fb623f17a27226fa']",1548630262472
991,2e69daf0bf407c87ada6fa414dfd8c7231c53ea70f7c363d0aa75af97a2d8b4b,"[-0.1507030725479126, 0.03893006592988968, -0.06887296587228775, -0.02277040295302868, 0.0003452613018453121, 0.06366328150033951, -0.05024188384413719, -0.11619339883327484, -0.01090928353369236, -0.09025642275810242, -0.11946570873260498, 0.0560736358165741, -0.04128624498844147, 0.015295046381652355, 0.12857165932655334, 0.0018579503521323204, -0.0012792580528184772, 0.03086150251328945, -0.035959694534540176, -0.04323248565196991, -0.04600052535533905, 0.07519280910491943, 0.03594666346907616, 0.03014286980032921, -0.03445670008659363, 0.0925072580575943, 0.004445892758667469, -0.10427379608154297, -0.023008305579423904, 0.002773463726043701, 0.035218365490436554, -0.04496419057250023, -0.06028532236814499, 0.012263957411050797, 0.0028206687420606613, 0.05188963562250137, -0.024427715688943863, -0.00531646516174078, 0.08898322284221649, -0.0008004631381481886, 0.009649354964494705, 0.021382616832852364, 0.05092953145503998, 0.05252108722925186, 0.016750013455748558, -0.00481230765581131, 0.05432488024234772, -0.00542970048263669, -0.010389404371380806, 0.020340215414762497]","['2eda1a3688a6713007aff08a79da38bab7c52e5fbf59a4336b363b08e0a2b335', '10a3dc4960c789790700b9e0639a0fcba99d21cf2578dcac450e92ad84bf3232', '53317fd7fcdf43af8deee134e18931b593dfe839a869d526fb623f17a27226fa', '10a3dc4960c789790700b9e0639a0fcba99d21cf2578dcac450e92ad84bf3232', '10a3dc4960c789790700b9e0639a0fcba99d21cf2578dcac450e92ad84bf3232', '53317fd7fcdf43af8deee134e18931b593dfe839a869d526fb623f17a27226fa', '10a3dc4960c789790700b9e0639a0fcba99d21cf2578dcac450e92ad84bf3232', '10a3dc4960c789790700b9e0639a0fcba99d21cf2578dcac450e92ad84bf3232', '10a3dc4960c789790700b9e0639a0fcba99d21cf2578dcac450e92ad84bf3232', '10a3dc4960c789790700b9e0639a0fcba99d21cf2578dcac450e92ad84bf3232', '10a3dc4960c789790700b9e0639a0fcba99d21cf2578dcac450e92ad84bf3232', '10a3dc4960c789790700b9e0639a0fcba99d21cf2578dcac450e92ad84bf3232', '10a3dc4960c789790700b9e0639a0fcba99d21cf2578dcac450e92ad84bf3232']","['10a3dc4960c789790700b9e0639a0fcba99d21cf2578dcac450e92ad84bf3232', '2eda1a3688a6713007aff08a79da38bab7c52e5fbf59a4336b363b08e0a2b335', '53317fd7fcdf43af8deee134e18931b593dfe839a869d526fb623f17a27226fa']",1548630262472
992,2e69daf0bf407c87ada6fa414dfd8c7231c53ea70f7c363d0aa75af97a2d8b4b,"[-0.1507030725479126, 0.03893006592988968, -0.06887296587228775, -0.02277040295302868, 0.0003452613018453121, 0.06366328150033951, -0.05024188384413719, -0.11619339883327484, -0.01090928353369236, -0.09025642275810242, -0.11946570873260498, 0.0560736358165741, -0.04128624498844147, 0.015295046381652355, 0.12857165932655334, 0.0018579503521323204, -0.0012792580528184772, 0.03086150251328945, -0.035959694534540176, -0.04323248565196991, -0.04600052535533905, 0.07519280910491943, 0.03594666346907616, 0.03014286980032921, -0.03445670008659363, 0.0925072580575943, 0.004445892758667469, -0.10427379608154297, -0.023008305579423904, 0.002773463726043701, 0.035218365490436554, -0.04496419057250023, -0.06028532236814499, 0.012263957411050797, 0.0028206687420606613, 0.05188963562250137, -0.024427715688943863, -0.00531646516174078, 0.08898322284221649, -0.0008004631381481886, 0.009649354964494705, 0.021382616832852364, 0.05092953145503998, 0.05252108722925186, 0.016750013455748558, -0.00481230765581131, 0.05432488024234772, -0.00542970048263669, -0.010389404371380806, 0.020340215414762497]","['2eda1a3688a6713007aff08a79da38bab7c52e5fbf59a4336b363b08e0a2b335', '10a3dc4960c789790700b9e0639a0fcba99d21cf2578dcac450e92ad84bf3232', '53317fd7fcdf43af8deee134e18931b593dfe839a869d526fb623f17a27226fa', '10a3dc4960c789790700b9e0639a0fcba99d21cf2578dcac450e92ad84bf3232', '10a3dc4960c789790700b9e0639a0fcba99d21cf2578dcac450e92ad84bf3232', '53317fd7fcdf43af8deee134e18931b593dfe839a869d526fb623f17a27226fa', '10a3dc4960c789790700b9e0639a0fcba99d21cf2578dcac450e92ad84bf3232', '10a3dc4960c789790700b9e0639a0fcba99d21cf2578dcac450e92ad84bf3232', '10a3dc4960c789790700b9e0639a0fcba99d21cf2578dcac450e92ad84bf3232', '10a3dc4960c789790700b9e0639a0fcba99d21cf2578dcac450e92ad84bf3232', '10a3dc4960c789790700b9e0639a0fcba99d21cf2578dcac450e92ad84bf3232', '10a3dc4960c789790700b9e0639a0fcba99d21cf2578dcac450e92ad84bf3232', '10a3dc4960c789790700b9e0639a0fcba99d21cf2578dcac450e92ad84bf3232']","['10a3dc4960c789790700b9e0639a0fcba99d21cf2578dcac450e92ad84bf3232', '2eda1a3688a6713007aff08a79da38bab7c52e5fbf59a4336b363b08e0a2b335', '53317fd7fcdf43af8deee134e18931b593dfe839a869d526fb623f17a27226fa']",1548630262472
993,2e69daf0bf407c87ada6fa414dfd8c7231c53ea70f7c363d0aa75af97a2d8b4b,"[-0.1507030725479126, 0.03893006592988968, -0.06887296587228775, -0.02277040295302868, 0.0003452613018453121, 0.06366328150033951, -0.05024188384413719, -0.11619339883327484, -0.01090928353369236, -0.09025642275810242, -0.11946570873260498, 0.0560736358165741, -0.04128624498844147, 0.015295046381652355, 0.12857165932655334, 0.0018579503521323204, -0.0012792580528184772, 0.03086150251328945, -0.035959694534540176, -0.04323248565196991, -0.04600052535533905, 0.07519280910491943, 0.03594666346907616, 0.03014286980032921, -0.03445670008659363, 0.0925072580575943, 0.004445892758667469, -0.10427379608154297, -0.023008305579423904, 0.002773463726043701, 0.035218365490436554, -0.04496419057250023, -0.06028532236814499, 0.012263957411050797, 0.0028206687420606613, 0.05188963562250137, -0.024427715688943863, -0.00531646516174078, 0.08898322284221649, -0.0008004631381481886, 0.009649354964494705, 0.021382616832852364, 0.05092953145503998, 0.05252108722925186, 0.016750013455748558, -0.00481230765581131, 0.05432488024234772, -0.00542970048263669, -0.010389404371380806, 0.020340215414762497]","['2eda1a3688a6713007aff08a79da38bab7c52e5fbf59a4336b363b08e0a2b335', '10a3dc4960c789790700b9e0639a0fcba99d21cf2578dcac450e92ad84bf3232', '53317fd7fcdf43af8deee134e18931b593dfe839a869d526fb623f17a27226fa', '10a3dc4960c789790700b9e0639a0fcba99d21cf2578dcac450e92ad84bf3232', '10a3dc4960c789790700b9e0639a0fcba99d21cf2578dcac450e92ad84bf3232', '53317fd7fcdf43af8deee134e18931b593dfe839a869d526fb623f17a27226fa', '10a3dc4960c789790700b9e0639a0fcba99d21cf2578dcac450e92ad84bf3232', '10a3dc4960c789790700b9e0639a0fcba99d21cf2578dcac450e92ad84bf3232', '10a3dc4960c789790700b9e0639a0fcba99d21cf2578dcac450e92ad84bf3232', '10a3dc4960c789790700b9e0639a0fcba99d21cf2578dcac450e92ad84bf3232', '10a3dc4960c789790700b9e0639a0fcba99d21cf2578dcac450e92ad84bf3232', '10a3dc4960c789790700b9e0639a0fcba99d21cf2578dcac450e92ad84bf3232', '10a3dc4960c789790700b9e0639a0fcba99d21cf2578dcac450e92ad84bf3232']","['10a3dc4960c789790700b9e0639a0fcba99d21cf2578dcac450e92ad84bf3232', '2eda1a3688a6713007aff08a79da38bab7c52e5fbf59a4336b363b08e0a2b335', '53317fd7fcdf43af8deee134e18931b593dfe839a869d526fb623f17a27226fa']",1548630262472
994,2e69daf0bf407c87ada6fa414dfd8c7231c53ea70f7c363d0aa75af97a2d8b4b,"[-0.1507030725479126, 0.03893006592988968, -0.06887296587228775, -0.02277040295302868, 0.0003452613018453121, 0.06366328150033951, -0.05024188384413719, -0.11619339883327484, -0.01090928353369236, -0.09025642275810242, -0.11946570873260498, 0.0560736358165741, -0.04128624498844147, 0.015295046381652355, 0.12857165932655334, 0.0018579503521323204, -0.0012792580528184772, 0.03086150251328945, -0.035959694534540176, -0.04323248565196991, -0.04600052535533905, 0.07519280910491943, 0.03594666346907616, 0.03014286980032921, -0.03445670008659363, 0.0925072580575943, 0.004445892758667469, -0.10427379608154297, -0.023008305579423904, 0.002773463726043701, 0.035218365490436554, -0.04496419057250023, -0.06028532236814499, 0.012263957411050797, 0.0028206687420606613, 0.05188963562250137, -0.024427715688943863, -0.00531646516174078, 0.08898322284221649, -0.0008004631381481886, 0.009649354964494705, 0.021382616832852364, 0.05092953145503998, 0.05252108722925186, 0.016750013455748558, -0.00481230765581131, 0.05432488024234772, -0.00542970048263669, -0.010389404371380806, 0.020340215414762497]","['2eda1a3688a6713007aff08a79da38bab7c52e5fbf59a4336b363b08e0a2b335', '10a3dc4960c789790700b9e0639a0fcba99d21cf2578dcac450e92ad84bf3232', '53317fd7fcdf43af8deee134e18931b593dfe839a869d526fb623f17a27226fa', '10a3dc4960c789790700b9e0639a0fcba99d21cf2578dcac450e92ad84bf3232', '10a3dc4960c789790700b9e0639a0fcba99d21cf2578dcac450e92ad84bf3232', '53317fd7fcdf43af8deee134e18931b593dfe839a869d526fb623f17a27226fa', '10a3dc4960c789790700b9e0639a0fcba99d21cf2578dcac450e92ad84bf3232', '10a3dc4960c789790700b9e0639a0fcba99d21cf2578dcac450e92ad84bf3232', '10a3dc4960c789790700b9e0639a0fcba99d21cf2578dcac450e92ad84bf3232', '10a3dc4960c789790700b9e0639a0fcba99d21cf2578dcac450e92ad84bf3232', '10a3dc4960c789790700b9e0639a0fcba99d21cf2578dcac450e92ad84bf3232', '10a3dc4960c789790700b9e0639a0fcba99d21cf2578dcac450e92ad84bf3232', '10a3dc4960c789790700b9e0639a0fcba99d21cf2578dcac450e92ad84bf3232']","['10a3dc4960c789790700b9e0639a0fcba99d21cf2578dcac450e92ad84bf3232', '2eda1a3688a6713007aff08a79da38bab7c52e5fbf59a4336b363b08e0a2b335', '53317fd7fcdf43af8deee134e18931b593dfe839a869d526fb623f17a27226fa']",1548630262472
995,2e69daf0bf407c87ada6fa414dfd8c7231c53ea70f7c363d0aa75af97a2d8b4b,"[-0.12776008248329163, -0.054439809173345566, 0.027580033987760544, 0.01019042357802391, -0.09529410302639008, 0.03988030552864075, -0.06389368325471878, -0.03380822390317917, 0.005119407549500465, -0.17332252860069275, -0.14811810851097107, 0.023533353582024574, -0.00024189148098230362, -0.08028766512870789, 0.09596523642539978, -0.0032758237794041634, -0.01016348134726286, 0.03554239869117737, -0.03154761716723442, -0.034948572516441345, -0.021693384274840355, 0.04195787012577057, 0.013551391661167145, 0.08150731027126312, -0.012603111565113068, 0.08722168207168579, -0.025873927399516106, -0.042128268629312515, -0.00461974274367094, -0.006656011566519737, -0.006433575414121151, -0.04323438182473183, -0.03968992829322815, -0.02217027172446251, -0.015078557655215263, 0.003766926471143961, -0.010503675788640976, -0.04818186163902283, 0.04474660009145737, 0.032211460173130035, 0.017214994877576828, -0.023743582889437675, 0.04770983010530472, 0.041430726647377014, 0.00760681414976716, 0.010479934513568878, 0.07282944023609161, -0.00686000706627965, 0.03660576045513153, 0.010576201602816582]","['f91f71bd4d325ac9ceffc30bf76be4be5ad55d199692b84423ba6f554f17d915', '1d5af2a207290b335879592488ee4615b0217fd568a18776fe906bb5735a9eca', '1d5af2a207290b335879592488ee4615b0217fd568a18776fe906bb5735a9eca', '1d5af2a207290b335879592488ee4615b0217fd568a18776fe906bb5735a9eca', 'f91f71bd4d325ac9ceffc30bf76be4be5ad55d199692b84423ba6f554f17d915', 'f91f71bd4d325ac9ceffc30bf76be4be5ad55d199692b84423ba6f554f17d915']","['f30e7cd6ce9a44c089163111501bb5b9dd6a22d25d2ea57d9a42370f02ee25e3', 'ebe56dbc96be03098637831d6d13914859c1257010d9488125c44d5bf3aaa94e', '633d6f60721c6f64f20dcd3cdad864917fed78a60e302d7800a09e94332c0617', 'f91f71bd4d325ac9ceffc30bf76be4be5ad55d199692b84423ba6f554f17d915', '01b51e4811f3fff47eb19a5fb9e91fedc647d034e8f48684eec2185614580d60', '10a3dc4960c789790700b9e0639a0fcba99d21cf2578dcac450e92ad84bf3232', '1e3b904e760311dfea9fff5dca1305cec6338ddd9c6f858d8dff7a3b695f9c72', 'dbd0a07ca48064ea9e261871df2ac93c6e78ddca2fdbfac05c4c69538037a4b2', 'dba64bdb861beaf46c33407927bb06497fe58cbbaeee17a9665fdd5ba4a6295b', 'eeed88d25e4d8225b7b06b153c3b0be5179cece763a908e45f639777bd3b6740', '0c377571bc8ee6b5fee1cbea79cdc6a4a10d1bd910a9e3f0b1e570728aa76694', 'a127ce2c29eba220d0d0e35f2cd2c425bcf2b1e1b5cf20e03c899ff569ffcc26', '1d5af2a207290b335879592488ee4615b0217fd568a18776fe906bb5735a9eca', 'b60d7d9e61a4f5a745a2f4781f111e534e662aa2e6391007a10797595eadbca4', '44d479578fdbf72fca7181da8700c9173f9dde06a741773fec459d6ea34a4659', '2eda1a3688a6713007aff08a79da38bab7c52e5fbf59a4336b363b08e0a2b335', '2c17b600038d02630ae4d37dbd21ad34db9d9acf9ca74f8c0e527098e0abc694', '53317fd7fcdf43af8deee134e18931b593dfe839a869d526fb623f17a27226fa']",1548630394876
996,2e69daf0bf407c87ada6fa414dfd8c7231c53ea70f7c363d0aa75af97a2d8b4b,"[-0.12776008248329163, -0.054439809173345566, 0.027580033987760544, 0.01019042357802391, -0.09529410302639008, 0.03988030552864075, -0.06389368325471878, -0.03380822390317917, 0.005119407549500465, -0.17332252860069275, -0.14811810851097107, 0.023533353582024574, -0.00024189148098230362, -0.08028766512870789, 0.09596523642539978, -0.0032758237794041634, -0.01016348134726286, 0.03554239869117737, -0.03154761716723442, -0.034948572516441345, -0.021693384274840355, 0.04195787012577057, 0.013551391661167145, 0.08150731027126312, -0.012603111565113068, 0.08722168207168579, -0.025873927399516106, -0.042128268629312515, -0.00461974274367094, -0.006656011566519737, -0.006433575414121151, -0.04323438182473183, -0.03968992829322815, -0.02217027172446251, -0.015078557655215263, 0.003766926471143961, -0.010503675788640976, -0.04818186163902283, 0.04474660009145737, 0.032211460173130035, 0.017214994877576828, -0.023743582889437675, 0.04770983010530472, 0.041430726647377014, 0.00760681414976716, 0.010479934513568878, 0.07282944023609161, -0.00686000706627965, 0.03660576045513153, 0.010576201602816582]","['f91f71bd4d325ac9ceffc30bf76be4be5ad55d199692b84423ba6f554f17d915', '1d5af2a207290b335879592488ee4615b0217fd568a18776fe906bb5735a9eca', '1d5af2a207290b335879592488ee4615b0217fd568a18776fe906bb5735a9eca', '1d5af2a207290b335879592488ee4615b0217fd568a18776fe906bb5735a9eca', 'f91f71bd4d325ac9ceffc30bf76be4be5ad55d199692b84423ba6f554f17d915', 'f91f71bd4d325ac9ceffc30bf76be4be5ad55d199692b84423ba6f554f17d915']","['f30e7cd6ce9a44c089163111501bb5b9dd6a22d25d2ea57d9a42370f02ee25e3', 'ebe56dbc96be03098637831d6d13914859c1257010d9488125c44d5bf3aaa94e', '633d6f60721c6f64f20dcd3cdad864917fed78a60e302d7800a09e94332c0617', 'f91f71bd4d325ac9ceffc30bf76be4be5ad55d199692b84423ba6f554f17d915', '01b51e4811f3fff47eb19a5fb9e91fedc647d034e8f48684eec2185614580d60', '10a3dc4960c789790700b9e0639a0fcba99d21cf2578dcac450e92ad84bf3232', '1e3b904e760311dfea9fff5dca1305cec6338ddd9c6f858d8dff7a3b695f9c72', 'dbd0a07ca48064ea9e261871df2ac93c6e78ddca2fdbfac05c4c69538037a4b2', 'dba64bdb861beaf46c33407927bb06497fe58cbbaeee17a9665fdd5ba4a6295b', 'eeed88d25e4d8225b7b06b153c3b0be5179cece763a908e45f639777bd3b6740', '0c377571bc8ee6b5fee1cbea79cdc6a4a10d1bd910a9e3f0b1e570728aa76694', 'a127ce2c29eba220d0d0e35f2cd2c425bcf2b1e1b5cf20e03c899ff569ffcc26', '1d5af2a207290b335879592488ee4615b0217fd568a18776fe906bb5735a9eca', 'b60d7d9e61a4f5a745a2f4781f111e534e662aa2e6391007a10797595eadbca4', '44d479578fdbf72fca7181da8700c9173f9dde06a741773fec459d6ea34a4659', '2eda1a3688a6713007aff08a79da38bab7c52e5fbf59a4336b363b08e0a2b335', '2c17b600038d02630ae4d37dbd21ad34db9d9acf9ca74f8c0e527098e0abc694', '53317fd7fcdf43af8deee134e18931b593dfe839a869d526fb623f17a27226fa']",1548630394876
997,2e69daf0bf407c87ada6fa414dfd8c7231c53ea70f7c363d0aa75af97a2d8b4b,"[-0.12776008248329163, -0.054439809173345566, 0.027580033987760544, 0.01019042357802391, -0.09529410302639008, 0.03988030552864075, -0.06389368325471878, -0.03380822390317917, 0.005119407549500465, -0.17332252860069275, -0.14811810851097107, 0.023533353582024574, -0.00024189148098230362, -0.08028766512870789, 0.09596523642539978, -0.0032758237794041634, -0.01016348134726286, 0.03554239869117737, -0.03154761716723442, -0.034948572516441345, -0.021693384274840355, 0.04195787012577057, 0.013551391661167145, 0.08150731027126312, -0.012603111565113068, 0.08722168207168579, -0.025873927399516106, -0.042128268629312515, -0.00461974274367094, -0.006656011566519737, -0.006433575414121151, -0.04323438182473183, -0.03968992829322815, -0.02217027172446251, -0.015078557655215263, 0.003766926471143961, -0.010503675788640976, -0.04818186163902283, 0.04474660009145737, 0.032211460173130035, 0.017214994877576828, -0.023743582889437675, 0.04770983010530472, 0.041430726647377014, 0.00760681414976716, 0.010479934513568878, 0.07282944023609161, -0.00686000706627965, 0.03660576045513153, 0.010576201602816582]","['f91f71bd4d325ac9ceffc30bf76be4be5ad55d199692b84423ba6f554f17d915', '1d5af2a207290b335879592488ee4615b0217fd568a18776fe906bb5735a9eca', '1d5af2a207290b335879592488ee4615b0217fd568a18776fe906bb5735a9eca', '1d5af2a207290b335879592488ee4615b0217fd568a18776fe906bb5735a9eca', 'f91f71bd4d325ac9ceffc30bf76be4be5ad55d199692b84423ba6f554f17d915', 'f91f71bd4d325ac9ceffc30bf76be4be5ad55d199692b84423ba6f554f17d915']","['f30e7cd6ce9a44c089163111501bb5b9dd6a22d25d2ea57d9a42370f02ee25e3', 'ebe56dbc96be03098637831d6d13914859c1257010d9488125c44d5bf3aaa94e', '633d6f60721c6f64f20dcd3cdad864917fed78a60e302d7800a09e94332c0617', 'f91f71bd4d325ac9ceffc30bf76be4be5ad55d199692b84423ba6f554f17d915', '01b51e4811f3fff47eb19a5fb9e91fedc647d034e8f48684eec2185614580d60', '10a3dc4960c789790700b9e0639a0fcba99d21cf2578dcac450e92ad84bf3232', '1e3b904e760311dfea9fff5dca1305cec6338ddd9c6f858d8dff7a3b695f9c72', 'dbd0a07ca48064ea9e261871df2ac93c6e78ddca2fdbfac05c4c69538037a4b2', 'dba64bdb861beaf46c33407927bb06497fe58cbbaeee17a9665fdd5ba4a6295b', 'eeed88d25e4d8225b7b06b153c3b0be5179cece763a908e45f639777bd3b6740', '0c377571bc8ee6b5fee1cbea79cdc6a4a10d1bd910a9e3f0b1e570728aa76694', 'a127ce2c29eba220d0d0e35f2cd2c425bcf2b1e1b5cf20e03c899ff569ffcc26', '1d5af2a207290b335879592488ee4615b0217fd568a18776fe906bb5735a9eca', 'b60d7d9e61a4f5a745a2f4781f111e534e662aa2e6391007a10797595eadbca4', '44d479578fdbf72fca7181da8700c9173f9dde06a741773fec459d6ea34a4659', '2eda1a3688a6713007aff08a79da38bab7c52e5fbf59a4336b363b08e0a2b335', '2c17b600038d02630ae4d37dbd21ad34db9d9acf9ca74f8c0e527098e0abc694', '53317fd7fcdf43af8deee134e18931b593dfe839a869d526fb623f17a27226fa']",1548630394876
998,2e69daf0bf407c87ada6fa414dfd8c7231c53ea70f7c363d0aa75af97a2d8b4b,"[-0.12776008248329163, -0.054439809173345566, 0.027580033987760544, 0.01019042357802391, -0.09529410302639008, 0.03988030552864075, -0.06389368325471878, -0.03380822390317917, 0.005119407549500465, -0.17332252860069275, -0.14811810851097107, 0.023533353582024574, -0.00024189148098230362, -0.08028766512870789, 0.09596523642539978, -0.0032758237794041634, -0.01016348134726286, 0.03554239869117737, -0.03154761716723442, -0.034948572516441345, -0.021693384274840355, 0.04195787012577057, 0.013551391661167145, 0.08150731027126312, -0.012603111565113068, 0.08722168207168579, -0.025873927399516106, -0.042128268629312515, -0.00461974274367094, -0.006656011566519737, -0.006433575414121151, -0.04323438182473183, -0.03968992829322815, -0.02217027172446251, -0.015078557655215263, 0.003766926471143961, -0.010503675788640976, -0.04818186163902283, 0.04474660009145737, 0.032211460173130035, 0.017214994877576828, -0.023743582889437675, 0.04770983010530472, 0.041430726647377014, 0.00760681414976716, 0.010479934513568878, 0.07282944023609161, -0.00686000706627965, 0.03660576045513153, 0.010576201602816582]","['f91f71bd4d325ac9ceffc30bf76be4be5ad55d199692b84423ba6f554f17d915', '1d5af2a207290b335879592488ee4615b0217fd568a18776fe906bb5735a9eca', '1d5af2a207290b335879592488ee4615b0217fd568a18776fe906bb5735a9eca', '1d5af2a207290b335879592488ee4615b0217fd568a18776fe906bb5735a9eca', 'f91f71bd4d325ac9ceffc30bf76be4be5ad55d199692b84423ba6f554f17d915', 'f91f71bd4d325ac9ceffc30bf76be4be5ad55d199692b84423ba6f554f17d915']","['f30e7cd6ce9a44c089163111501bb5b9dd6a22d25d2ea57d9a42370f02ee25e3', 'ebe56dbc96be03098637831d6d13914859c1257010d9488125c44d5bf3aaa94e', '633d6f60721c6f64f20dcd3cdad864917fed78a60e302d7800a09e94332c0617', 'f91f71bd4d325ac9ceffc30bf76be4be5ad55d199692b84423ba6f554f17d915', '01b51e4811f3fff47eb19a5fb9e91fedc647d034e8f48684eec2185614580d60', '10a3dc4960c789790700b9e0639a0fcba99d21cf2578dcac450e92ad84bf3232', '1e3b904e760311dfea9fff5dca1305cec6338ddd9c6f858d8dff7a3b695f9c72', 'dbd0a07ca48064ea9e261871df2ac93c6e78ddca2fdbfac05c4c69538037a4b2', 'dba64bdb861beaf46c33407927bb06497fe58cbbaeee17a9665fdd5ba4a6295b', 'eeed88d25e4d8225b7b06b153c3b0be5179cece763a908e45f639777bd3b6740', '0c377571bc8ee6b5fee1cbea79cdc6a4a10d1bd910a9e3f0b1e570728aa76694', 'a127ce2c29eba220d0d0e35f2cd2c425bcf2b1e1b5cf20e03c899ff569ffcc26', '1d5af2a207290b335879592488ee4615b0217fd568a18776fe906bb5735a9eca', 'b60d7d9e61a4f5a745a2f4781f111e534e662aa2e6391007a10797595eadbca4', '44d479578fdbf72fca7181da8700c9173f9dde06a741773fec459d6ea34a4659', '2eda1a3688a6713007aff08a79da38bab7c52e5fbf59a4336b363b08e0a2b335', '2c17b600038d02630ae4d37dbd21ad34db9d9acf9ca74f8c0e527098e0abc694', '53317fd7fcdf43af8deee134e18931b593dfe839a869d526fb623f17a27226fa']",1548630394876
999,2e69daf0bf407c87ada6fa414dfd8c7231c53ea70f7c363d0aa75af97a2d8b4b,"[-0.12776008248329163, -0.054439809173345566, 0.027580033987760544, 0.01019042357802391, -0.09529410302639008, 0.03988030552864075, -0.06389368325471878, -0.03380822390317917, 0.005119407549500465, -0.17332252860069275, -0.14811810851097107, 0.023533353582024574, -0.00024189148098230362, -0.08028766512870789, 0.09596523642539978, -0.0032758237794041634, -0.01016348134726286, 0.03554239869117737, -0.03154761716723442, -0.034948572516441345, -0.021693384274840355, 0.04195787012577057, 0.013551391661167145, 0.08150731027126312, -0.012603111565113068, 0.08722168207168579, -0.025873927399516106, -0.042128268629312515, -0.00461974274367094, -0.006656011566519737, -0.006433575414121151, -0.04323438182473183, -0.03968992829322815, -0.02217027172446251, -0.015078557655215263, 0.003766926471143961, -0.010503675788640976, -0.04818186163902283, 0.04474660009145737, 0.032211460173130035, 0.017214994877576828, -0.023743582889437675, 0.04770983010530472, 0.041430726647377014, 0.00760681414976716, 0.010479934513568878, 0.07282944023609161, -0.00686000706627965, 0.03660576045513153, 0.010576201602816582]","['f91f71bd4d325ac9ceffc30bf76be4be5ad55d199692b84423ba6f554f17d915', '1d5af2a207290b335879592488ee4615b0217fd568a18776fe906bb5735a9eca', '1d5af2a207290b335879592488ee4615b0217fd568a18776fe906bb5735a9eca', '1d5af2a207290b335879592488ee4615b0217fd568a18776fe906bb5735a9eca', 'f91f71bd4d325ac9ceffc30bf76be4be5ad55d199692b84423ba6f554f17d915', 'f91f71bd4d325ac9ceffc30bf76be4be5ad55d199692b84423ba6f554f17d915']","['f30e7cd6ce9a44c089163111501bb5b9dd6a22d25d2ea57d9a42370f02ee25e3', 'ebe56dbc96be03098637831d6d13914859c1257010d9488125c44d5bf3aaa94e', '633d6f60721c6f64f20dcd3cdad864917fed78a60e302d7800a09e94332c0617', 'f91f71bd4d325ac9ceffc30bf76be4be5ad55d199692b84423ba6f554f17d915', '01b51e4811f3fff47eb19a5fb9e91fedc647d034e8f48684eec2185614580d60', '10a3dc4960c789790700b9e0639a0fcba99d21cf2578dcac450e92ad84bf3232', '1e3b904e760311dfea9fff5dca1305cec6338ddd9c6f858d8dff7a3b695f9c72', 'dbd0a07ca48064ea9e261871df2ac93c6e78ddca2fdbfac05c4c69538037a4b2', 'dba64bdb861beaf46c33407927bb06497fe58cbbaeee17a9665fdd5ba4a6295b', 'eeed88d25e4d8225b7b06b153c3b0be5179cece763a908e45f639777bd3b6740', '0c377571bc8ee6b5fee1cbea79cdc6a4a10d1bd910a9e3f0b1e570728aa76694', 'a127ce2c29eba220d0d0e35f2cd2c425bcf2b1e1b5cf20e03c899ff569ffcc26', '1d5af2a207290b335879592488ee4615b0217fd568a18776fe906bb5735a9eca', 'b60d7d9e61a4f5a745a2f4781f111e534e662aa2e6391007a10797595eadbca4', '44d479578fdbf72fca7181da8700c9173f9dde06a741773fec459d6ea34a4659', '2eda1a3688a6713007aff08a79da38bab7c52e5fbf59a4336b363b08e0a2b335', '2c17b600038d02630ae4d37dbd21ad34db9d9acf9ca74f8c0e527098e0abc694', '53317fd7fcdf43af8deee134e18931b593dfe839a869d526fb623f17a27226fa']",1548630394876
